1695484675.223157,0.23561279475688934,0.3344239592552185,-2.203749418258667
1695484675.2821722,0.2292037159204483,0.3284168541431427,-2.1868581771850586
1695484675.4111242,0.22530785202980042,0.32116302847862244,-2.1614911556243896
1695484675.461361,0.22527480125427246,0.3186454176902771,-2.150718927383423
1695484675.5075119,0.22628344595432281,0.3174508512020111,-2.1491851806640625
1695484675.583492,0.22437050938606262,0.3181629180908203,-2.1488802433013916
1695484675.6510482,0.22315220534801483,0.3196582794189453,-2.147038698196411
1695484675.7150922,0.22424577176570892,0.3237966299057007,-2.1536834239959717
1695484675.7605186,0.22323209047317505,0.32285022735595703,-2.158332109451294
1695484675.8040442,0.21999356150627136,0.32277652621269226,-2.158506155014038
1695484675.848626,0.21707575023174286,0.32362404465675354,-2.1573684215545654
1695484675.889298,0.21543611586093903,0.32511717081069946,-2.1629340648651123
1695484675.9343233,0.21795809268951416,0.32394129037857056,-2.1685619354248047
1695484675.979985,0.22110877931118011,0.3222987949848175,-2.172893524169922
1695484676.0240135,0.22267700731754303,0.32153281569480896,-2.1700963973999023
1695484676.0705304,0.2226775586605072,0.32025474309921265,-2.1582283973693848
1695484676.1151104,0.22224968671798706,0.32077518105506897,-2.155472755432129
1695484676.1546993,0.22044289112091064,0.310654878616333,-2.1305952072143555
1695484676.1991389,0.21921071410179138,0.31115198135375977,-2.1337103843688965
1695484676.242226,0.22034040093421936,0.3129843771457672,-2.1411259174346924
1695484676.2870736,0.22089511156082153,0.3151562809944153,-2.149186849594116
1695484676.333979,0.22023439407348633,0.31606850028038025,-2.1590077877044678
1695484676.3741138,0.21863669157028198,0.316895067691803,-2.1657474040985107
1695484676.4182923,0.21654866635799408,0.3182964324951172,-2.170513153076172
1695484676.4629638,0.21524856984615326,0.31742528080940247,-2.1731319427490234
1695484676.5075793,0.21478460729122162,0.31652534008026123,-2.171558141708374
1695484676.549912,0.2145436555147171,0.31049948930740356,-2.1596267223358154
1695484676.5910132,0.21547488868236542,0.3052094876766205,-2.1523289680480957
1695484676.634071,0.21636666357517242,0.30642667412757874,-2.1518173217773438
1695484676.6750474,0.21782678365707397,0.30748459696769714,-2.1524507999420166
1695484676.7222967,0.22015635669231415,0.30928272008895874,-2.161193609237671
1695484676.7653809,0.2214682400226593,0.31036171317100525,-2.165485382080078
1695484676.8094668,0.22031408548355103,0.30907949805259705,-2.1627697944641113
1695484676.8515048,0.21994498372077942,0.30699658393859863,-2.159456253051758
1695484676.8932037,0.22003702819347382,0.30375030636787415,-2.151596784591675
1695484676.9352343,0.218777596950531,0.3013361394405365,-2.1449291706085205
1695484676.9763143,0.2183552384376526,0.2993816137313843,-2.141869068145752
1695484677.0205116,0.21827833354473114,0.2982715964317322,-2.1409871578216553
1695484677.061553,0.21760734915733337,0.29494255781173706,-2.1368231773376465
1695484677.1062286,0.21645653247833252,0.29360684752464294,-2.1355528831481934
1695484677.1480222,0.21676811575889587,0.29189613461494446,-2.134448766708374
1695484677.191471,0.21660280227661133,0.29017120599746704,-2.1324710845947266
1695484677.2334673,0.2153029888868332,0.2916431128978729,-2.13307785987854
1695484677.2744577,0.21504323184490204,0.2930259108543396,-2.1362698078155518
1695484677.3170578,0.21585586667060852,0.29298779368400574,-2.135291337966919
1695484677.3590899,0.2168540358543396,0.2986085116863251,-2.1375699043273926
1695484677.4032571,0.21895352005958557,0.30395442247390747,-2.144578456878662
1695484677.4443114,0.22085461020469666,0.3070260286331177,-2.148005962371826
1695484677.4859147,0.2225971221923828,0.31016531586647034,-2.152196168899536
1695484677.5274928,0.22334572672843933,0.31338590383529663,-2.1549794673919678
1695484677.5700412,0.22335641086101532,0.31366968154907227,-2.153308153152466
1695484677.6134706,0.2235877960920334,0.31251996755599976,-2.1550133228302
1695484677.6569667,0.22213436663150787,0.31089746952056885,-2.157135009765625
1695484677.6991887,0.2215384989976883,0.30764028429985046,-2.1628708839416504
1695484677.7412162,0.22087937593460083,0.3069887161254883,-2.1647467613220215
1695484677.7830162,0.22035589814186096,0.3072379529476166,-2.1653380393981934
1695484677.8224006,0.22023305296897888,0.3080221116542816,-2.1651504039764404
1695484677.8641474,0.22225317358970642,0.3070064187049866,-2.162299394607544
1695484677.9055288,0.22290389239788055,0.30132851004600525,-2.1439740657806396
1695484677.9471483,0.222346693277359,0.2988761365413666,-2.134751081466675
1695484677.9894094,0.22058671712875366,0.29950082302093506,-2.133971691131592
1695484678.0314894,0.2199048399925232,0.2988305389881134,-2.1379497051239014
1695484678.07546,0.21737827360630035,0.297768235206604,-2.1337013244628906
1695484678.1203363,0.21506181359291077,0.2954068183898926,-2.1339566707611084
1695484678.1498778,0.21324411034584045,0.2937260568141937,-2.137436628341675
1695484678.1799529,0.21183569729328156,0.29312172532081604,-2.1397645473480225
1695484678.2085376,0.21083886921405792,0.29233071208000183,-2.1368961334228516
1695484678.239295,0.21123717725276947,0.29216185212135315,-2.13369083404541
1695484678.2698572,0.2117600440979004,0.29295358061790466,-2.1323001384735107
1695484678.297912,0.21114906668663025,0.294471800327301,-2.1318860054016113
1695484678.3285878,0.21016527712345123,0.2957373261451721,-2.1331207752227783
1695484678.3581553,0.2085372656583786,0.2956424355506897,-2.134443998336792
1695484678.3902128,0.20710068941116333,0.2946781516075134,-2.1354215145111084
1695484678.4234767,0.20705875754356384,0.29399511218070984,-2.1365885734558105
1695484678.458087,0.20703227818012238,0.2928560972213745,-2.1337661743164062
1695484678.4901948,0.20680047571659088,0.2875387966632843,-2.1157007217407227
1695484678.5241845,0.20562182366847992,0.2836965024471283,-2.097726345062256
1695484678.5589552,0.205007866024971,0.27964216470718384,-2.076014518737793
1695484678.5921474,0.20461365580558777,0.2780570983886719,-2.0589640140533447
1695484678.6263223,0.20490214228630066,0.2755669057369232,-2.0432796478271484
1695484678.6589453,0.20493993163108826,0.2745840847492218,-2.034370183944702
1695484678.6921165,0.20503520965576172,0.27713721990585327,-2.037630319595337
1695484678.7269788,0.206773579120636,0.2805640995502472,-2.035388946533203
1695484678.7599368,0.20809230208396912,0.2834060490131378,-2.0317957401275635
1695484678.7932372,0.20822542905807495,0.28414174914360046,-2.0201730728149414
1695484678.82697,0.207099050283432,0.288716197013855,-2.017590284347534
1695484678.860971,0.20646795630455017,0.29348024725914,-2.0200741291046143
1695484678.8925152,0.20570455491542816,0.2944972515106201,-2.0166938304901123
1695484678.925398,0.20487934350967407,0.3008083403110504,-2.037097930908203
1695484678.9620414,0.20491310954093933,0.30429863929748535,-2.05904221534729
1695484678.993272,0.20513194799423218,0.3066723942756653,-2.082050323486328
1695484679.0260222,0.20572581887245178,0.307032972574234,-2.0995187759399414
1695484679.0606704,0.2049984484910965,0.3057779371738434,-2.112171173095703
1695484679.0932727,0.203573539853096,0.30410221219062805,-2.12043833732605
1695484679.1262813,0.20168113708496094,0.30158179998397827,-2.125323534011841
1695484679.1599188,0.20003609359264374,0.29711079597473145,-2.1216471195220947
1695484679.1939962,0.1971920132637024,0.2914462685585022,-2.113520622253418
1695484679.2289753,0.19504086673259735,0.2884112596511841,-2.110264778137207
1695484679.26062,0.19540295004844666,0.28615137934684753,-2.1087076663970947
1695484679.294263,0.19696316123008728,0.2846192717552185,-2.1088271141052246
1695484679.3270752,0.19595523178577423,0.27697789669036865,-2.0875816345214844
1695484679.3670096,0.1942150890827179,0.26967790722846985,-2.066392660140991
1695484679.3972864,0.1936187446117401,0.26442134380340576,-2.0454659461975098
1695484679.4288585,0.19542072713375092,0.260958194732666,-2.0255560874938965
1695484679.4620626,0.19821830093860626,0.25756365060806274,-2.0088236331939697
1695484679.4944756,0.2013314813375473,0.2539907693862915,-1.9953733682632446
1695484679.5285296,0.20433750748634338,0.25227028131484985,-1.9789955615997314
1695484679.5621028,0.20768700540065765,0.2518003582954407,-1.9673079252243042
1695484679.594735,0.21030786633491516,0.2517539858818054,-1.9620946645736694
1695484679.6283226,0.2118251621723175,0.25401923060417175,-1.9624353647232056
1695484679.6629689,0.21206091344356537,0.25710734724998474,-1.9634435176849365
1695484679.695457,0.21236976981163025,0.2597728669643402,-1.9606496095657349
1695484679.7281528,0.2113870233297348,0.2631264626979828,-1.9600077867507935
1695484679.7618706,0.21008120477199554,0.26609182357788086,-1.9590140581130981
1695484679.7959867,0.20810696482658386,0.2705947160720825,-1.961413860321045
1695484679.8285794,0.20403726398944855,0.27537068724632263,-1.9650260210037231
1695484679.863167,0.1987590491771698,0.2799500823020935,-1.9715864658355713
1695484679.896237,0.1938467025756836,0.28302904963493347,-1.978441596031189
1695484679.9299717,0.19032041728496552,0.2829832434654236,-1.9793776273727417
1695484679.9641259,0.18723466992378235,0.2901046872138977,-2.006295680999756
1695484679.9963245,0.18794091045856476,0.2936882972717285,-2.022444725036621
1695484680.0328841,0.19030985236167908,0.2938598096370697,-2.0307514667510986
1695484680.0644333,0.19115054607391357,0.2920779883861542,-2.0331149101257324
1695484680.0972948,0.19030866026878357,0.28727957606315613,-2.024296522140503
1695484680.1308644,0.18945549428462982,0.2821081280708313,-2.0122158527374268
1695484680.1644306,0.18943732976913452,0.277139812707901,-2.0003950595855713
1695484680.1969981,0.19028154015541077,0.2739352881908417,-1.9910000562667847
1695484680.2310498,0.19113610684871674,0.27204784750938416,-1.9823236465454102
1695484680.2642927,0.1927538514137268,0.27185437083244324,-1.9749811887741089
1695484680.2989254,0.19481250643730164,0.27421262860298157,-1.9716334342956543
1695484680.342652,0.19620534777641296,0.276001900434494,-1.9720650911331177
1695484680.386888,0.19729411602020264,0.27706536650657654,-1.9756994247436523
1695484680.4296057,0.1978226900100708,0.280547559261322,-1.988236427307129
