1695486381.7497325,0.30619606375694275,0.36215516924858093,-2.0435760021209717
1695486381.8140883,0.3028932809829712,0.35504281520843506,-2.0264527797698975
1695486381.93373,0.2961956858634949,0.34914299845695496,-1.9948201179504395
1695486381.9632008,0.2982802987098694,0.34840530157089233,-1.9934242963790894
1695486381.9918466,0.2994348406791687,0.34653541445732117,-1.9837770462036133
1695486382.023402,0.3002966046333313,0.34534311294555664,-1.9743311405181885
1695486382.054461,0.3020154535770416,0.34614744782447815,-1.978095293045044
1695486382.0895703,0.3040161728858948,0.3463495969772339,-1.978153109550476
1695486382.123653,0.3037189841270447,0.3452824056148529,-1.9730838537216187
1695486382.1553414,0.3016926050186157,0.34381598234176636,-1.9676927328109741
1695486382.1884964,0.2999799847602844,0.34447258710861206,-1.9701298475265503
1695486382.2216094,0.29852479696273804,0.34731951355934143,-1.9787259101867676
1695486382.256214,0.29871752858161926,0.3486419916152954,-1.996329426765442
1695486382.2919068,0.2989755868911743,0.35059854388237,-2.009871244430542
1695486382.3255093,0.299422949552536,0.3522948622703552,-2.0154829025268555
1695486382.35737,0.3000746965408325,0.3530089855194092,-2.015737771987915
1695486382.391527,0.3004521131515503,0.35198986530303955,-2.009969472885132
1695486382.4283304,0.30029743909835815,0.34889060258865356,-1.9999520778656006
1695486382.460357,0.29970425367355347,0.3458203673362732,-1.9888113737106323
1695486382.4914634,0.29953232407569885,0.343412846326828,-1.980150580406189
1695486382.524687,0.2987435460090637,0.3413580656051636,-1.9692046642303467
1695486382.5582967,0.2979723811149597,0.34049880504608154,-1.9628493785858154
1695486382.592424,0.2968643605709076,0.3391728401184082,-1.957245111465454
1695486382.6255913,0.296489417552948,0.33906984329223633,-1.9572973251342773
1695486382.6594737,0.2969931960105896,0.33829519152641296,-1.957031488418579
1695486382.6917453,0.2977412939071655,0.33693382143974304,-1.9557578563690186
1695486382.72985,0.29858365654945374,0.33655887842178345,-1.9539263248443604
1695486382.7579122,0.2987476885318756,0.33638450503349304,-1.954641580581665
1695486382.7923295,0.2999391555786133,0.33744439482688904,-1.9561691284179688
1695486382.826482,0.30165722966194153,0.338026762008667,-1.9554829597473145
1695486382.8595223,0.30500146746635437,0.3436604142189026,-1.9665900468826294
1695486382.8916183,0.30781853199005127,0.3452960252761841,-1.9659855365753174
1695486382.925213,0.3097858130931854,0.3472221791744232,-1.9666473865509033
1695486382.9603016,0.3112180233001709,0.34855276346206665,-1.967204213142395
1695486382.991387,0.3119025230407715,0.3514293432235718,-1.975939393043518
1695486383.025975,0.31113970279693604,0.3516712486743927,-1.9818105697631836
1695486383.0595503,0.3085891306400299,0.35069605708122253,-1.984437108039856
1695486383.093719,0.3065355122089386,0.35038167238235474,-1.9883331060409546
1695486383.127666,0.3050263226032257,0.3516615629196167,-1.9974879026412964
1695486383.1607544,0.30346670746803284,0.35312512516975403,-2.0038294792175293
1695486383.1937623,0.3033718466758728,0.35492047667503357,-2.0098540782928467
1695486383.2273276,0.3039785921573639,0.3565233051776886,-2.017775774002075
1695486383.2594259,0.30509084463119507,0.357864111661911,-2.024602174758911
1695486383.294546,0.30728694796562195,0.3585570752620697,-2.0304043292999268
1695486383.3274827,0.30936458706855774,0.35879892110824585,-2.032733917236328
1695486383.3616104,0.3101615905761719,0.3586220145225525,-2.0301144123077393
1695486383.3980055,0.3113882839679718,0.35674235224723816,-2.0243959426879883
1695486383.4282782,0.3126792311668396,0.35715222358703613,-2.0226991176605225
1695486383.4610045,0.3137918710708618,0.3566921651363373,-2.0206336975097656
1695486383.4937184,0.3142414689064026,0.3580229878425598,-2.0191757678985596
1695486383.527334,0.3139317035675049,0.35899168252944946,-2.0199830532073975
1695486383.5595028,0.3134220540523529,0.35979413986206055,-2.01908016204834
1695486383.5962963,0.31141331791877747,0.35911688208580017,-2.01823353767395
1695486383.63039,0.3096984326839447,0.35680127143859863,-2.014749765396118
1695486383.6629727,0.3085128664970398,0.35430774092674255,-2.0083930492401123
1695486383.6977975,0.30830496549606323,0.35178160667419434,-2.002032995223999
1695486383.7328453,0.30921128392219543,0.35179442167282104,-2.0015628337860107
1695486383.7643926,0.3100730776786804,0.3531512916088104,-1.9999788999557495
1695486383.7997766,0.3103318512439728,0.3549831509590149,-1.9972633123397827
1695486383.831784,0.30873891711235046,0.3566802442073822,-1.9950071573257446
1695486383.8623896,0.30623501539230347,0.35769155621528625,-1.9963949918746948
1695486383.8995075,0.3039180338382721,0.3588171899318695,-1.997793436050415
1695486383.9317281,0.3024674654006958,0.35976502299308777,-2.0016162395477295
1695486383.963286,0.3022945523262024,0.36134880781173706,-2.004761219024658
1695486383.9994054,0.30193984508514404,0.3630504310131073,-2.006256103515625
1695486384.045918,0.30166512727737427,0.36398831009864807,-2.006701707839966
1695486384.1005225,0.3014275133609772,0.3638084828853607,-2.0063295364379883
1695486384.13807,0.298814058303833,0.36167654395103455,-2.0076372623443604
1695486384.1717558,0.29705774784088135,0.3587704002857208,-2.0113656520843506
1695486384.2048035,0.29611852765083313,0.35727208852767944,-2.0153255462646484
1695486384.2393374,0.2960318922996521,0.3555315136909485,-2.0177295207977295
1695486384.2749133,0.2955160140991211,0.35237401723861694,-2.0129129886627197
1695486384.311981,0.2954823672771454,0.34842410683631897,-2.005877733230591
1695486384.3435073,0.2951856851577759,0.34451988339424133,-1.998566746711731
1695486384.3765557,0.29561668634414673,0.345224529504776,-1.9987452030181885
1695486384.4096017,0.2958824634552002,0.3473946154117584,-1.9995037317276
1695486384.4417653,0.29474949836730957,0.34980860352516174,-2.0000319480895996
1695486384.4723556,0.29488661885261536,0.3518485128879547,-2.001443862915039
1695486384.5018575,0.2959787845611572,0.3531259000301361,-2.001532554626465
1695486384.5354097,0.29636186361312866,0.3541061282157898,-2.0045788288116455
1695486384.5684917,0.2968566417694092,0.3552170693874359,-2.0084869861602783
1695486384.6033618,0.2980612814426422,0.3561963737010956,-2.011204957962036
1695486384.6341004,0.30007052421569824,0.356726735830307,-2.0158896446228027
1695486384.6676764,0.3021930456161499,0.3567931354045868,-2.0190887451171875
1695486384.7009082,0.30453193187713623,0.357450008392334,-2.0227773189544678
1695486384.7355192,0.30733609199523926,0.35762760043144226,-2.0272603034973145
1695486384.7678123,0.3087638020515442,0.3579358756542206,-2.0248241424560547
1695486384.8009775,0.3095432221889496,0.3580428957939148,-2.020538330078125
1695486384.8347878,0.3092448115348816,0.3583848774433136,-2.014354705810547
1695486384.8678575,0.3093442916870117,0.35780245065689087,-2.0088367462158203
1695486384.9029253,0.3086662292480469,0.3575591742992401,-2.004913091659546
1695486384.9344065,0.3079462945461273,0.3547068238258362,-1.9949593544006348
1695486384.9670153,0.3067840039730072,0.3509506583213806,-1.9811497926712036
1695486385.0028372,0.30398038029670715,0.34976109862327576,-1.9753376245498657
1695486385.0349958,0.30027902126312256,0.3513951301574707,-1.9797804355621338
1695486385.068595,0.29749414324760437,0.3539743721485138,-1.986496090888977
1695486385.1038501,0.29509487748146057,0.3560197949409485,-1.9941760301589966
1695486385.1358156,0.294148325920105,0.35770726203918457,-2.001366376876831
1695486385.1681757,0.2932145595550537,0.35861045122146606,-2.00616455078125
1695486385.2028043,0.29389917850494385,0.3592582941055298,-2.00893497467041
1695486385.2363572,0.29576653242111206,0.3597069978713989,-2.017880916595459
1695486385.270776,0.29772332310676575,0.3593290150165558,-2.0270583629608154
1695486385.302909,0.2984544038772583,0.35802796483039856,-2.0299201011657715
1695486385.3381307,0.29896289110183716,0.3553024232387543,-2.030940532684326
1695486385.3687222,0.3003543019294739,0.3530907928943634,-2.0297839641571045
1695486385.4043517,0.30213549733161926,0.3524525761604309,-2.031219244003296
1695486385.4369576,0.30449381470680237,0.3521874248981476,-2.030855417251587
1695486385.4710546,0.30664509534835815,0.3528001606464386,-2.0306224822998047
1695486385.5039213,0.30846694111824036,0.3538631200790405,-2.032458543777466
1695486385.5375342,0.31041502952575684,0.3537793755531311,-2.032703161239624
1695486385.570594,0.31204119324684143,0.35319605469703674,-2.031895160675049
1695486385.618229,0.312536358833313,0.35325443744659424,-2.030954599380493
1695486385.6637223,0.3118513822555542,0.35350075364112854,-2.0278615951538086
1695486385.7064073,0.3118411600589752,0.35599127411842346,-2.0246753692626953
1695486385.7480068,0.31109699606895447,0.3596135377883911,-2.022026777267456
1695486385.7937582,0.30924415588378906,0.36160972714424133,-2.017636299133301
1695486385.8348951,0.3076893389225006,0.3621264398097992,-2.0147864818573
1695486385.8781178,0.306923508644104,0.36207568645477295,-2.0131986141204834
1695486385.9207418,0.3096792697906494,0.3606182336807251,-2.0232315063476562
1695486385.9637158,0.31196457147598267,0.3591139316558838,-2.0326321125030518
1695486386.0077093,0.3164055049419403,0.35718804597854614,-2.0524234771728516
1695486386.0482402,0.3170235753059387,0.3529525399208069,-2.054438352584839
1695486386.091369,0.314342737197876,0.3472357988357544,-2.0499417781829834
1695486386.1334987,0.3109648525714874,0.3434045612812042,-2.0459563732147217
1695486386.1752279,0.3051218092441559,0.3378535211086273,-2.0396392345428467
1695486386.2183614,0.30218589305877686,0.33553701639175415,-2.0407004356384277
1695486386.2626104,0.2991584539413452,0.335464209318161,-2.0412838459014893
1695486386.3071845,0.2983975112438202,0.33665478229522705,-2.0475525856018066
1695486386.349806,0.3014548122882843,0.34025466442108154,-2.059814214706421
1695486386.3913918,0.30546942353248596,0.3419411778450012,-2.0610225200653076
1695486386.4334362,0.3081917464733124,0.34368374943733215,-2.062035083770752
1695486386.4748862,0.30998367071151733,0.34475260972976685,-2.063096046447754
1695486386.5175028,0.31174057722091675,0.3482339084148407,-2.06839656829834
1695486386.5601313,0.31170061230659485,0.34936732053756714,-2.0701546669006348
1695486386.600773,0.3117665946483612,0.3500046133995056,-2.0672383308410645
1695486386.642884,0.3128815293312073,0.3503824472427368,-2.0655949115753174
1695486386.6835606,0.3141977787017822,0.3514072299003601,-2.065824508666992
1695486386.7276409,0.3133283853530884,0.35134223103523254,-2.0645203590393066
1695486386.7694237,0.31095731258392334,0.3520130217075348,-2.055907964706421
1695486386.8137248,0.30141156911849976,0.34899842739105225,-2.0407018661499023
1695486386.8568323,0.2954104542732239,0.3476532995700836,-2.034101724624634
1695486386.896279,0.2899715304374695,0.3449763357639313,-2.0242793560028076
1695486388.2780397,0.3079944849014282,0.32437863945961,-1.9754185676574707
1695486388.3257227,0.3081948161125183,0.3263198137283325,-1.977022647857666
1695486388.3665261,0.3114941716194153,0.3301001489162445,-1.9968252182006836
1695486388.409688,0.3134358823299408,0.3351196348667145,-2.016498565673828
1695486388.4524014,0.31248563528060913,0.34097209572792053,-2.041114330291748
1695486388.4949288,0.30942901968955994,0.3385072946548462,-2.051110029220581
1695486388.5357027,0.3065505027770996,0.3357546031475067,-2.055548906326294
1695486388.5769737,0.3049502670764923,0.3330109417438507,-2.0578174591064453
1695486388.6187694,0.3039395809173584,0.33282822370529175,-2.0590550899505615
1695486388.660417,0.30298882722854614,0.33201509714126587,-2.053985118865967
1695486388.7054002,0.3020956218242645,0.3324066996574402,-2.054368734359741
1695486388.746645,0.3024173378944397,0.33185309171676636,-2.055307626724243
1695486388.7895906,0.3009103536605835,0.33005696535110474,-2.05727219581604
1695486388.8308246,0.30168965458869934,0.32926812767982483,-2.058138608932495
1695486388.8753786,0.2999233901500702,0.3275313973426819,-2.0437846183776855
1695486388.916694,0.2995300889015198,0.3239070177078247,-2.0330111980438232
1695486388.9595256,0.30098646879196167,0.3169702887535095,-2.011232614517212
1695486389.0003986,0.30379757285118103,0.3153376877307892,-1.9938453435897827
1695486389.042276,0.3044282793998718,0.31570348143577576,-1.9788131713867188
1695486389.0843995,0.306131511926651,0.32225117087364197,-1.9668775796890259
1695486389.1286438,0.30530083179473877,0.3281499147415161,-1.9800679683685303
1695486389.1703982,0.30504944920539856,0.3319890797138214,-1.9945626258850098
1695486389.2130253,0.3053625226020813,0.3341537415981293,-2.0081732273101807
1695486389.2556362,0.30328667163848877,0.33683720231056213,-2.0188472270965576
1695486389.295169,0.30185139179229736,0.33466991782188416,-2.022226095199585
1695486389.3397086,0.3031364679336548,0.33297574520111084,-2.028792142868042
1695486389.3827765,0.30475327372550964,0.3328225314617157,-2.0370547771453857
1695486389.4258041,0.3055805563926697,0.33219361305236816,-2.0436012744903564
1695486389.4699159,0.30300700664520264,0.33141589164733887,-2.0399727821350098
1695486389.51207,0.30054178833961487,0.3292209804058075,-2.0346381664276123
1695486389.5559826,0.29527783393859863,0.3206946849822998,-2.0198209285736084
1695486389.5957608,0.29478394985198975,0.3180209994316101,-2.0091795921325684
1695486389.6374922,0.29660966992378235,0.3168359696865082,-2.001879930496216
1695486389.6777818,0.3008253276348114,0.3170776069164276,-2.0021097660064697
1695486389.719344,0.3063535690307617,0.31939005851745605,-2.010159969329834
1695486389.7606635,0.31795451045036316,0.33281487226486206,-2.032053232192993
1695486389.8040366,0.324204683303833,0.340733140707016,-2.045771360397339
1695486389.8441496,0.3271450400352478,0.3445814847946167,-2.055206537246704
1695486389.8878937,0.3270515501499176,0.34772440791130066,-2.0544259548187256
1695486389.9305415,0.3228910267353058,0.343401700258255,-2.0498125553131104
1695486389.972399,0.3166912794113159,0.3395313024520874,-2.0384788513183594
1695486390.012398,0.3125970661640167,0.3377235531806946,-2.0353100299835205
1695486390.0555189,0.3048935830593109,0.3346615135669708,-2.0225589275360107
1695486390.094774,0.30194202065467834,0.3317403197288513,-2.014408588409424
1695486390.136555,0.30076074600219727,0.33148443698883057,-2.0241713523864746
1695486390.178977,0.3025968074798584,0.3318844139575958,-2.0353875160217285
1695486390.2207558,0.30489152669906616,0.3323845863342285,-2.0428576469421387
1695486390.26041,0.3097322881221771,0.33679327368736267,-2.049984931945801
1695486390.302894,0.31323590874671936,0.33957141637802124,-2.0537869930267334
1695486390.3450255,0.316188246011734,0.34040218591690063,-2.0602729320526123
1695486390.3868983,0.31821370124816895,0.34032607078552246,-2.065824508666992
1695486390.4285207,0.31570008397102356,0.3340509533882141,-2.0638973712921143
1695486390.4728549,0.3156473934650421,0.3306187391281128,-2.0597963333129883
1695486390.5145779,0.31261616945266724,0.32740989327430725,-2.045524835586548
1695486390.55498,0.3098822236061096,0.3257468342781067,-2.0327694416046143
1695486390.5847523,0.3076862096786499,0.32462209463119507,-2.014305591583252
1695486390.616328,0.3090120851993561,0.32561999559402466,-2.0030510425567627
1695486390.6448867,0.3109094500541687,0.3264686167240143,-1.9940632581710815
1695486390.6754646,0.31286418437957764,0.3276529908180237,-1.986641764640808
1695486390.705821,0.3156902492046356,0.32961395382881165,-1.9805622100830078
1695486390.735735,0.3171868920326233,0.33303382992744446,-1.9770917892456055
1695486390.7650928,0.3187450170516968,0.33613622188568115,-1.9748101234436035
1695486390.794736,0.31916704773902893,0.3399468958377838,-1.9803575277328491
1695486390.8242736,0.31928935647010803,0.34161651134490967,-1.9799121618270874
1695486390.854811,0.31873565912246704,0.340966135263443,-1.9754315614700317
1695486390.8865356,0.3151337504386902,0.3390316963195801,-1.9644819498062134
1695486390.9218235,0.30790212750434875,0.33702781796455383,-1.958235263824463
1695486390.95286,0.3023932874202728,0.33811211585998535,-1.9651607275009155
1695486390.9883966,0.29724520444869995,0.33625996112823486,-1.9665288925170898
1695486391.0210295,0.29281941056251526,0.33406564593315125,-1.9660050868988037
1695486391.0535915,0.28793367743492126,0.32976585626602173,-1.9603521823883057
1695486391.0887287,0.2846737504005432,0.32584649324417114,-1.9546170234680176
1695486391.1218958,0.28220924735069275,0.3223418593406677,-1.9482016563415527
1695486391.1559498,0.2812240719795227,0.32002589106559753,-1.9466662406921387
1695486391.1896434,0.2806946039199829,0.31816571950912476,-1.941344141960144
1695486391.223669,0.28077808022499084,0.31808510422706604,-1.941190481185913
1695486391.255757,0.28303205966949463,0.3224170207977295,-1.9512457847595215
1695486391.2878923,0.2845917344093323,0.32678329944610596,-1.9650887250900269
1695486391.3234866,0.2881697714328766,0.32993483543395996,-1.9833933115005493
1695486391.3557076,0.2942791283130646,0.33300453424453735,-1.9993067979812622
1695486391.391273,0.29992571473121643,0.3354756236076355,-2.0173275470733643
1695486391.421791,0.3026438057422638,0.3368343114852905,-2.0286190509796143
1695486391.4568925,0.30381935834884644,0.3383408188819885,-2.027721881866455
1695486391.4904177,0.3024839758872986,0.3388544023036957,-2.0255305767059326
1695486391.5239627,0.30171999335289,0.3389304280281067,-2.0203871726989746
1695486391.5574877,0.2997584939002991,0.3390498757362366,-2.01436185836792
1695486391.589826,0.29869985580444336,0.3395995497703552,-2.007704734802246
1695486391.6235843,0.2985783517360687,0.3401651084423065,-2.003504753112793
1695486391.6573713,0.300640732049942,0.33997222781181335,-2.0044476985931396
1695486391.6920254,0.3041374981403351,0.34093788266181946,-2.0081217288970947
1695486391.724101,0.30480632185935974,0.34009772539138794,-2.0022122859954834
1695486391.7587671,0.3068494200706482,0.34025299549102783,-2.0085232257843018
1695486391.7909188,0.3065105080604553,0.34182026982307434,-2.011934518814087
1695486391.8234735,0.30535760521888733,0.34330978989601135,-2.009631395339966
1695486391.857317,0.3036991357803345,0.34280967712402344,-2.0029633045196533
1695486391.8899045,0.30275067687034607,0.3424626886844635,-2.0027916431427
1695486391.9256704,0.303727924823761,0.3421752154827118,-2.0086562633514404
1695486391.9578922,0.30410102009773254,0.3412438929080963,-2.0177419185638428
1695486391.9941385,0.29975205659866333,0.3391318619251251,-2.0123374462127686
1695486392.023655,0.298088401556015,0.33929094672203064,-2.0238211154937744
1695486392.0579922,0.2974185645580292,0.3396083116531372,-2.0325229167938232
1695486392.0932696,0.296008825302124,0.34020090103149414,-2.0313210487365723
1695486392.1257882,0.2943776249885559,0.3397086560726166,-2.024637460708618
1695486392.1596417,0.2928064167499542,0.33900511264801025,-2.015941619873047
1695486392.1938818,0.29210907220840454,0.3387839198112488,-2.007230281829834
1695486392.2254014,0.2941626012325287,0.33874204754829407,-2.0028083324432373
1695486392.2595189,0.29563581943511963,0.33892983198165894,-1.9985350370407104
1695486392.2911506,0.2996020019054413,0.3386372923851013,-2.0052402019500732
1695486392.3276746,0.30370110273361206,0.33868280053138733,-2.0136356353759766
1695486392.360519,0.3068731129169464,0.3390696942806244,-2.0217437744140625
1695486392.394149,0.3098633885383606,0.33981627225875854,-2.028460741043091
1695486392.4286726,0.3119945526123047,0.3405509293079376,-2.033757209777832
1695486392.4622731,0.3095707595348358,0.3415042757987976,-2.026784658432007
1695486392.495299,0.3067757189273834,0.34324389696121216,-2.0175607204437256
1695486392.5263965,0.3032204508781433,0.34285372495651245,-2.002824306488037
1695486392.5625374,0.30311986804008484,0.34411847591400146,-2.0012896060943604
1695486392.5957856,0.30176442861557007,0.3459145426750183,-1.9965543746948242
1695486392.6288505,0.30026307702064514,0.34835490584373474,-1.9947670698165894
1695486392.6613731,0.2985691428184509,0.3492928743362427,-1.9922683238983154
1695486392.6948946,0.29826557636260986,0.34967926144599915,-1.9949073791503906
1695486392.729418,0.29667213559150696,0.34843534231185913,-1.9926930665969849
1695486392.7670336,0.2944193184375763,0.3464207947254181,-1.9907673597335815
1695486392.8077664,0.29437148571014404,0.3450072109699249,-1.9934003353118896
1695486392.8493984,0.296304315328598,0.34387561678886414,-2.0009636878967285
1695486392.8914406,0.29951101541519165,0.34225305914878845,-2.010241985321045
1695486392.9357934,0.29847756028175354,0.34046363830566406,-2.0011610984802246
1695486392.9796643,0.30202338099479675,0.3410756289958954,-2.010129928588867
1695486393.0242748,0.30697986483573914,0.3414967954158783,-2.022308349609375
1695486393.0647662,0.31181296706199646,0.3419477343559265,-2.0359878540039062
1695486393.108023,0.3119354844093323,0.3425898253917694,-2.0440919399261475
1695486393.150562,0.31049567461013794,0.3440544307231903,-2.0427258014678955
1695486393.1926203,0.30936408042907715,0.3442201316356659,-2.044609546661377
1695486393.2349043,0.30789297819137573,0.3419535160064697,-2.045734167098999
1695486393.280629,0.3057754337787628,0.34044817090034485,-2.041107177734375
1695486393.3255162,0.30519017577171326,0.33870363235473633,-2.0391972064971924
1695486393.3687036,0.29673829674720764,0.3346177935600281,-2.0146543979644775
1695486393.4117901,0.298892080783844,0.3341902196407318,-2.016024351119995
1695486393.4524007,0.2988249361515045,0.335603803396225,-2.01214861869812
1695486396.5337,0.06112543120980263,0.055914998054504395,-2.189634323120117
1695486396.6007507,0.05115675553679466,0.05477075278759003,-2.161301851272583
1695486396.6655254,0.049039315432310104,0.05227963626384735,-2.1838924884796143
1695486396.7256246,0.04923781007528305,0.05361469089984894,-2.151731252670288
1695486396.7837102,0.05146627500653267,0.050918906927108765,-2.1014528274536133
1695486396.8288574,0.05579252913594246,0.052154410630464554,-2.077261209487915
1695486396.8734393,0.05883455649018288,0.05537785589694977,-2.068821907043457
1695486396.9168704,0.05482212454080582,0.05883031338453293,-2.077808380126953
1695486396.961,0.0454905666410923,0.0560775026679039,-2.089097499847412
1695486397.0054815,0.038992661982774734,0.052898112684488297,-2.1172595024108887
1695486397.0455282,0.03829066827893257,0.05266422778367996,-2.1202049255371094
1695486397.0897038,0.03328837454319,0.05033927410840988,-2.1329855918884277
1695486397.1302743,0.02669529616832733,0.045546114444732666,-2.156052589416504
1695486397.1748178,0.022854581475257874,0.041662171483039856,-2.170759439468384
1695486397.2179892,0.02528240904211998,0.04309570789337158,-2.194112539291382
1695486397.2625961,0.027674753218889236,0.04393869638442993,-2.197669506072998
1695486397.3057802,0.03134382888674736,0.045315034687519073,-2.192883253097534
1695486397.3468695,0.03151999041438103,0.04698963090777397,-2.17318058013916
1695486397.3935423,0.03045826032757759,0.046570733189582825,-2.1629137992858887
1695486397.4362102,0.028144292533397675,0.04442951828241348,-2.1641101837158203
1695486397.4788027,0.027402043342590332,0.0438404381275177,-2.159574031829834
1695486397.5228722,0.025983870029449463,0.04152218624949455,-2.1589736938476562
1695486397.5627627,0.02684471383690834,0.04074389114975929,-2.1666462421417236
1695486397.6063266,0.02729586884379387,0.03943213075399399,-2.168621301651001
1695486397.6463919,0.029542401432991028,0.040577858686447144,-2.165579080581665
1695486397.6904826,0.0316002182662487,0.03980956971645355,-2.1693637371063232
1695486397.7316606,0.03205567225813866,0.040017202496528625,-2.1731905937194824
1695486397.7737877,0.03199725225567818,0.039377130568027496,-2.174015760421753
1695486397.81484,0.03038596361875534,0.03842131793498993,-2.175579071044922
1695486397.8602045,0.031371984630823135,0.03985556215047836,-2.1724166870117188
1695486397.9013898,0.033817511051893234,0.04127416014671326,-2.165008068084717
1695486397.9467876,0.035851914435625076,0.04265730082988739,-2.1623101234436035
1695486397.988582,0.03757498785853386,0.045091867446899414,-2.1554417610168457
1695486398.0317729,0.03781971335411072,0.04544547200202942,-2.154878854751587
1695486398.075845,0.03888257220387459,0.04742446541786194,-2.1494626998901367
1695486398.117378,0.0406176932156086,0.050546254962682724,-2.131098985671997
1695486398.160473,0.04127878323197365,0.050778958946466446,-2.1316914558410645
1695486398.2040384,0.03881652280688286,0.049287620931863785,-2.138057231903076
1695486398.242608,0.03885388374328613,0.048716649413108826,-2.142359733581543
1695486398.2836115,0.0393168143928051,0.048409152776002884,-2.139085054397583
1695486398.325755,0.03763553500175476,0.04811819642782211,-2.1274383068084717
1695486398.366688,0.03610768914222717,0.047590285539627075,-2.122526168823242
1695486398.4083056,0.034114208072423935,0.04711262136697769,-2.124894618988037
1695486398.4484284,0.032615117728710175,0.046192772686481476,-2.1298890113830566
1695486398.4927418,0.03027089312672615,0.04585850238800049,-2.135403633117676
1695486398.5332093,0.03326825425028801,0.04717068001627922,-2.146698474884033
1695486398.574768,0.03495430201292038,0.04771669581532478,-2.1586954593658447
1695486398.6161005,0.03348883241415024,0.04619506001472473,-2.1715357303619385
1695486398.6587243,0.03492280840873718,0.045118946582078934,-2.192385196685791
1695486398.6998546,0.0389242060482502,0.045911870896816254,-2.199584722518921
1695486398.741706,0.04127945005893707,0.046182334423065186,-2.2132437229156494
1695486398.784814,0.04099667817354202,0.04548589885234833,-2.216780185699463
1695486398.8263836,0.03986264020204544,0.042350903153419495,-2.2036895751953125
1695486398.8661728,0.03868677467107773,0.04327547177672386,-2.2016749382019043
1695486398.906314,0.03752905875444412,0.044475290924310684,-2.192525625228882
1695486398.946324,0.03690045326948166,0.046129610389471054,-2.1937942504882812
1695486398.9904675,0.03509163856506348,0.046862490475177765,-2.205353260040283
1695486399.0317287,0.03526252135634422,0.046404194086790085,-2.214931011199951
1695486399.0727963,0.03588586300611496,0.046527497470378876,-2.2174177169799805
1695486399.112858,0.03503671661019325,0.04511076211929321,-2.222133159637451
1695486399.1564693,0.03569890931248665,0.03934866935014725,-2.240028142929077
1695486399.1852307,0.037239670753479004,0.04298412799835205,-2.2385456562042236
1695486399.2179096,0.03927057236433029,0.047893911600112915,-2.2223756313323975
1695486399.2517269,0.04134510084986687,0.05067924037575722,-2.2003395557403564
1695486399.283779,0.043208714574575424,0.051776349544525146,-2.1846914291381836
1695486399.3203213,0.04232006520032883,0.05131121724843979,-2.1685755252838135
1695486399.3508756,0.04356684535741806,0.05091000348329544,-2.15136981010437
1695486399.3828225,0.043918147683143616,0.05090848356485367,-2.1483254432678223
1695486399.4168732,0.043023910373449326,0.05014209821820259,-2.16064453125
1695486399.4509487,0.04438629001379013,0.051198333501815796,-2.165783405303955
1695486399.4837139,0.045102253556251526,0.05188097059726715,-2.1597657203674316
1695486399.5177805,0.043059319257736206,0.051486872136592865,-2.1473467350006104
1695486399.5528665,0.04008207470178604,0.05025288462638855,-2.1428751945495605
1695486399.5845234,0.03928683325648308,0.04985316842794418,-2.1345102787017822
1695486399.6185665,0.03725126013159752,0.0487135611474514,-2.1321496963500977
1695486399.6526577,0.03594014421105385,0.047548286616802216,-2.130127191543579
1695486399.6849554,0.035346176475286484,0.04627036675810814,-2.1323273181915283
1695486399.7205524,0.03514036908745766,0.04477086663246155,-2.141902208328247
1695486399.7526135,0.03317316994071007,0.04269009456038475,-2.1564691066741943
1695486399.7846646,0.03208409994840622,0.04160226136445999,-2.1768360137939453
1695486399.8202627,0.03225806728005409,0.041719548404216766,-2.205281972885132
1695486399.8517923,0.03512151166796684,0.043496906757354736,-2.220839262008667
1695486399.8853679,0.038197241723537445,0.04529206082224846,-2.2357988357543945
1695486399.9172823,0.0396045483648777,0.0458509661257267,-2.2461421489715576
1695486399.954519,0.04029258340597153,0.04539525508880615,-2.2592813968658447
1695486399.9865894,0.04004896432161331,0.0445343479514122,-2.271207809448242
1695486400.0196998,0.041079796850681305,0.04463137313723564,-2.276881456375122
1695486400.0527604,0.03903833031654358,0.044942084699869156,-2.266956090927124
1695486400.0853236,0.03771617263555527,0.0453648678958416,-2.246877670288086
1695486400.1195438,0.03836864233016968,0.04474572092294693,-2.220362663269043
1695486400.153103,0.0407671295106411,0.04501679912209511,-2.1938579082489014
1695486400.186817,0.04296069219708443,0.04586872458457947,-2.172351121902466
1695486400.2208161,0.041634511202573776,0.04699362814426422,-2.1504323482513428
1695486400.2528493,0.041547778993844986,0.048029858618974686,-2.1325652599334717
1695486400.2853909,0.04286383092403412,0.04866392910480499,-2.1252658367156982
1695486400.3217928,0.043260566890239716,0.0480295792222023,-2.119466543197632
1695486400.3548803,0.04280133917927742,0.046592358499765396,-2.1192402839660645
1695486400.3869648,0.04228029027581215,0.04572407528758049,-2.1193623542785645
1695486400.4205523,0.04278146103024483,0.046093277633190155,-2.1227571964263916
1695486400.4552574,0.043341264128685,0.04595417156815529,-2.1370975971221924
1695486400.4868107,0.045459769666194916,0.04677103832364082,-2.1462831497192383
1695486400.5216346,0.045922573655843735,0.04664897173643112,-2.1592843532562256
1695486400.5551698,0.04528055340051651,0.04656854271888733,-2.1780149936676025
1695486400.5867515,0.04527491703629494,0.047986485064029694,-2.1855010986328125
1695486400.6219869,0.04532911255955696,0.049317531287670135,-2.1818959712982178
1695486400.6555064,0.045428164303302765,0.049726638942956924,-2.1740667819976807
1695486400.6866963,0.04542709141969681,0.04968181252479553,-2.173635959625244
1695486400.7243228,0.04492359235882759,0.04885632544755936,-2.1699447631835938
1695486400.7558775,0.04446704685688019,0.048716798424720764,-2.167912006378174
1695486400.7909865,0.04321114346385002,0.04877129942178726,-2.1707422733306885
1695486400.822507,0.04024633392691612,0.047228313982486725,-2.179809093475342
1695486400.8550372,0.038070790469646454,0.045478589832782745,-2.1957082748413086
1695486400.8880997,0.03598163276910782,0.04314729571342468,-2.2144696712493896
1695486400.9231281,0.03469950333237648,0.04197363182902336,-2.2269039154052734
1695486400.9556487,0.03452369570732117,0.04141863435506821,-2.226048469543457
1695486401.004457,0.03656911477446556,0.04208841919898987,-2.2183971405029297
1695486401.0463464,0.04098355770111084,0.04388810694217682,-2.2083911895751953
1695486401.0881953,0.043204713612794876,0.0455276295542717,-2.1926498413085938
1695486401.1282592,0.046332646161317825,0.05315393581986427,-2.1557517051696777
1695486401.1704137,0.04724717512726784,0.05654919892549515,-2.1452064514160156
1695486401.202962,0.04555351659655571,0.05699586868286133,-2.151646375656128
1695486401.2345366,0.04297865182161331,0.05550552159547806,-2.1755926609039307
1695486401.2646365,0.043042611330747604,0.05582167208194733,-2.18460750579834
1695486401.295673,0.04448777809739113,0.05692572146654129,-2.1835856437683105
1695486401.3247283,0.04698069021105766,0.057807013392448425,-2.185964345932007
1695486401.3583083,0.0495944619178772,0.057964541018009186,-2.1806702613830566
1695486401.3907907,0.0528307668864727,0.05890386551618576,-2.1742050647735596
1695486401.4243147,0.05579284578561783,0.06050702556967735,-2.1686298847198486
1695486401.4588466,0.05887005478143692,0.0622553825378418,-2.169963836669922
1695486401.4927866,0.060911957174539566,0.06287763267755508,-2.1803035736083984
1695486401.5248156,0.06197516247630119,0.06303269416093826,-2.1864144802093506
1695486401.5604203,0.061168551445007324,0.0620432086288929,-2.1938977241516113
1695486401.5918534,0.06064966693520546,0.06113870069384575,-2.195833921432495
1695486401.625407,0.05926629900932312,0.06187627837061882,-2.190605401992798
1695486401.6604383,0.05651125684380531,0.06307538598775864,-2.1857032775878906
1695486401.693533,0.05388179048895836,0.06424315273761749,-2.1777262687683105
1695486401.7270691,0.05063260719180107,0.06481674313545227,-2.1725924015045166
1695486401.7596133,0.04747026041150093,0.06437494605779648,-2.1726503372192383
1695486402.998364,0.14040419459342957,-0.02247387170791626,-2.487468957901001
1695486403.0444627,0.7337918877601624,-0.04649592190980911,-2.7336034774780273
1695486403.091722,1.027493953704834,-0.039609409868717194,-2.6033480167388916
1695486403.1397715,1.286526083946228,-0.00883738324046135,-2.407402515411377
1695486403.1848924,1.3335272073745728,0.01307232491672039,-2.297053813934326
1695486403.2326534,1.332511067390442,0.018117079511284828,-2.2152109146118164
1695486403.2780285,1.3116165399551392,0.03231773152947426,-2.1387667655944824
1695486403.3236759,1.298384666442871,0.02663865126669407,-2.156224012374878
1695486403.3697038,1.27859628200531,0.02625153586268425,-2.154254674911499
1695486403.4145823,1.27349853515625,0.02337048202753067,-2.182638168334961
1695486403.458667,1.2677052021026611,0.02012818679213524,-2.203047275543213
1695486403.5058162,1.2621368169784546,0.018337342888116837,-2.213085651397705
1695486403.5488627,1.2553561925888062,0.018920740112662315,-2.2477121353149414
1695486403.5935476,1.2522979974746704,0.020306339487433434,-2.291829824447632
1695486403.636746,1.249623417854309,0.025222765281796455,-2.3814074993133545
1695486403.6799116,1.2403998374938965,0.027672363445162773,-2.45251202583313
1695486403.7230794,1.230331540107727,0.028905056416988373,-2.5102007389068604
1695486403.7651649,1.2205390930175781,0.029381636530160904,-2.5583138465881348
1695486403.808794,1.2091481685638428,0.028804462403059006,-2.6276345252990723
1695486403.851008,1.200256586074829,0.02844076417386532,-2.6536917686462402
1695486403.887542,1.2543460130691528,0.02582654170691967,-2.435208320617676
1695486403.9312425,1.2992987632751465,0.02849700301885605,-2.317453384399414
1695486403.9758162,1.3367797136306763,0.03526020050048828,-2.1974570751190186
1695486404.0168636,1.3390507698059082,0.03998499736189842,-2.119858980178833
1695486404.0595944,1.3331440687179565,0.04258635640144348,-2.063675880432129
1695486404.0996952,1.3253196477890015,0.04394075646996498,-2.023798942565918
1695486404.1417382,1.3126304149627686,0.045301880687475204,-1.9752776622772217
1695486404.1828256,1.274278163909912,0.05850715935230255,-1.9549102783203125
1695486404.2257333,1.2467066049575806,0.0738958865404129,-1.9541897773742676
1695486404.2677746,1.2228970527648926,0.08839890360832214,-1.9442338943481445
1695486404.3079195,0.7800244688987732,-0.029486317187547684,-1.7955422401428223
1695486404.3528044,0.47785407304763794,-0.06655912846326828,-1.9303858280181885
1695486404.3966277,0.3318365514278412,-0.06692716479301453,-2.127765417098999
1695486404.4407501,0.3703078627586365,-0.1146516501903534,-2.215784788131714
1695486404.480902,0.3550289273262024,-0.07065093517303467,-2.192678928375244
1695486404.5244558,0.30875322222709656,-0.02667400799691677,-2.2057554721832275
1695486404.5668178,0.2692345976829529,0.0037865322083234787,-2.2326385974884033
1695486404.6084747,0.23774182796478271,0.024358393624424934,-2.315810203552246
1695486404.6515765,0.22720621526241302,0.012277149595320225,-2.315326690673828
1695486404.6931524,0.21977849304676056,0.0006905226036906242,-2.3112189769744873
1695486404.7337108,0.21650430560112,-0.010298599489033222,-2.302623987197876
1695486404.774771,0.21832537651062012,-0.02732861414551735,-2.3238446712493896
1695486404.8163483,0.2163102775812149,-0.03858279436826706,-2.300875425338745
1695486404.8594916,0.21240946650505066,-0.04787849262356758,-2.2773869037628174
1695486404.9030614,0.20968234539031982,-0.054993387311697006,-2.2645702362060547
1695486404.943653,0.20736774802207947,-0.06605563312768936,-2.2575230598449707
1695486404.9867353,0.2069673091173172,-0.06998981535434723,-2.235084056854248
1695486405.0279698,0.20965012907981873,-0.07293706387281418,-2.2094058990478516
1695486405.0718434,0.21258100867271423,-0.07439510524272919,-2.18241024017334
1695486405.1125617,0.2171066403388977,-0.07784572243690491,-2.152449369430542
1695486405.1547115,0.22305580973625183,-0.07817220687866211,-2.1347780227661133
1695486405.1948075,0.22603002190589905,-0.08653534948825836,-2.1377131938934326
1695486405.2348375,0.2283635139465332,-0.09464205801486969,-2.138749122619629
1695486405.2754178,0.2278117537498474,-0.10393330454826355,-2.1319472789764404
1695486405.316896,0.2251601368188858,-0.10261201858520508,-2.1271207332611084
1695486405.3579795,0.22107888758182526,-0.10237900912761688,-2.126563310623169
1695486405.3988178,0.21862874925136566,-0.1020127385854721,-2.122474431991577
1695486405.4408953,0.21952444314956665,-0.10088753700256348,-2.120238780975342
1695486405.4825456,0.229988232254982,-0.09284690022468567,-2.118546962738037
1695486405.5226939,0.24066005647182465,-0.0810185894370079,-2.1210122108459473
1695486405.5638297,0.24992717802524567,-0.07180266082286835,-2.128448486328125
1695486405.6044688,0.2545139789581299,-0.06913994252681732,-2.129845142364502
1695486405.6447737,0.2673678696155548,-0.07974326610565186,-2.135873794555664
1695486405.685249,0.2767276465892792,-0.07515835762023926,-2.1315255165100098
1695486405.7283812,0.2819081246852875,-0.0644615963101387,-2.117220163345337
1695486405.7719831,0.28568461537361145,-0.05235879868268967,-2.1100385189056396
1695486405.814115,0.29552000761032104,-0.03401622921228409,-2.101951837539673
1695486405.8565125,0.30520617961883545,-0.01891755871474743,-2.095057249069214
1695486405.896405,0.3113034665584564,-0.007809160742908716,-2.092474937438965
1695486405.939484,0.31801140308380127,0.0036335978657007217,-2.088656425476074
1695486405.9782636,0.32684004306793213,0.027690274640917778,-2.0732595920562744
1695486406.0219889,0.328123539686203,0.04126898571848869,-2.06803822517395
1695486406.0627022,0.3268705904483795,0.0534190833568573,-2.0696091651916504
1695486406.105888,0.32537704706192017,0.06171830743551254,-2.07668137550354
1695486406.1459155,0.31890010833740234,0.0870676264166832,-2.071310043334961
1695486406.1859593,0.27982038259506226,0.09403390437364578,-2.1675772666931152
1695486406.2285712,0.30194124579429626,0.0947871282696724,-2.371955633163452
1695486406.270866,0.3885610103607178,0.08676911145448685,-2.5414154529571533
1695486406.3116276,0.5166215300559998,0.09804897010326385,-2.658320903778076
1695486406.3543599,1.0234428644180298,0.2373790591955185,-2.772655487060547
1695486406.39488,1.28047776222229,0.3342150151729584,-2.579979419708252
1695486406.4350004,1.3840323686599731,0.3848273754119873,-2.3239762783050537
1695486406.4770703,1.3998205661773682,0.4008249044418335,-2.129573345184326
1695486406.5200388,1.3729655742645264,0.4041420817375183,-1.9104084968566895
1695486406.5615933,1.3646013736724854,0.39787936210632324,-1.8992140293121338
1695486406.6031775,1.364705204963684,0.3946305811405182,-1.8995121717453003
1695486406.6438658,1.3667240142822266,0.38928595185279846,-1.9014161825180054
1695486406.6829343,1.357925534248352,0.38314998149871826,-1.8647193908691406
1695486406.7246287,1.3774548768997192,0.3728668987751007,-1.9009724855422974
1695486406.7646651,1.3943175077438354,0.3659403622150421,-1.9288125038146973
1695486406.7952025,1.409571647644043,0.36150723695755005,-1.9514453411102295
1695486406.8249774,1.4066684246063232,0.3612152338027954,-2.0063469409942627
1695486406.854665,1.4025729894638062,0.36214280128479004,-2.0689873695373535
1695486406.883181,1.3965742588043213,0.3636055886745453,-2.1349291801452637
1695486406.9118195,1.3876254558563232,0.36525359749794006,-2.200324535369873
1695486406.94353,1.3758788108825684,0.3669688105583191,-2.261890411376953
1695486406.9776306,1.3627852201461792,0.3686894178390503,-2.3168153762817383
1695486407.0103834,1.2000619173049927,0.30817148089408875,-2.522183895111084
1695486407.0449312,0.9422224164009094,0.2356138825416565,-2.635394811630249
1695486407.0795245,0.6783736944198608,0.17215751111507416,-2.6287901401519775
1695486407.1109166,0.4410661458969116,0.12120070308446884,-2.4568979740142822
1695486407.143709,0.3532128930091858,0.08443188667297363,-2.255211353302002
1695486407.1782873,0.35561540722846985,0.06234116107225418,-2.088841438293457
1695486407.2108395,0.39493995904922485,0.04930756613612175,-1.9770606756210327
1695486407.2464604,0.4393872916698456,0.04329301789402962,-1.9021244049072266
1695486407.2787337,0.47749170660972595,0.04161474108695984,-1.8605512380599976
1695486407.313343,0.4996015429496765,0.04205138981342316,-1.833160161972046
1695486407.3449082,0.5101029872894287,0.04523300752043724,-1.8157875537872314
1695486407.3809576,0.5107150673866272,0.04945795610547066,-1.8078042268753052
1695486407.41303,0.5043191909790039,0.053969208151102066,-1.8075954914093018
1695486407.4464352,0.4930454194545746,0.05681739002466202,-1.8162747621536255
1695486407.480476,0.4799451231956482,0.058482877910137177,-1.8285489082336426
1695486407.5125084,0.4657990336418152,0.060304366052150726,-1.841626763343811
1695486407.5447605,0.45329612493515015,0.0629478245973587,-1.8544645309448242
1695486407.5811284,0.44049543142318726,0.06495080888271332,-1.8692463636398315
1695486407.6121695,0.42802220582962036,0.06649570167064667,-1.8854074478149414
1695486407.6468031,0.41663774847984314,0.06719643622636795,-1.9018185138702393
1695486407.6808522,0.40736350417137146,0.068397156894207,-1.9196319580078125
1695486407.7135012,0.39952394366264343,0.07047149538993835,-1.935597538948059
1695486407.7466273,0.3940269351005554,0.07263096421957016,-1.9493608474731445
1695486407.778376,0.3894382417201996,0.07462301850318909,-1.9611892700195312
1695486407.8124518,0.38527151942253113,0.07669124007225037,-1.968860149383545
1695486407.8530822,0.38047388195991516,0.07932692021131516,-1.976223349571228
1695486407.8826444,0.3757628798484802,0.08159127831459045,-1.9825491905212402
1695486407.9137328,0.3681596517562866,0.0807410255074501,-1.9873038530349731
1695486407.946813,0.3591783046722412,0.07883119583129883,-1.9898667335510254
1695486407.9817636,0.35398584604263306,0.07700026780366898,-1.9919929504394531
1695486408.0138433,0.3522370755672455,0.07529443502426147,-1.9912583827972412
1695486408.0478904,0.35096582770347595,0.07345732301473618,-1.9906245470046997
1695486408.0805745,0.3503565192222595,0.07207497209310532,-1.9903185367584229
1695486408.1148512,0.34982261061668396,0.07037292420864105,-1.989663004875183
1695486408.1494336,0.35733065009117126,0.06072836369276047,-1.9930001497268677
1695486408.1830733,0.35526353120803833,0.06144680827856064,-1.9916329383850098
1695486408.2151754,0.3528853952884674,0.06288763880729675,-1.9885869026184082
1695486409.7975438,0.345548152923584,0.1054072380065918,-1.9717726707458496
1695486409.8446844,0.3442639112472534,0.10721991956233978,-1.9796764850616455
1695486409.8915381,0.34626299142837524,0.09236472100019455,-1.9852287769317627
1695486409.9395254,0.35357144474983215,0.08775284141302109,-1.9895886182785034
1695486409.9826615,0.3601561486721039,0.08650889247655869,-1.9930293560028076
1695486410.0262349,0.3585927486419678,0.08124244213104248,-2.011747121810913
1695486410.073796,0.3592686951160431,0.07162075489759445,-2.027177572250366
1695486410.1168907,0.3551783263683319,0.0717657208442688,-2.0236880779266357
1695486410.1610024,0.3593812584877014,0.05509540066123009,-2.022231101989746
1695486410.2051754,0.3599643111228943,0.04488746076822281,-2.020961046218872
1695486410.2452168,0.3646353781223297,0.03730805963277817,-2.0208754539489746
1695486410.28943,0.35891762375831604,0.046296052634716034,-2.013348340988159
1695486410.3305166,0.36406537890434265,0.04138848930597305,-2.0120317935943604
1695486410.374575,0.35905972123146057,0.05407390743494034,-2.0068576335906982
1695486410.4162822,0.35950252413749695,0.05769715458154678,-2.0059573650360107
1695486410.4583123,0.36194273829460144,0.05637264624238014,-2.0077102184295654
1695486410.5053906,0.36152100563049316,0.05543200671672821,-2.0226383209228516
1695486410.549939,0.3608582019805908,0.05330180376768112,-2.031891345977783
1695486410.59261,0.3570479452610016,0.052476916462183,-2.0391385555267334
1695486410.6349025,0.35443398356437683,0.054878659546375275,-2.0457584857940674
1695486410.6779702,0.3555932641029358,0.05908706784248352,-2.0210254192352295
1695486410.7205856,0.3626137375831604,0.05596133694052696,-2.0080482959747314
1695486410.7618983,0.3724852502346039,0.0515434704720974,-1.995773434638977
1695486410.8058677,0.3712983727455139,0.04748767614364624,-1.9990137815475464
1695486410.8464994,0.36794617772102356,0.05476628243923187,-1.9949663877487183
1695486410.888687,0.36466073989868164,0.061020541936159134,-1.9862104654312134
1695486410.9312558,0.3803185820579529,0.07996141910552979,-1.9800413846969604
1695486410.9739575,0.36967217922210693,0.08102044463157654,-1.9863243103027344
1695486411.01576,0.3630443215370178,0.08596266806125641,-1.9944615364074707
1695486411.056837,0.3500669002532959,0.08259210735559464,-2.017129898071289
1695486411.0985286,0.3506690561771393,0.0902446061372757,-2.046243667602539
1695486411.1420755,0.36163419485092163,0.06891927123069763,-2.0573294162750244
1695486411.1861749,0.37111636996269226,0.0534522607922554,-2.065718412399292
1695486411.2267456,0.3792908787727356,0.046101778745651245,-2.0707530975341797
1695486411.2677262,0.38860994577407837,0.03990020975470543,-2.0758256912231445
1695486411.309792,0.37950408458709717,0.04274632781744003,-2.0722815990448
1695486411.3514102,0.3735044300556183,0.0444057434797287,-2.0681774616241455
1695486411.3944964,0.3664317727088928,0.04485217109322548,-2.062582492828369
1695486411.436021,0.34380143880844116,0.05570358783006668,-2.070798635482788
1695486411.4797091,0.33985379338264465,0.06360234320163727,-2.0781774520874023
1695486411.5258808,0.33928486704826355,0.06716681271791458,-2.079251527786255
1695486411.567538,0.3445681631565094,0.07316689193248749,-2.0464746952056885
1695486411.608688,0.3501880168914795,0.07618605345487595,-2.024700880050659
1695486411.6513371,0.350679874420166,0.07919936627149582,-2.0102851390838623
1695486411.6943696,0.35407358407974243,0.07900439947843552,-2.0023393630981445
1695486411.7363997,0.36442244052886963,0.08646295964717865,-1.9974197149276733
1695486411.7774527,0.3677998185157776,0.08918723464012146,-2.0150394439697266
1695486411.8197324,0.36383256316185,0.08390039950609207,-2.0114035606384277
1695486411.8607388,0.3631039261817932,0.08252879977226257,-2.0243146419525146
1695486411.9027216,0.36201444268226624,0.08704395592212677,-2.052686929702759
1695486411.944903,0.3631872236728668,0.08129502832889557,-2.0386006832122803
1695486411.9876497,0.3614220917224884,0.08019755035638809,-2.0277228355407715
1695486412.0277498,0.361878901720047,0.06759120523929596,-2.0271542072296143
1695486412.0708387,0.37712085247039795,0.046309784054756165,-2.0295310020446777
1695486412.1116955,0.36712464690208435,0.05528458580374718,-2.0226354598999023
1695486412.1540236,0.3618597090244293,0.06434941291809082,-2.034721612930298
1695486412.1930773,0.35707831382751465,0.06617660075426102,-2.0488548278808594
1695486412.234761,0.3552842140197754,0.06861220300197601,-2.0312459468841553
1695486412.2783918,0.35595545172691345,0.06774181872606277,-2.0292036533355713
1695486412.3204963,0.3556162118911743,0.06614188104867935,-2.036820650100708
1695486412.360939,0.35493263602256775,0.06437183916568756,-2.0485315322875977
1695486412.40363,0.3512198328971863,0.06211685389280319,-2.068873643875122
1695486412.445236,0.3485385775566101,0.06547550857067108,-2.086160659790039
1695486412.485287,0.34696683287620544,0.0659552663564682,-2.0732715129852295
1695486412.5288725,0.35164356231689453,0.0733841136097908,-2.0625903606414795
1695486412.5728202,0.3760862648487091,0.0887598842382431,-2.0448668003082275
1695486412.6114614,0.3940812945365906,0.09550603479146957,-2.02878737449646
1695486412.655488,0.4079039394855499,0.10098947584629059,-2.0199615955352783
1695486412.6955318,0.4345802366733551,0.08055896311998367,-2.002218723297119
1695486412.7365916,0.46040254831314087,0.051815230399370193,-1.9847511053085327
1695486412.7810614,0.4696710407733917,0.037040308117866516,-1.973017930984497
1695486412.8236887,0.4764927327632904,0.030891053378582,-1.9661505222320557
1695486412.863283,0.476671427488327,0.027288038283586502,-1.9573882818222046
1695486412.9049945,0.432961106300354,0.04227832704782486,-1.943840742111206
1695486412.947514,0.4119414687156677,0.0633089616894722,-1.9500759840011597
1695486412.9907355,0.38894397020339966,0.07734754681587219,-1.9597059488296509
1695486413.0299957,0.3773016929626465,0.09013146907091141,-1.9725075960159302
1695486413.0746264,0.3500639796257019,0.0852547138929367,-2.0103774070739746
1695486413.1148133,0.3609192371368408,0.0714917927980423,-2.0297958850860596
1695486413.157873,0.37129461765289307,0.061313446611166,-2.049520492553711
1695486413.1864746,0.37580373883247375,0.05215689167380333,-2.061941385269165
1695486413.214593,0.37709546089172363,0.04879685118794441,-2.0730936527252197
1695486413.2441988,0.36929360032081604,0.05260743573307991,-2.061354637145996
1695486413.2737696,0.36591047048568726,0.06160791218280792,-2.0501880645751953
1695486413.3033116,0.3725355267524719,0.05681251361966133,-2.03485369682312
1695486413.3328586,0.380282461643219,0.05400582030415535,-2.0267140865325928
1695486413.3667197,0.373965322971344,0.05979152396321297,-2.0167505741119385
1695486413.400361,0.3693767189979553,0.06880100071430206,-2.011981964111328
1695486413.4349399,0.3685005009174347,0.0763273686170578,-2.0087897777557373
1695486413.468778,0.37031951546669006,0.08071987330913544,-2.019352674484253
1695486413.5005302,0.3687084913253784,0.08525801450014114,-2.022050619125366
1695486413.5354977,0.3699910640716553,0.07557235658168793,-2.02789306640625
1695486413.5680199,0.37432730197906494,0.06875745952129364,-2.0363335609436035
1695486413.601596,0.3759610056877136,0.06492574512958527,-2.037806749343872
1695486413.6336908,0.37528669834136963,0.06150501221418381,-2.0385704040527344
1695486413.6667862,0.3760247230529785,0.06029123440384865,-2.049072027206421
1695486413.702847,0.3711051344871521,0.062041930854320526,-2.0343010425567627
1695486413.7353702,0.36899814009666443,0.06280781328678131,-2.0087008476257324
1695486413.7679086,0.36646997928619385,0.05952569469809532,-2.0025174617767334
1695486413.8028173,0.3652995526790619,0.0603010356426239,-2.003103494644165
1695486413.8338768,0.36550477147102356,0.06240224838256836,-2.015512466430664
1695486413.8684435,0.3613629937171936,0.06705371290445328,-2.016291379928589
1695486413.9011617,0.35771891474723816,0.07047300785779953,-2.009070634841919
1695486413.934699,0.3546827733516693,0.07372777163982391,-2.0019729137420654
1695486413.9688563,0.34956395626068115,0.07719451189041138,-1.9939073324203491
1695486414.0019352,0.3522566854953766,0.07683451473712921,-1.9948630332946777
1695486414.0361156,0.34535759687423706,0.07930593192577362,-1.9907459020614624
1695486414.0686622,0.34368354082107544,0.07946538180112839,-1.987788200378418
1695486414.1038167,0.34692931175231934,0.08287733793258667,-2.0015451908111572
1695486414.1347237,0.3490925431251526,0.07997874170541763,-2.009445905685425
1695486414.1686876,0.35734012722969055,0.06999470293521881,-2.012178897857666
1695486414.202985,0.37562036514282227,0.05295300856232643,-2.014700174331665
1695486414.235115,0.37079548835754395,0.05997810512781143,-2.0161807537078857
1695486414.2712271,0.37404608726501465,0.05409214273095131,-2.0182547569274902
1695486414.3013027,0.38052740693092346,0.05030234158039093,-2.0277833938598633
1695486414.3366153,0.38067564368247986,0.04530247300863266,-2.030454158782959
1695486414.369689,0.37842026352882385,0.03529858961701393,-2.041430711746216
1695486414.4038312,0.3740897476673126,0.023221243172883987,-2.054008960723877
1695486414.4345467,0.37115755677223206,0.021801702678203583,-2.0577287673950195
1695486414.4696925,0.3716053366661072,0.0219142846763134,-2.0677549839019775
1695486414.503346,0.37206199765205383,0.01810353621840477,-2.072938919067383
1695486414.5364933,0.369457870721817,0.014445808716118336,-2.073662281036377
1695486414.5696945,0.3730800449848175,0.011148866266012192,-2.070978879928589
1695486414.6023765,0.3676719665527344,0.02927461639046669,-2.0433924198150635
1695486414.6376953,0.3636735677719116,0.043763089925050735,-2.0167853832244873
1695486414.669799,0.36043548583984375,0.054835185408592224,-1.994094967842102
1695486414.7054052,0.3582957088947296,0.06332211941480637,-1.9788315296173096
1695486414.7379627,0.35705772042274475,0.07020335644483566,-1.970240831375122
1695486414.7705338,0.353868693113327,0.07455820590257645,-1.9654403924942017
1695486414.8056016,0.35188814997673035,0.07715928554534912,-1.9614781141281128
1695486414.8369362,0.350189208984375,0.07644044607877731,-1.961221694946289
1695486414.8715081,0.3476269841194153,0.07408923655748367,-1.9625213146209717
Distance top: 0.29634702
Distance right: 0.32983804
Center: [0.3684016  0.05074675]
metaphor: pull
guidance_approach: two_tactor
intensity: zone
layout: vertical
Target location: [0.04502351 0.1091105 ]
Theta: 78.64169334989387
1695486420.6828916,0.3501513600349426,0.07066629827022552,-1.9923880100250244
1695486420.7515497,0.36890503764152527,0.06790851056575775,-2.0109715461730957
1695486420.8185723,0.5435996055603027,-0.2250417172908783,-2.273191213607788
1695486420.8796256,0.3796301782131195,-0.0017701610922813416,-1.9916443824768066
1695486420.9742296,0.3633044958114624,0.04920506104826927,-1.9825280904769897
1695486421.0189314,0.35649633407592773,0.06114876642823219,-1.9783986806869507
1695486421.0617456,0.35215893387794495,0.06741606444120407,-1.9759382009506226
1695486421.1118553,0.35142430663108826,0.0787009671330452,-1.9861903190612793
1695486421.158509,0.357946515083313,0.08082696050405502,-1.9996721744537354
1695486421.2011805,0.3641063868999481,0.08735034614801407,-2.0057215690612793
1695486421.2442873,0.3748752474784851,0.09514610469341278,-2.020862102508545
1695486421.2897227,0.38212302327156067,0.10199811309576035,-2.029585123062134
1695486421.3318028,0.38503265380859375,0.08939171582460403,-2.030290126800537
1695486421.379872,0.3818393647670746,0.0789593756198883,-2.0240561962127686
1695486421.4258804,0.38134145736694336,0.0758073627948761,-2.0267322063446045
1695486421.4676812,0.38073185086250305,0.07238660007715225,-2.054227590560913
1695486421.512545,0.3789968490600586,0.07208994030952454,-2.0721089839935303
1695486421.5577817,0.37708377838134766,0.07187364995479584,-2.0870397090911865
1695486421.6024594,0.37357473373413086,0.07120274007320404,-2.110926389694214
1695486421.6469567,0.3716544508934021,0.07099281251430511,-2.1225950717926025
1695486421.6894476,0.3703075647354126,0.07044877111911774,-2.1321001052856445
1695486421.7299058,0.369352787733078,0.06970005482435226,-2.1402459144592285
1695486421.766472,0.3683493733406067,0.06806497275829315,-2.155561923980713
1695486421.8037007,0.3680456876754761,0.06654556840658188,-2.1609890460968018
1695486421.8418868,0.3681795299053192,0.0655369758605957,-2.165644884109497
1695486421.8780391,0.36821985244750977,0.06437978893518448,-2.169269323348999
1695486421.9127007,0.3682119846343994,0.06294384598731995,-2.1722404956817627
1695486421.9472675,0.474208265542984,0.014666978269815445,-2.4898555278778076
1695486421.9795957,0.6313095092773438,-0.008377347141504288,-2.622281789779663
1695486422.0097651,0.7932032346725464,-0.007416917942464352,-2.6844661235809326
1695486422.0433753,0.9304087162017822,0.005190730094909668,-2.695249319076538
1695486422.077664,1.0336047410964966,0.022357627749443054,-2.679661750793457
1695486422.108885,1.1115626096725464,0.04053604602813721,-2.658243179321289
1695486422.1395545,1.161932349205017,0.052791886031627655,-2.632031202316284
1695486422.1717763,1.194982886314392,0.06331780552864075,-2.60945463180542
1695486422.195814,1.2144734859466553,0.07088327407836914,-2.5936570167541504
1695486422.225889,1.2249301671981812,0.07568424195051193,-2.584454298019409
1695486422.2599607,1.170169472694397,0.07335489988327026,-2.4759275913238525
1695486422.298494,1.1712359189987183,0.07446794211864471,-2.506065607070923
1695486422.3317363,1.1349272727966309,0.08608117699623108,-2.4789412021636963
1695486422.3652968,1.1314153671264648,0.08500125259160995,-2.524984359741211
1695486422.3988514,1.117632269859314,0.0944443866610527,-2.5541772842407227
1695486422.4340532,1.1075701713562012,0.09428778290748596,-2.5924532413482666
1695486422.466591,1.0929679870605469,0.08910466730594635,-2.6039679050445557
1695486422.500072,0.8748764991760254,0.06776139885187149,-2.636096954345703
1695486422.5327895,0.6554846167564392,0.04991920664906502,-2.5746750831604004
1695486422.565344,0.504245400428772,0.04057086631655693,-2.4318292140960693
1695486422.5998976,0.4328438341617584,0.0459362156689167,-2.306797742843628
1695486422.633492,0.4170477092266083,0.05410310626029968,-2.2001519203186035
1695486422.6676793,0.4202814996242523,0.05872463807463646,-2.09861421585083
1695486422.6998801,0.42914098501205444,0.06159023940563202,-2.007843017578125
1695486422.7336707,0.44175779819488525,0.06578926742076874,-1.9429447650909424
1695486422.765244,0.4525322914123535,0.07042542845010757,-1.9000983238220215
1695486422.7983608,0.4421446621417999,0.07938976585865021,-1.9480468034744263
1695486422.8347087,0.4034866392612457,0.07352093607187271,-2.086530923843384
1695486422.869929,0.4200613796710968,0.06060447543859482,-2.2595109939575195
1695486422.9045568,0.5087373852729797,0.05506593734025955,-2.422390937805176
1695486422.9336262,0.6296403408050537,0.0511009618639946,-2.537184000015259
1695486422.9666882,0.752527117729187,0.04353320971131325,-2.6019201278686523
1695486423.0017815,0.8703652620315552,0.040102314203977585,-2.645932197570801
1695486423.0359113,1.013501763343811,0.014494968578219414,-2.612175464630127
1695486423.0687397,1.1177629232406616,-0.0010209493339061737,-2.5456526279449463
1695486423.1007419,1.1825556755065918,-0.006388047710061073,-2.484013557434082
1695486423.1344035,1.217441439628601,-0.008216092362999916,-2.435483455657959
1695486423.166962,1.2792640924453735,0.008094431832432747,-2.2984261512756348
1695486423.2030048,1.3166532516479492,0.02948998473584652,-2.178278923034668
1695486423.2355886,1.314060091972351,0.045962970703840256,-2.081116199493408
1695486423.269624,1.273694634437561,0.033357299864292145,-1.9763338565826416
1695486423.3012185,1.2486612796783447,0.018627598881721497,-1.93045175075531
1695486423.334787,1.2366329431533813,0.005390141159296036,-1.9031445980072021
1695486423.3679464,1.2384815216064453,-0.005940653383731842,-1.903380274772644
1695486423.4010267,1.2455799579620361,-0.013202417641878128,-1.9242759943008423
1695486423.4345813,1.2582297325134277,-0.018441036343574524,-1.962569236755371
1695486423.4707701,1.2667672634124756,-0.020682254806160927,-2.0121688842773438
1695486423.5017974,1.2731515169143677,-0.02459554933011532,-2.067441940307617
1695486423.53532,1.273998737335205,-0.026117803528904915,-2.1236016750335693
1695486423.5678768,1.270216941833496,-0.02559818886220455,-2.176875352859497
1695486423.6019258,1.2613554000854492,-0.022705303505063057,-2.225792169570923
1695486423.6344802,1.2862099409103394,-0.06537555158138275,-2.317152500152588
1695486423.668124,1.285666823387146,-0.12337098270654678,-2.38618540763855
1695486423.702465,1.2664434909820557,-0.17476244270801544,-2.441814661026001
1695486423.7366977,1.2445482015609741,-0.18923640251159668,-2.5159778594970703
1695486423.772353,1.2470391988754272,-0.1845928132534027,-2.5858840942382812
1695486423.8184605,1.260408878326416,-0.1763671189546585,-2.659538745880127
1695486423.8637416,1.24505615234375,-0.17612667381763458,-2.695735216140747
1695486423.9073842,1.177815318107605,-0.194057434797287,-2.7162718772888184
1695486423.9483564,1.0067476034164429,-0.21647126972675323,-2.7186756134033203
1695486423.9799001,0.841776430606842,-0.23019801080226898,-2.6828081607818604
1695486424.0114539,0.6997359991073608,-0.24118223786354065,-2.6156327724456787
1695486424.0426753,0.5523370504379272,-0.2500067353248596,-2.5216915607452393
1695486424.074562,0.4272368252277374,-0.2627372443675995,-2.3868677616119385
1695486424.1038194,0.36497464776039124,-0.25567206740379333,-2.2752814292907715
1695486424.1388931,0.34745869040489197,-0.234876811504364,-2.178696632385254
1695486424.1715887,0.3529902696609497,-0.20676591992378235,-2.1141154766082764
1695486424.2070034,0.36679717898368835,-0.17794330418109894,-2.073760509490967
1695486424.2376807,0.38306912779808044,-0.15151625871658325,-2.0514094829559326
1695486424.27314,0.39550143480300903,-0.1291881650686264,-2.0254995822906494
1695486424.305432,0.4051075279712677,-0.10987625271081924,-2.0010693073272705
1695486424.340621,0.4123530089855194,-0.08785733580589294,-2.0096185207366943
1695486424.3717012,0.4800839126110077,-0.11311173439025879,-2.222106456756592
1695486424.4082296,0.5983016490936279,-0.12466471642255783,-2.3433570861816406
1695486424.438283,0.7269700169563293,-0.12355965375900269,-2.3937346935272217
1695486424.4725182,0.8469675779342651,-0.10410396754741669,-2.4356954097747803
1695486424.5077486,0.958458423614502,-0.08215831220149994,-2.4349918365478516
1695486424.5408037,1.0460418462753296,-0.06310133635997772,-2.404181480407715
1695486424.571854,1.1238065958023071,-0.10562044382095337,-2.290738105773926
1695486424.6049137,1.1478667259216309,-0.14509214460849762,-2.167309284210205
1695486424.6409435,1.1414941549301147,-0.16678783297538757,-2.0710608959198
1695486424.6741347,1.1253663301467896,-0.17418229579925537,-2.0083937644958496
1695486424.7075908,1.111229419708252,-0.1762777864933014,-1.9626256227493286
1695486424.7402105,1.1034481525421143,-0.1759474277496338,-1.9319168329238892
1695486424.7737944,1.1016767024993896,-0.17551341652870178,-1.9149724245071411
1695486424.8068993,1.107535719871521,-0.17592817544937134,-1.911563515663147
1695486424.8406758,1.1175600290298462,-0.17667515575885773,-1.9138628244400024
1695486424.873813,1.1276289224624634,-0.17670825123786926,-1.920674443244934
1695486424.910367,1.1358054876327515,-0.17716462910175323,-1.9343774318695068
1695486424.9420729,1.1407958269119263,-0.17800113558769226,-1.948197603225708
1695486424.9746478,1.145464539527893,-0.17908015847206116,-1.9614739418029785
1695486425.0065186,1.1497043371200562,-0.1801014542579651,-1.9757039546966553
1695486425.0416713,1.1527432203292847,-0.18055443465709686,-1.9896061420440674
1695486425.0752993,1.1530369520187378,-0.18089847266674042,-2.001890182495117
1695486425.1078293,1.153557538986206,-0.18133999407291412,-2.013511896133423
1695486425.1438062,1.1552008390426636,-0.18096135556697845,-2.022406816482544
1695486425.1748824,1.1582671403884888,-0.17969384789466858,-2.0346949100494385
1695486425.2084534,1.161442756652832,-0.17772817611694336,-2.0473811626434326
1695486425.2435586,1.1640269756317139,-0.17585161328315735,-2.0551836490631104
1695486425.2759507,1.1669032573699951,-0.17449277639389038,-2.0603392124176025
1695486425.309737,1.1681995391845703,-0.17307049036026,-2.06563138961792
1695486425.34249,1.1686345338821411,-0.17209312319755554,-2.0674643516540527
1695486425.3775098,1.1688435077667236,-0.1717616319656372,-2.0665833950042725
1695486425.4097605,1.167919397354126,-0.17243732511997223,-2.063782215118408
1695486425.4436784,1.1760413646697998,-0.16875162720680237,-2.0676722526550293
1695486425.4767675,1.1843037605285645,-0.16532805562019348,-2.0737297534942627
1695486425.5099099,1.1915558576583862,-0.16243606805801392,-2.0805342197418213
1695486425.5432024,1.1975053548812866,-0.16011843085289001,-2.0872561931610107
1695486425.5772352,1.2019696235656738,-0.1584022343158722,-2.0930402278900146
1695486425.6098158,1.2055134773254395,-0.15713374316692352,-2.0985376834869385
1695486425.6445193,1.2080680131912231,-0.15631449222564697,-2.1033709049224854
1695486425.6775002,1.2098215818405151,-0.1558537483215332,-2.1069698333740234
1695486425.703626,1.210754156112671,-0.155620276927948,-2.1090917587280273
1695486425.737345,1.2110865116119385,-0.15549860894680023,-2.1100807189941406
1695486425.7833002,1.246463656425476,-0.1436292976140976,-2.1672415733337402
1695486425.8341637,1.2531849145889282,-0.13963937759399414,-2.1672379970550537
1695486425.8851602,1.280021071434021,-0.12723985314369202,-2.2137868404388428
1695486425.9283226,1.280333161354065,-0.12640661001205444,-2.2200589179992676
1695486425.9759762,1.2829853296279907,-0.1272486001253128,-2.2379043102264404
1695486426.0216026,0.8749443292617798,-0.15898838639259338,-2.5509469509124756
1695486426.0673053,0.5236364603042603,-0.0737781673669815,-2.4742958545684814
1695486426.111375,0.35064631700515747,0.03204338252544403,-2.304291248321533
1695486426.1539328,0.268218070268631,0.19198301434516907,-2.04917049407959
1695486426.1958666,0.2790141999721527,0.23139287531375885,-1.9745672941207886
1695486426.2379763,0.2937532961368561,0.2514277994632721,-1.9269582033157349
1695486426.284239,0.3257744014263153,0.2760440409183502,-1.8479642868041992
1695486426.3268056,0.32297152280807495,0.25216883420944214,-1.8555488586425781
1695486426.3668735,0.3197189271450043,0.23379983007907867,-1.863929271697998
1695486426.4089334,0.3204663395881653,0.21773216128349304,-1.8770796060562134
1695486426.4511313,0.3309212625026703,0.1988120973110199,-1.8658183813095093
1695486426.4987257,0.32465943694114685,0.19017700850963593,-1.8955819606781006
1695486426.549807,0.3257061541080475,0.1838703602552414,-1.910071611404419
1695486426.5903857,0.3201156556606293,0.17823651432991028,-1.9383857250213623
1695486426.6309865,0.3165360987186432,0.17385032773017883,-1.9593141078948975
1695486426.67802,0.31394535303115845,0.17043235898017883,-1.9753535985946655
1695486426.7232635,0.31314513087272644,0.16622371971607208,-1.9861130714416504
1695486426.7648594,0.30985307693481445,0.16457439959049225,-1.997936725616455
1695486426.787877,0.2985089421272278,0.14690017700195312,-2.033031702041626
1695486426.8175035,0.25511670112609863,0.13042457401752472,-2.0043585300445557
1695486426.8485975,0.2600661814212799,0.13047750294208527,-2.037437677383423
1695486426.8789198,0.2607046365737915,0.1287316232919693,-2.0599493980407715
1695486426.9151955,0.2609788179397583,0.12586089968681335,-2.0731067657470703
1695486426.9467845,0.25794199109077454,0.12491060793399811,-2.082582950592041
1695486426.980829,0.2573852241039276,0.12506245076656342,-2.0890843868255615
1695486427.0145311,0.2634540796279907,0.13097713887691498,-2.104041814804077
1695486427.0497198,0.2689369320869446,0.13730353116989136,-2.1178719997406006
1695486427.0810158,0.2734535038471222,0.14309147000312805,-2.129453182220459
1695486427.114845,0.280876100063324,0.1516648232936859,-2.1433632373809814
1695486427.1496189,0.2858287990093231,0.15827599167823792,-2.1529531478881836
1695486427.1849396,0.28138038516044617,0.15060733258724213,-2.144382953643799
1695486427.2154262,0.28354182839393616,0.1499129831790924,-2.147858142852783
1695486427.249522,0.2833607792854309,0.1452435702085495,-2.151658058166504
1695486427.2818437,0.28267160058021545,0.14288021624088287,-2.1344070434570312
1695486427.3169093,0.27702176570892334,0.1405453234910965,-2.112151861190796
1695486427.348143,0.27550894021987915,0.14101579785346985,-2.0939738750457764
1695486427.3837852,0.2710419297218323,0.14251933991909027,-2.0814380645751953
1695486427.4168928,0.2681189179420471,0.14241653680801392,-2.069601058959961
1695486427.450254,0.2765727639198303,0.12641635537147522,-2.064683437347412
1695486427.483225,0.28526145219802856,0.11507808417081833,-2.063218116760254
1695486427.5168147,0.2930893003940582,0.10818646103143692,-2.0632057189941406
1695486427.551869,0.29958826303482056,0.10457675904035568,-2.0639400482177734
1695486427.582815,0.299599826335907,0.11253304779529572,-2.0452113151550293
1695486427.6183553,0.28202468156814575,0.1453830599784851,-2.0403785705566406
1695486427.6519873,0.26675447821617126,0.17245815694332123,-2.0392367839813232
1695486427.6845636,0.2549785375595093,0.19228383898735046,-2.0410656929016113
1695486427.716598,0.2443653643131256,0.20430684089660645,-2.0491549968719482
1695486427.7506995,0.23888787627220154,0.21059362590312958,-2.0638084411621094
1695486427.7839003,0.23224693536758423,0.21281041204929352,-2.0706000328063965
1695486427.8187425,0.22589492797851562,0.21406379342079163,-2.0776774883270264
1695486427.8509417,0.2226904332637787,0.2119975984096527,-2.084663152694702
1695486427.8844662,0.22308449447155,0.20692799985408783,-2.091224431991577
1695486427.9250624,0.22746559977531433,0.1995059847831726,-2.1012206077575684
1695486427.9535842,0.23381365835666656,0.19280481338500977,-2.109898090362549
1695486427.9856768,0.23767274618148804,0.188137948513031,-2.1179656982421875
1695486428.0182526,0.2421025037765503,0.1835004836320877,-2.123457193374634
1695486428.0531476,0.24485068023204803,0.1781235784292221,-2.1213018894195557
1695486428.0858417,0.24890606105327606,0.1712002009153366,-2.114001512527466
1695486428.1200125,0.2498992383480072,0.16380536556243896,-2.104241132736206
1695486428.1515489,0.25193560123443604,0.15547804534435272,-2.0972225666046143
1695486428.1851234,0.254537969827652,0.1485058069229126,-2.092766761779785
1695486428.2197258,0.2593858242034912,0.14102716743946075,-2.091510534286499
1695486428.2538006,0.2635008692741394,0.13165415823459625,-2.091280698776245
1695486428.2858455,0.2653346061706543,0.12519074976444244,-2.0887317657470703
1695486428.3186038,0.26449406147003174,0.12105987221002579,-2.0875420570373535
1695486428.3551857,0.2638777196407318,0.11782386898994446,-2.083791494369507
1695486428.3877306,0.26467469334602356,0.11717578023672104,-2.0799221992492676
1695486428.4184458,0.2631956934928894,0.11779384315013885,-2.0737850666046143
1695486428.453986,0.26064184308052063,0.11993817985057831,-2.0716989040374756
1695486428.4870884,0.2614806592464447,0.1234292984008789,-2.0684826374053955
1695486428.5186646,0.26265600323677063,0.12814034521579742,-2.0639286041259766
1695486428.553816,0.26269757747650146,0.1318948119878769,-2.0600881576538086
1695486428.5960302,0.26296332478523254,0.13495296239852905,-2.0567798614501953
1695486428.640582,0.26311466097831726,0.13830320537090302,-2.0574357509613037
1695486428.6829884,0.2640266418457031,0.140408456325531,-2.0589380264282227
1695486428.7286837,0.2615967094898224,0.14471912384033203,-2.0625851154327393
1695486428.7732406,0.2596037685871124,0.14590010046958923,-2.07615327835083
1695486428.8027682,0.257082998752594,0.14575810730457306,-2.077223300933838
1695486428.8333738,0.25532758235931396,0.1457974910736084,-2.0768351554870605
1695486428.8639317,0.2551175057888031,0.14514023065567017,-2.0762507915496826
1695486428.894495,0.2577913999557495,0.14560048282146454,-2.0729610919952393
1695486428.9270627,0.2616051733493805,0.14482009410858154,-2.073383331298828
1695486428.9575102,0.2677769362926483,0.14297062158584595,-2.0713937282562256
1695486428.9896188,0.2718178629875183,0.1406358778476715,-2.0708680152893066
1695486429.0224686,0.2749888002872467,0.1387278139591217,-2.0728375911712646
1695486429.054726,0.2758345603942871,0.1368243545293808,-2.0750293731689453
1695486429.090738,0.27666592597961426,0.13401873409748077,-2.0821280479431152
1695486429.1228113,0.27587205171585083,0.129826620221138,-2.087703227996826
1695486429.156678,0.2776947617530823,0.12396244704723358,-2.098851442337036
1695486429.1908665,0.2749154269695282,0.11908699572086334,-2.1067357063293457
1695486429.222799,0.27269667387008667,0.11664596199989319,-2.1263725757598877
1695486429.2583172,0.2690495550632477,0.11691520363092422,-2.1472222805023193
1695486429.2888691,0.2697024643421173,0.11840613186359406,-2.16245436668396
1695486429.3231294,0.2669847905635834,0.12110691517591476,-2.1820180416107178
1695486429.3575358,0.26379668712615967,0.12600666284561157,-2.205665349960327
1695486429.3901565,0.2578415274620056,0.1311052143573761,-2.2322609424591064
1695486429.4252708,0.2543005347251892,0.13511013984680176,-2.2532200813293457
1695486429.45681,0.2478095293045044,0.13825073838233948,-2.2362473011016846
1695486429.490931,0.241580069065094,0.13916118443012238,-2.218661308288574
1695486429.5237298,0.23894080519676208,0.13529492914676666,-2.2096478939056396
1695486429.5568633,0.23375393450260162,0.13063539564609528,-2.2082712650299072
1695486429.5908263,0.23057682812213898,0.12563297152519226,-2.218797445297241
1695486429.625802,0.23245123028755188,0.12130273878574371,-2.2259504795074463
1695486429.6581523,0.23173251748085022,0.11579477041959763,-2.2353835105895996
1695486429.6907287,0.22714966535568237,0.109855517745018,-2.2304577827453613
1695486429.7260475,0.22205811738967896,0.10515333712100983,-2.220700740814209
1695486429.7586064,0.21937306225299835,0.09816750884056091,-2.2367360591888428
1695486429.792871,0.22391852736473083,0.08917168527841568,-2.2545812129974365
1695486429.8262086,0.2235594242811203,0.0795859545469284,-2.33821702003479
1695486429.8580136,0.230507493019104,0.07198023051023483,-2.412329912185669
1695486429.8926384,0.24011023342609406,0.07194958627223969,-2.470118284225464
1695486429.9252582,0.25024092197418213,0.0782613605260849,-2.5553336143493652
1695486429.9583867,0.26217514276504517,0.08489961922168732,-2.627120018005371
1695486429.99339,0.21884945034980774,0.0547708198428154,-2.5204107761383057
1695486430.0250013,0.1891210824251175,0.046527400612831116,-2.4254798889160156
1695486430.0602095,0.16688519716262817,0.04561876878142357,-2.367854595184326
1695486430.0938818,0.1470445692539215,0.04259505122900009,-2.3181581497192383
1695486430.127515,0.1266745924949646,0.035072363913059235,-2.2736220359802246
1695486430.1606114,0.1124485433101654,0.025388052687048912,-2.2562780380249023
1695486430.1921477,0.10008588433265686,0.01549264695495367,-2.2421913146972656
1695486430.2264423,0.09472428262233734,0.007440820336341858,-2.2494165897369385
1695486430.2613447,0.09184259176254272,0.004723310470581055,-2.256427526473999
1695486430.2938733,0.08965941518545151,0.002851821482181549,-2.2508649826049805
1695486430.3275156,0.09032973647117615,0.0010554436594247818,-2.2617194652557373
1695486430.3605704,0.09193092584609985,-0.002822229638695717,-2.2822232246398926
1695486430.3927238,0.09265244007110596,-0.006949031725525856,-2.3109428882598877
1695486430.4270346,0.09043511748313904,-0.009415360167622566,-2.3455519676208496
1695486430.460606,0.08999268710613251,-0.005350863561034203,-2.3232948780059814
1695486430.4957025,0.09073656052350998,0.002296733669936657,-2.300173282623291
1695486430.5298872,0.09025932848453522,0.010181841440498829,-2.270740032196045
1695486430.559837,0.07515203207731247,0.01764364168047905,-2.3181283473968506
1695486430.6104863,0.07026726007461548,0.02588137611746788,-2.3199355602264404
1695486430.6560252,0.06683794409036636,0.039871200919151306,-2.302138328552246
1695486430.6980708,0.0632535070180893,0.06651630252599716,-2.2725679874420166
Time to target: 10.062416315078735 s
----
----
