1695486179.5421004,0.29647427797317505,0.33904483914375305,-1.9889566898345947
1695486179.6006272,0.2880735695362091,0.33342939615249634,-1.98203706741333
1695486179.726704,0.26533353328704834,0.3301481604576111,-2.0038034915924072
1695486179.757787,0.26096200942993164,0.32983729243278503,-2.0120487213134766
1695486179.7878861,0.25976720452308655,0.3323783874511719,-2.0098302364349365
1695486179.816995,0.26304617524147034,0.33773231506347656,-2.0066261291503906
1695486179.8488932,0.2651018798351288,0.34438958764076233,-2.0085136890411377
1695486179.8808942,0.2663309574127197,0.35103482007980347,-2.012061595916748
1695486179.9154642,0.2657919228076935,0.3555581271648407,-2.0196855068206787
1695486179.9475036,0.26584383845329285,0.35840001702308655,-2.0237839221954346
1695486179.9805846,0.2677513360977173,0.3603602349758148,-2.026352882385254
1695486180.0146878,0.2718953490257263,0.3614256680011749,-2.028240203857422
1695486180.048827,0.2783445417881012,0.3612620532512665,-2.0278689861297607
1695486180.0834606,0.2853431701660156,0.3596650958061218,-2.0282695293426514
1695486180.1154857,0.2914508283138275,0.35770300030708313,-2.029970169067383
1695486180.150021,0.29624825716018677,0.35631853342056274,-2.0324838161468506
1695486180.182065,0.2978430390357971,0.35465678572654724,-2.036088705062866
1695486180.2167425,0.29904162883758545,0.3525537848472595,-2.0358071327209473
1695486180.2478046,0.29980039596557617,0.35025638341903687,-2.035459518432617
1695486180.2834108,0.2991965711116791,0.3484819531440735,-2.034573793411255
1695486180.3161767,0.29955437779426575,0.34837445616722107,-2.0346927642822266
1695486180.3490067,0.301368772983551,0.34793350100517273,-2.0344316959381104
1695486180.3817239,0.3049927055835724,0.3474978804588318,-2.0347166061401367
1695486180.4147801,0.30896636843681335,0.3470599055290222,-2.0349152088165283
1695486180.4503498,0.3119361400604248,0.34707242250442505,-2.034935235977173
1695486180.4848645,0.31365856528282166,0.3468624949455261,-2.0348012447357178
1695486180.5150557,0.3133971691131592,0.34518852829933167,-2.0339863300323486
1695486180.5515742,0.3124206066131592,0.34286126494407654,-2.032139539718628
1695486180.584422,0.30993297696113586,0.3408435881137848,-2.030319929122925
1695486180.6178646,0.3063022494316101,0.3395158350467682,-2.0285484790802
1695486180.6518354,0.30295202136039734,0.3387782871723175,-2.0268542766571045
1695486180.6844642,0.3000466227531433,0.33757540583610535,-2.0254456996917725
1695486180.7186103,0.29721757769584656,0.336685448884964,-2.0247414112091064
1695486180.7534928,0.29497188329696655,0.3351994454860687,-2.0216264724731445
1695486180.7855475,0.29335469007492065,0.3331000506877899,-2.020725727081299
1695486180.8190792,0.29113268852233887,0.33123570680618286,-2.0206756591796875
1695486180.851659,0.28998294472694397,0.33077603578567505,-2.0201191902160645
1695486180.8865418,0.2910812199115753,0.33271387219429016,-2.01987624168396
1695486180.9190948,0.29324671626091003,0.3351539671421051,-2.0189526081085205
1695486180.9526846,0.29547977447509766,0.33746829628944397,-2.0177390575408936
1695486180.9883564,0.29758933186531067,0.33895936608314514,-2.0156466960906982
1695486181.0216033,0.298666387796402,0.33979833126068115,-2.012887477874756
1695486181.0577984,0.29883426427841187,0.34019410610198975,-2.0102524757385254
1695486181.0934606,0.299070805311203,0.34075698256492615,-2.008295774459839
1695486181.1259449,0.29922154545783997,0.34136533737182617,-2.0065479278564453
1695486181.156501,0.2982487380504608,0.3417748212814331,-2.004528284072876
1695486181.187585,0.2981811761856079,0.3426017463207245,-2.0036251544952393
1695486181.2216728,0.2977552115917206,0.3432570993900299,-2.0043656826019287
1695486181.2557375,0.29759538173675537,0.34298110008239746,-2.004815101623535
1695486181.2898102,0.29824158549308777,0.34217721223831177,-2.004951000213623
1695486181.3268719,0.2979949712753296,0.34128305315971375,-2.005943536758423
1695486181.3614283,0.2971043884754181,0.3404778242111206,-2.0069024562835693
1695486181.3983424,0.29658764600753784,0.3393687903881073,-2.0070924758911133
1695486181.4308927,0.2981579899787903,0.33918505907058716,-2.0076043605804443
1695486181.4887927,0.2983299493789673,0.33854734897613525,-2.008916139602661
1695486181.5203178,0.29764223098754883,0.33809444308280945,-2.0100505352020264
1695486181.5554464,0.2961680293083191,0.3379804193973541,-2.0106089115142822
1695486181.5895374,0.2950705885887146,0.3380286693572998,-2.0115740299224854
1695486181.6217763,0.2945438623428345,0.3393387198448181,-2.0124807357788086
1695486181.6548681,0.2953696846961975,0.3410400152206421,-2.012802839279175
1695486181.6894987,0.29621925950050354,0.3420681059360504,-2.0119991302490234
1695486181.7236283,0.29664358496665955,0.3420528173446655,-2.011037588119507
1695486181.7566216,0.297252893447876,0.34196937084198,-2.0100462436676025
1695486181.7888992,0.2983287572860718,0.341909259557724,-2.00905442237854
1695486181.8223774,0.2977135181427002,0.3412347137928009,-2.0082345008850098
1695486181.8565595,0.29516345262527466,0.3397962749004364,-2.0079150199890137
1695486181.890846,0.2928929924964905,0.33848559856414795,-2.008204936981201
1695486181.9234047,0.2910262942314148,0.3373522460460663,-2.009103536605835
1695486181.9577372,0.29005512595176697,0.337022602558136,-2.0093719959259033
1695486181.9905756,0.289262592792511,0.3368028402328491,-2.011228322982788
1695486182.0235908,0.29021599888801575,0.3363930284976959,-2.016416549682617
1695486182.0577474,0.2907715141773224,0.33569687604904175,-2.0210907459259033
1695486182.0918252,0.2910526394844055,0.3344990313053131,-2.0242552757263184
1695486182.1264124,0.2901844382286072,0.33408230543136597,-2.0276522636413574
1695486182.15745,0.2883683443069458,0.3334026038646698,-2.030351161956787
1695486182.1910658,0.2866092324256897,0.3327823877334595,-2.0321426391601562
1695486182.2244096,0.28365078568458557,0.3322315216064453,-2.0333304405212402
1695486182.2577925,0.28140929341316223,0.3314642906188965,-2.0343518257141113
1695486182.2919295,0.2800602316856384,0.3321102261543274,-2.0360817909240723
1695486182.3255012,0.276881605386734,0.33247458934783936,-2.037905216217041
1695486182.359141,0.2720218598842621,0.3319888412952423,-2.0391907691955566
1695486182.3936157,0.2681523263454437,0.3311135172843933,-2.0387461185455322
1695486182.4257264,0.2667366564273834,0.33117491006851196,-2.0373337268829346
1695486182.4603765,0.2670051157474518,0.3313243091106415,-2.035356044769287
1695486182.492582,0.2695508897304535,0.3311351239681244,-2.032836675643921
1695486182.526536,0.27321377396583557,0.33118972182273865,-2.030080556869507
1695486182.55861,0.27731356024742126,0.33045509457588196,-2.027827739715576
1695486182.5923755,0.28067976236343384,0.3295445442199707,-2.0265536308288574
1695486182.6263554,0.28312253952026367,0.3285709023475647,-2.0241992473602295
1695486182.6598313,0.28444817662239075,0.32784831523895264,-2.0222580432891846
1695486182.6927044,0.2843790650367737,0.3270837664604187,-2.0204265117645264
1695486182.7268312,0.2834385633468628,0.3254431486129761,-2.0176289081573486
1695486182.760713,0.28249239921569824,0.3243423104286194,-2.014086961746216
1695486182.792269,0.2805676758289337,0.3229612410068512,-2.0107765197753906
1695486182.828292,0.28050538897514343,0.3227328062057495,-2.0084033012390137
1695486182.8728673,0.27963587641716003,0.3233102858066559,-2.0062756538391113
1695486182.9166698,0.280162513256073,0.3240518867969513,-2.0039474964141846
1695486182.9619346,0.28151997923851013,0.32474902272224426,-2.000812530517578
1695486183.0076938,0.2843509018421173,0.3245907127857208,-1.9962401390075684
1695486183.0548968,0.2873114049434662,0.3245408833026886,-1.9946171045303345
1695486183.0977697,0.2901618480682373,0.32411324977874756,-1.9899442195892334
1695486183.1398966,0.29135778546333313,0.3235965371131897,-1.988791823387146
1695486183.1812484,0.2913256883621216,0.32293444871902466,-1.988587737083435
1695486183.2248278,0.29175806045532227,0.3233257234096527,-1.9878817796707153
1695486183.2668877,0.29528334736824036,0.32626423239707947,-1.9856336116790771
1695486183.309912,0.29757195711135864,0.32871049642562866,-1.9838091135025024
1695486183.3520014,0.29895588755607605,0.3303692936897278,-1.9825278520584106
1695486183.39908,0.2974292039871216,0.32985278964042664,-1.9801146984100342
1695486183.44346,0.29511043429374695,0.32712945342063904,-1.9780535697937012
1695486183.4874363,0.2934366464614868,0.32457995414733887,-1.9761431217193604
1695486183.5286148,0.2930729389190674,0.3226606845855713,-1.9746477603912354
1695486183.5721807,0.2939142882823944,0.32144683599472046,-1.9727671146392822
1695486183.618731,0.2937244474887848,0.3204386532306671,-1.9719215631484985
1695486183.6612957,0.2907344400882721,0.3169543445110321,-1.9728503227233887
1695486183.7038882,0.2907797694206238,0.3180108666419983,-1.9704666137695312
1695486183.7487366,0.29077470302581787,0.3203941285610199,-1.9697927236557007
1695486183.7903616,0.29124289751052856,0.322709321975708,-1.969705581665039
1695486183.8324404,0.2918662428855896,0.32509535551071167,-1.970645546913147
1695486183.8769147,0.2910517454147339,0.3242170512676239,-1.9725348949432373
1695486183.9218478,0.2926943600177765,0.3239317536354065,-1.9707127809524536
1695486183.962454,0.29050764441490173,0.321892112493515,-1.9722676277160645
1695486184.0051317,0.29043030738830566,0.32097554206848145,-1.967907190322876
1695486184.0454552,0.2907617688179016,0.3205716907978058,-1.9647670984268188
1695486184.089065,0.2921863794326782,0.3205295205116272,-1.9633666276931763
1695486184.131589,0.29362767934799194,0.32145026326179504,-1.9644452333450317
1695486184.1738288,0.2952483296394348,0.32373616099357605,-1.96517014503479
1695486184.2164476,0.2952720522880554,0.32498225569725037,-1.9683046340942383
1695486184.249842,0.2945782244205475,0.32497623562812805,-1.9689910411834717
1695486184.2791739,0.2942955493927002,0.32462233304977417,-1.969598412513733
1695486184.3079154,0.2931237816810608,0.3219289779663086,-1.9673858880996704
1695486184.3373408,0.29209667444229126,0.3199740946292877,-1.9674943685531616
1695486184.3653917,0.28929194808006287,0.31636351346969604,-1.9699645042419434
1695486184.4004917,0.28674018383026123,0.3125849664211273,-1.972006916999817
1695486184.4342084,0.2856696844100952,0.31025663018226624,-1.9758288860321045
1695486184.4642339,0.28486061096191406,0.3095462918281555,-1.9759832620620728
1695486184.5018473,0.2853989005088806,0.3100650906562805,-1.974302053451538
1695486184.5339117,0.2863190770149231,0.3119652271270752,-1.9736486673355103
1695486184.5661519,0.2875804305076599,0.31379783153533936,-1.9735549688339233
1695486184.5986917,0.2900281846523285,0.3150967061519623,-1.9727632999420166
1695486184.6322632,0.2890368402004242,0.31467947363853455,-1.9769853353500366
1695486184.6648698,0.2876617908477783,0.3136167526245117,-1.978171706199646
1695486184.6994264,0.2872588336467743,0.31309616565704346,-1.977353811264038
1695486192.0215783,0.28354910016059875,0.3262411653995514,-1.9849045276641846
1695486192.087494,0.2892909348011017,0.3310071527957916,-1.9851523637771606
1695486192.150719,0.2733583450317383,0.3230436444282532,-1.9688928127288818
1695486192.211313,0.277765154838562,0.32320618629455566,-1.972080945968628
1695486192.2540612,0.2832137942314148,0.32515355944633484,-1.9738835096359253
1695486192.2989452,0.28762975335121155,0.3267386257648468,-1.9752817153930664
1695486192.3428347,0.28769683837890625,0.3260265290737152,-1.9682676792144775
1695486192.3858953,0.2886536121368408,0.3266514241695404,-1.966558814048767
1695486192.4325113,0.2859977185726166,0.3255051076412201,-1.9745979309082031
1695486192.4762511,0.282466322183609,0.32287395000457764,-1.977960467338562
1695486192.5214725,0.2819627523422241,0.32209542393684387,-1.9771603345870972
1695486192.5637465,0.27736935019493103,0.31938907504081726,-1.9794540405273438
1695486192.6076946,0.2788516581058502,0.31988006830215454,-1.97820246219635
1695486192.6502903,0.2814911901950836,0.32184621691703796,-1.976662039756775
1695486192.6935818,0.283708393573761,0.3235311806201935,-1.974165439605713
1695486192.7370398,0.28713393211364746,0.32585105299949646,-1.9730010032653809
1695486192.7806294,0.29128795862197876,0.3271261155605316,-1.9719257354736328
1695486192.825395,0.2945162057876587,0.32740235328674316,-1.9694126844406128
1695486192.8680096,0.29951006174087524,0.32866939902305603,-1.9650733470916748
1695486192.9105654,0.30000630021095276,0.3285791873931885,-1.9645272493362427
1695486192.9550266,0.2994384765625,0.3283909559249878,-1.96499502658844
1695486192.9956074,0.29833510518074036,0.32796692848205566,-1.964829921722412
1695486193.0397255,0.29692116379737854,0.3284966051578522,-1.9636048078536987
1695486193.0826058,0.29305127263069153,0.328323632478714,-1.9648914337158203
1695486193.1248448,0.2893955707550049,0.32788172364234924,-1.9665117263793945
1695486193.165953,0.28617414832115173,0.3282528519630432,-1.9685378074645996
1695486193.2080727,0.2850017845630646,0.32667458057403564,-1.9711915254592896
1695486193.2501485,0.285305917263031,0.3251839280128479,-1.9708454608917236
1695486193.290038,0.28677070140838623,0.32509469985961914,-1.9704811573028564
1695486193.3336344,0.2896328270435333,0.3253480792045593,-1.969618558883667
1695486193.3755994,0.2912903428077698,0.32621634006500244,-1.9692580699920654
1695486193.4216862,0.29112347960472107,0.3255510628223419,-1.9710465669631958
1695486193.4617448,0.2900334596633911,0.3236705958843231,-1.9670318365097046
1695486193.5057118,0.28850874304771423,0.3236117959022522,-1.964352011680603
1695486193.5477371,0.2884490489959717,0.32398223876953125,-1.9643175601959229
1695486193.5898817,0.28921958804130554,0.32436463236808777,-1.962403416633606
1695486193.63242,0.2904627025127411,0.3252161145210266,-1.961441993713379
1695486193.6756048,0.29092496633529663,0.3251955211162567,-1.9640778303146362
1695486193.7183998,0.2912262976169586,0.3242573142051697,-1.9633077383041382
1695486193.7616086,0.29141560196876526,0.32370761036872864,-1.9622259140014648
1695486193.8036766,0.29142722487449646,0.324304461479187,-1.960867166519165
1695486193.844724,0.29142600297927856,0.3246091306209564,-1.9603893756866455
1695486193.887509,0.29112565517425537,0.3237263560295105,-1.9608749151229858
1695486193.9325528,0.29067084193229675,0.32234781980514526,-1.9584722518920898
1695486193.975613,0.28830721974372864,0.3215348720550537,-1.9548327922821045
1695486194.0159373,0.28674882650375366,0.3214791715145111,-1.9562289714813232
1695486194.0589812,0.2865724265575409,0.322223037481308,-1.9562671184539795
1695486194.1005266,0.28719601035118103,0.3229319453239441,-1.9589849710464478
1695486194.1413183,0.2889358103275299,0.326174795627594,-1.9610989093780518
1695486194.1826506,0.2892799377441406,0.3269581198692322,-1.962337613105774
1695486194.2257295,0.2879086434841156,0.32643651962280273,-1.9631131887435913
1695486194.2668571,0.2871168255805969,0.32570168375968933,-1.9637484550476074
1695486194.3078823,0.2857998013496399,0.32580095529556274,-1.9646883010864258
1695486194.3485808,0.28435346484184265,0.3248867392539978,-1.9667766094207764
1695486194.391686,0.28413593769073486,0.3246493339538574,-1.9666191339492798
1695486194.4339492,0.2846847176551819,0.32432183623313904,-1.968161702156067
1695486194.4770236,0.28460758924484253,0.32338497042655945,-1.967806339263916
1695486194.5175824,0.28463003039360046,0.32300207018852234,-1.9664232730865479
1695486194.5616233,0.28475451469421387,0.3222333490848541,-1.9651621580123901
1695486194.6027884,0.284110426902771,0.32238301634788513,-1.96535062789917
1695486194.6458087,0.28337472677230835,0.3216027021408081,-1.964358925819397
1695486194.689298,0.28208664059638977,0.3203681409358978,-1.9648773670196533
1695486194.7313142,0.28219592571258545,0.32042330503463745,-1.9655234813690186
1695486194.77293,0.2834452688694,0.32019779086112976,-1.9670871496200562
1695486194.811835,0.28412383794784546,0.3209199607372284,-1.9687047004699707
1695486194.852406,0.28412890434265137,0.32001444697380066,-1.969952940940857
1695486194.894498,0.2840341627597809,0.320786714553833,-1.9724161624908447
1695486194.9396017,0.28329581022262573,0.32192060351371765,-1.9766877889633179
1695486194.979746,0.282351016998291,0.32123106718063354,-1.977133870124817
1695486195.0228026,0.28170979022979736,0.32193291187286377,-1.9778075218200684
1695486195.051358,0.2824367582798004,0.32393935322761536,-1.9785983562469482
1695486195.0834126,0.2837022542953491,0.3263649642467499,-1.979215383529663
1695486195.1127563,0.2843005955219269,0.3282487690448761,-1.979494571685791
1695486195.1423993,0.2852373719215393,0.33002862334251404,-1.9796414375305176
1695486195.1723628,0.28551170229911804,0.33095332980155945,-1.9789540767669678
1695486195.2039008,0.28644859790802,0.33126959204673767,-1.977506399154663
1695486195.2359302,0.28648343682289124,0.33126965165138245,-1.9768128395080566
1695486195.2685206,0.28587406873703003,0.329710453748703,-1.9742927551269531
1695486195.3026814,0.285309761762619,0.3282420039176941,-1.9720607995986938
1695486195.3353457,0.2851296663284302,0.32849329710006714,-1.9721449613571167
1695486195.3693001,0.28490132093429565,0.3287014365196228,-1.9732587337493896
1695486195.4035428,0.2842501401901245,0.3274925947189331,-1.9747360944747925
1695486195.4378266,0.284030556678772,0.32590460777282715,-1.9751226902008057
1695486195.4702718,0.2834811508655548,0.32498905062675476,-1.9761972427368164
1695486195.5018992,0.2828823924064636,0.3227623701095581,-1.9756208658218384
1695486195.5358434,0.28237152099609375,0.32184287905693054,-1.974916696548462
1695486195.5703268,0.28247493505477905,0.32172197103500366,-1.9736019372940063
1695486195.6026993,0.28352731466293335,0.32185283303260803,-1.972420573234558
1695486195.6378884,0.2849753797054291,0.3222379982471466,-1.9714618921279907
1695486195.6710258,0.2857961058616638,0.32197827100753784,-1.9708248376846313
1695486195.7050962,0.2865719497203827,0.3218214213848114,-1.970402479171753
1695486195.7376668,0.2866477370262146,0.320295512676239,-1.9671287536621094
1695486195.7707403,0.2867303788661957,0.31868261098861694,-1.9658949375152588
1695486195.8049195,0.28643542528152466,0.3173266351222992,-1.9628092050552368
1695486195.8384924,0.2864481508731842,0.31728437542915344,-1.9613566398620605
1695486195.870576,0.28626757860183716,0.317452073097229,-1.9591846466064453
1695486195.904693,0.28569403290748596,0.3171458840370178,-1.9562333822250366
1695486195.9369678,0.28524601459503174,0.3160647749900818,-1.9525952339172363
1695486195.9710236,0.285305917263031,0.31585627794265747,-1.9502419233322144
1695486196.0045986,0.2861913740634918,0.3179816007614136,-1.9536466598510742
1695486196.0381389,0.2875741720199585,0.3211410939693451,-1.9578957557678223
1695486196.072771,0.2885442078113556,0.3246663808822632,-1.961848258972168
1695486196.106825,0.2888295352458954,0.3272182047367096,-1.965576171875
1695486196.139378,0.288606733083725,0.3290499150753021,-1.9682632684707642
1695486196.172973,0.28848159313201904,0.3301631510257721,-1.9706313610076904
1695486196.205607,0.28807470202445984,0.33052805066108704,-1.9726070165634155
1695486196.2397394,0.2874000668525696,0.3295639753341675,-1.9736850261688232
1695486196.272842,0.2866087853908539,0.32817763090133667,-1.9740025997161865
1695486196.3064148,0.286187082529068,0.32720744609832764,-1.9738801717758179
1695486196.338531,0.2858700156211853,0.3256739675998688,-1.973514437675476
1695486196.3734372,0.2854886054992676,0.3227473795413971,-1.9722470045089722
1695486196.4076502,0.28560203313827515,0.32113921642303467,-1.9714677333831787
1695486196.4389687,0.28559091687202454,0.3212219178676605,-1.9711343050003052
1695486196.4744623,0.2861848771572113,0.32226890325546265,-1.9712203741073608
1695486196.506458,0.2860710620880127,0.32321029901504517,-1.9713959693908691
1695486196.541979,0.2861403822898865,0.3246680200099945,-1.9716639518737793
1695486196.5745144,0.2855684459209442,0.3262275457382202,-1.9711949825286865
1695486196.6075697,0.2851642966270447,0.3271786570549011,-1.9710787534713745
1695486196.642105,0.2844208776950836,0.3268705904483795,-1.9710514545440674
1695486196.672183,0.28427085280418396,0.32682985067367554,-1.9716569185256958
1695486196.706747,0.2846360504627228,0.32677239179611206,-1.972044587135315
1695486196.742271,0.2849007248878479,0.32666274905204773,-1.9719369411468506
1695486196.7723513,0.2848661541938782,0.32605883479118347,-1.9711284637451172
1695486196.8085947,0.28475722670555115,0.32597923278808594,-1.9703660011291504
1695486196.8411188,0.28367993235588074,0.3246147334575653,-1.9693588018417358
1695486196.8766747,0.2824770212173462,0.3238309323787689,-1.967928171157837
1695486196.90879,0.28215837478637695,0.3242339789867401,-1.967343807220459
1695486196.9413693,0.2828211784362793,0.3246726095676422,-1.9675391912460327
1695486196.975006,0.28383588790893555,0.32532405853271484,-1.967867374420166
1695486197.0114512,0.2851708233356476,0.3253702223300934,-1.9682708978652954
1695486197.0438993,0.2858448922634125,0.3244808316230774,-1.9688435792922974
1695486197.0765173,0.2852286398410797,0.3221071660518646,-1.9681671857833862
1695486197.111052,0.284410685300827,0.32071852684020996,-1.968409538269043
1695486197.1412723,0.28387176990509033,0.3201883137226105,-1.9688389301300049
1695486201.6219077,0.00958649069070816,0.029927769675850868,-1.9748342037200928
1695486201.6894705,0.010484505444765091,0.027749784290790558,-1.98036789894104
1695486201.7549586,0.011562347412109375,0.02776917815208435,-1.9818956851959229
1695486201.821504,0.01191909983754158,0.03029490076005459,-1.9825465679168701
1695486201.8866625,0.011920850723981857,0.031912680715322495,-1.9821568727493286
1695486201.9592853,0.012109227478504181,0.032503388822078705,-1.9816187620162964
1695486202.0217953,0.012934479862451553,0.032441481947898865,-1.982205867767334
1695486202.064569,0.01331009715795517,0.03240083530545235,-1.9836268424987793
1695486202.1081555,0.0139961838722229,0.03255165368318558,-1.9840785264968872
1695486202.1497169,0.014371030032634735,0.032202884554862976,-1.9838476181030273
1695486202.1929145,0.015202056616544724,0.03245149925351143,-1.983184814453125
1695486202.2372956,0.01695578172802925,0.033435627818107605,-1.980639934539795
1695486202.2799413,0.017889034003019333,0.033839646726846695,-1.9786076545715332
1695486202.3220043,0.01778041571378708,0.03395193815231323,-1.977281928062439
1695486202.3636594,0.018071752041578293,0.03426283597946167,-1.9758468866348267
1695486202.4088194,0.01826804131269455,0.03505620360374451,-1.9740759134292603
1695486202.449451,0.017351951450109482,0.034884944558143616,-1.9733513593673706
1695486202.4928153,0.017339184880256653,0.03428255021572113,-1.9728065729141235
1695486202.537884,0.017067156732082367,0.034402988851070404,-1.9728680849075317
1695486202.5785096,0.017061825841665268,0.034804817289114,-1.9738199710845947
1695486202.6235461,0.017040375620126724,0.034923005849123,-1.9742178916931152
1695486202.6636014,0.01676047593355179,0.034803032875061035,-1.9752333164215088
1695486202.7052393,0.015983663499355316,0.034708112478256226,-1.977665662765503
1695486202.7467904,0.015872772783041,0.03425733745098114,-1.9789010286331177
1695486202.7901738,0.015730634331703186,0.033340223133563995,-1.979958176612854
1695486202.8317988,0.015313152223825455,0.0325373113155365,-1.9809272289276123
1695486202.8733892,0.01591607928276062,0.032135844230651855,-1.9809075593948364
1695486202.912343,0.016484715044498444,0.03232840448617935,-1.9801669120788574
1695486202.9539092,0.016647320240736008,0.03224638104438782,-1.9794073104858398
1695486202.9990292,0.01698637753725052,0.032203007489442825,-1.9787989854812622
1695486203.0417175,0.01696426048874855,0.03285764530301094,-1.977518081665039
1695486203.0834684,0.016526836901903152,0.033235806971788406,-1.977012038230896
1695486203.1255724,0.015587642788887024,0.03308860585093498,-1.9771231412887573
1695486203.166633,0.01488478109240532,0.032891832292079926,-1.9774020910263062
1695486203.2066598,0.013982918113470078,0.0322771817445755,-1.9764738082885742
1695486203.2469301,0.014279156923294067,0.031661540269851685,-1.9764155149459839
1695486203.291588,0.014804881066083908,0.030924968421459198,-1.9769471883773804
1695486203.3329237,0.015360135585069656,0.030467215925455093,-1.9768977165222168
1695486203.3763337,0.016369126737117767,0.029281634837388992,-1.9783557653427124
1695486203.4168441,0.01663845032453537,0.02977650612592697,-1.9804672002792358
1695486203.4594808,0.016474135220050812,0.03054172918200493,-1.9808136224746704
1695486203.5036595,0.01740577071905136,0.03193957358598709,-1.9810847043991089
1695486203.5446813,0.017582517117261887,0.03308321163058281,-1.9810227155685425
1695486203.5867367,0.017185501754283905,0.03407984972000122,-1.9804295301437378
1695486203.6298828,0.016424670815467834,0.03514572232961655,-1.979983925819397
1695486203.6707835,0.015931982547044754,0.036729246377944946,-1.9806357622146606
1695486203.710868,0.015707749873399734,0.03762887418270111,-1.9812208414077759
1695486203.7534385,0.016017615795135498,0.03784875199198723,-1.9806773662567139
1695486203.7934887,0.016222719103097916,0.03777613863348961,-1.979914665222168
1695486203.8348098,0.01634085550904274,0.03788905590772629,-1.979231357574463
1695486203.8795984,0.016865212470293045,0.0375659205019474,-1.9782750606536865
1695486203.922221,0.018073756247758865,0.03657712787389755,-1.9780815839767456
1695486203.963478,0.018594607710838318,0.03580093011260033,-1.977459192276001
1695486204.0070126,0.01846785470843315,0.03524491935968399,-1.9765294790267944
1695486204.0476625,0.017821449786424637,0.03431612625718117,-1.9759736061096191
1695486204.090815,0.016998618841171265,0.03337472677230835,-1.9766165018081665
1695486204.131702,0.016646675765514374,0.03274406120181084,-1.9778002500534058
1695486204.1728764,0.015662483870983124,0.03134111315011978,-1.9799610376358032
1695486204.2137053,0.015452355146408081,0.030943624675273895,-1.9813722372055054
1695486204.2447557,0.015419740229845047,0.031021539121866226,-1.9820566177368164
1695486204.2753417,0.015619039535522461,0.031129159033298492,-1.9833025932312012
1695486204.3069038,0.015556197613477707,0.031091969460248947,-1.9848560094833374
1695486204.3376336,0.015494298189878464,0.03087341971695423,-1.9861925840377808
1695486204.367219,0.015308469533920288,0.03108973056077957,-1.9872018098831177
1695486204.4017797,0.015341632068157196,0.03152797743678093,-1.986215591430664
1695486204.4343662,0.015139605849981308,0.032664306461811066,-1.9854568243026733
1695486204.4679034,0.015076171606779099,0.033771052956581116,-1.985007643699646
1695486204.5021102,0.015183031558990479,0.03464382886886597,-1.9836746454238892
1695486204.5367115,0.015643533319234848,0.03504359349608421,-1.9822567701339722
1695486204.570818,0.01616862043738365,0.03498150035738945,-1.980995535850525
1695486204.6023738,0.01613656058907509,0.03444511070847511,-1.9809210300445557
1695486204.6360557,0.016029857099056244,0.03358103334903717,-1.980398416519165
1695486204.6686316,0.01620372384786606,0.03253287076950073,-1.9801174402236938
1695486204.7025516,0.01686806231737137,0.03156806156039238,-1.9800599813461304
1695486204.7365286,0.01807442680001259,0.0313105434179306,-1.9803324937820435
1695486204.769589,0.019166767597198486,0.03169906139373779,-1.9806630611419678
1695486204.805749,0.019723109900951385,0.03265416622161865,-1.9805737733840942
1695486204.8358092,0.01946202665567398,0.03360913321375847,-1.980255365371704
1695486204.8689508,0.018802545964717865,0.034295279532670975,-1.9795464277267456
1695486204.9019172,0.017825305461883545,0.034781403839588165,-1.97909677028656
1695486204.9358325,0.017210684716701508,0.034970324486494064,-1.9794621467590332
1695486204.9689229,0.01687503233551979,0.034745633602142334,-1.9801148176193237
1695486205.002483,0.01675964519381523,0.034647293388843536,-1.981199026107788
1695486205.0351605,0.016540370881557465,0.0343744270503521,-1.981992244720459
1695486205.070714,0.016347210854291916,0.03420320898294449,-1.9822522401809692
1695486205.1026053,0.016460563987493515,0.033939726650714874,-1.9826829433441162
1695486205.137695,0.01663752645254135,0.03401089459657669,-1.98312246799469
1695486205.1693413,0.016600031405687332,0.0340876579284668,-1.9827461242675781
1695486205.2024367,0.01712857186794281,0.034096166491508484,-1.9819633960723877
1695486205.2364645,0.017225269228219986,0.03421418368816376,-1.9817596673965454
1695486205.2693543,0.01723388209939003,0.03436121344566345,-1.9819673299789429
1695486205.304966,0.017251718789339066,0.03440659120678902,-1.9818159341812134
1695486205.3379657,0.017226949334144592,0.034009359776973724,-1.981180191040039
1695486205.3698657,0.016933225095272064,0.03359820321202278,-1.9805704355239868
1695486205.4039068,0.016578834503889084,0.032979730516672134,-1.980286955833435
1695486205.439469,0.01652456447482109,0.032715149223804474,-1.9804415702819824
1695486205.4718313,0.0164567269384861,0.03255007788538933,-1.9805864095687866
1695486205.5038838,0.01643967255949974,0.03210863471031189,-1.9801757335662842
1695486205.5379632,0.016940195113420486,0.03192323446273804,-1.980197787284851
1695486205.5715547,0.017524167895317078,0.03220091760158539,-1.9804788827896118
1695486205.605765,0.018090534955263138,0.032617565244436264,-1.9807140827178955
1695486205.642825,0.01864643767476082,0.032934173941612244,-1.9808876514434814
1695486205.6723855,0.018606659024953842,0.03361208736896515,-1.9805575609207153
1695486205.7049246,0.017756160348653793,0.03430270403623581,-1.9804195165634155
1695486205.7404668,0.016973253339529037,0.03484509140253067,-1.980472207069397
1695486205.7728772,0.01653120666742325,0.03552936390042305,-1.980413794517517
1695486205.8056195,0.016123410314321518,0.035886190831661224,-1.980019450187683
1695486205.8388276,0.015985507518053055,0.03586175665259361,-1.9793628454208374
1695486205.8736525,0.016867753118276596,0.03605286031961441,-1.9792687892913818
1695486205.9057372,0.018431104719638824,0.035979729145765305,-1.979213833808899
1695486205.938852,0.019846417009830475,0.03543177992105484,-1.9788424968719482
1695486205.9739046,0.02112707495689392,0.03473852947354317,-1.9787406921386719
1695486206.0069923,0.02163519337773323,0.03441157937049866,-1.9782716035842896
1695486206.0476887,0.02149355784058571,0.03404023125767708,-1.9784222841262817
1695486206.088723,0.021120838820934296,0.03338726982474327,-1.978320598602295
1695486206.129228,0.020520132035017014,0.03292647749185562,-1.978509545326233
1695486206.1714957,0.019730672240257263,0.03274914622306824,-1.9787158966064453
1695486206.2120633,0.019010763615369797,0.032574765384197235,-1.9796961545944214
1695486206.2468014,0.018926233053207397,0.03259830176830292,-1.9810019731521606
1695486206.2770793,0.018492374569177628,0.032473981380462646,-1.9816884994506836
1695486206.3096702,0.018654577434062958,0.03275756910443306,-1.9816306829452515
1695486206.3408031,0.018592510372400284,0.0331280380487442,-1.9816051721572876
1695486206.3765604,0.0186392180621624,0.033617053180933,-1.9813470840454102
1695486206.4074693,0.018571946769952774,0.03403373807668686,-1.9808530807495117
1695486206.4427896,0.01817992329597473,0.03441184014081955,-1.9803054332733154
1695486206.4757257,0.017872583121061325,0.034538235515356064,-1.979779601097107
1695486206.5088143,0.017546359449625015,0.03467433899641037,-1.9797110557556152
1695486206.5429056,0.01755281537771225,0.03491605073213577,-1.9793273210525513
1695486206.5768707,0.01779567450284958,0.035021163523197174,-1.9788089990615845
1695486206.6099277,0.018064450472593307,0.03468633070588112,-1.978448748588562
1695486206.6421402,0.018217049539089203,0.03396666422486305,-1.9782395362854004
1695486206.6773455,0.017876893281936646,0.032955292612314224,-1.9786163568496704
1695486206.7108936,0.017172489315271378,0.03200302645564079,-1.9798318147659302
1695486206.7424774,0.01631484553217888,0.03139202296733856,-1.9808412790298462
1695486209.8788257,0.1499510407447815,0.030509784817695618,-2.0790512561798096
1695486209.9647949,0.13197030127048492,0.019942140206694603,-2.1223154067993164
1695486210.0290422,0.13811425864696503,0.003326541744172573,-2.1078131198883057
1695486210.088146,0.1210329532623291,-0.008375543169677258,-2.11086368560791
1695486210.1496108,0.11593429744243622,-0.008963859640061855,-2.10341739654541
1695486210.2186778,0.11065182834863663,-0.012337138876318932,-2.0986216068267822
1695486210.2617428,0.11606207489967346,-0.0052802423015236855,-2.0998473167419434
1695486210.3049767,0.11802684515714645,-0.003410482779145241,-2.0988731384277344
1695486210.3496232,0.11950336396694183,-0.0025042742490768433,-2.102057933807373
1695486210.3909316,0.11790886521339417,-0.0035461196675896645,-2.1028778553009033
1695486210.4349189,0.11276620626449585,-0.006837234832346439,-2.1035244464874268
1695486210.4789662,0.11123928427696228,-0.010040704160928726,-2.1006886959075928
1695486210.523876,0.11128875613212585,-0.013595708645880222,-2.098255157470703
1695486210.566513,0.1141626387834549,-0.013499966822564602,-2.0981063842773438
1695486210.6075637,0.11905959993600845,-0.013035500422120094,-2.0986111164093018
1695486210.6523197,0.12269087135791779,-0.013215920887887478,-2.0998358726501465
1695486210.6968384,0.12352770566940308,-0.017190251499414444,-2.0995805263519287
1695486210.7436283,0.12270034849643707,-0.01995529606938362,-2.098478317260742
1695486210.7866194,0.12258097529411316,-0.021160835400223732,-2.0990142822265625
1695486210.829687,0.12715129554271698,-0.020800579339265823,-2.098271131515503
1695486210.8723004,0.13048265874385834,-0.017896194010972977,-2.098856210708618
1695486210.915486,0.13799013197422028,-0.009193334728479385,-2.0966460704803467
1695486210.959534,0.1424192190170288,0.0013782158493995667,-2.092611789703369
1695486211.0010126,0.15176236629486084,0.016259368509054184,-2.085254430770874
1695486211.046921,0.17193853855133057,0.030448051169514656,-2.0860865116119385
1695486211.0887074,0.1824803352355957,0.042958758771419525,-2.087001085281372
1695486211.1287408,0.19347220659255981,0.04685363546013832,-2.094209909439087
1695486211.1717882,0.20506078004837036,0.04445541650056839,-2.1022605895996094
1695486211.2176156,0.22195398807525635,0.04361208900809288,-2.105696201324463
1695486211.2591908,0.238484188914299,0.04679490625858307,-2.1102871894836426
1695486211.3007932,0.2644060552120209,0.05146799236536026,-2.116668462753296
1695486211.3448932,0.2717818319797516,0.05097749084234238,-2.1137399673461914
1695486211.3885422,0.27860313653945923,0.05432765185832977,-2.1131751537323
1695486211.4298642,0.29898542165756226,0.07434920966625214,-2.110231637954712
1695486211.4722857,0.31095415353775024,0.08695600926876068,-2.1098508834838867
1695486211.516369,0.3198440372943878,0.09843100607395172,-2.1087470054626465
1695486211.5576005,0.326261967420578,0.10690578073263168,-2.1104323863983154
1695486211.599402,0.42922648787498474,0.125370055437088,-1.7787659168243408
1695486211.6421528,0.6109892129898071,0.1285802274942398,-1.6392961740493774
1695486211.6839218,0.799203634262085,0.12569917738437653,-1.6281051635742188
1695486211.726653,0.9476551413536072,0.11553017050027847,-1.684773325920105
1695486211.7688828,1.0909639596939087,0.09376925230026245,-1.8804675340652466
1695486211.8124135,1.118361234664917,0.09316433221101761,-1.9934353828430176
1695486211.8558085,1.1207319498062134,0.09251821786165237,-2.0818185806274414
1695486211.8998623,1.0878037214279175,0.07927405834197998,-2.208646297454834
1695486211.9426312,1.0709494352340698,0.08191089332103729,-2.250248908996582
1695486211.9821734,1.0632363557815552,0.08475326746702194,-2.266841411590576
1695486212.0247533,1.0607318878173828,0.08830976486206055,-2.267577886581421
1695486212.063828,1.062005877494812,0.09245927631855011,-2.2598397731781006
1695486212.1066344,1.0462673902511597,0.10771220177412033,-2.3045542240142822
1695486212.1459417,0.7819026708602905,-0.030309149995446205,-2.2958695888519287
1695486212.189042,0.5783423781394958,-0.029404783621430397,-2.295680284500122
1695486212.231317,0.44269490242004395,0.007532889023423195,-2.2810328006744385
1695486212.2728229,0.2963337004184723,0.0773804783821106,-2.1581296920776367
1695486212.3148649,0.27681323885917664,0.10012385249137878,-2.0816633701324463
1695486212.3559413,0.2789146304130554,0.11417973786592484,-2.0183584690093994
1695486212.3952677,0.29076823592185974,0.12256299704313278,-1.9708967208862305
1695486212.4318001,0.30434730648994446,0.12643370032310486,-1.9384106397628784
1695486212.469022,0.3326916992664337,0.13202285766601562,-1.8831355571746826
1695486212.504187,0.327560693025589,0.12383371591567993,-1.8945573568344116
1695486212.5373456,0.32234492897987366,0.11728277802467346,-1.9052413702011108
1695486212.5718834,0.3168586492538452,0.11147729307413101,-1.9164495468139648
1695486212.603895,0.3113541007041931,0.10664048045873642,-1.9283559322357178
1695486212.632821,0.30616647005081177,0.102545365691185,-1.940621256828308
1695486212.6564567,0.30149194598197937,0.09899815917015076,-1.9530889987945557
1695486212.690547,0.29745516180992126,0.09604822844266891,-1.9654730558395386
1695486212.723679,0.2941116988658905,0.09375850856304169,-1.9774470329284668
1695486212.7582846,0.2914307415485382,0.09199798107147217,-1.9888638257980347
1695486212.791393,0.28938227891921997,0.09061337262392044,-1.9995276927947998
1695486212.8238628,0.287844717502594,0.08979194611310959,-2.0093276500701904
1695486212.8574128,0.3192005753517151,0.09954549372196198,-2.010620355606079
1695486212.8985987,0.307094931602478,0.09315018355846405,-2.00663423538208
1695486212.9308114,0.29321837425231934,0.09027600288391113,-2.003890037536621
1695486212.9638722,0.28603026270866394,0.08224925398826599,-1.9981415271759033
1695486212.9978898,0.28394484519958496,0.07647022604942322,-1.9967966079711914
1695486213.031372,0.28883910179138184,0.07268739491701126,-2.025235891342163
1695486213.0674329,0.29155898094177246,0.06624529510736465,-2.0348522663116455
1695486213.0985065,0.292118638753891,0.06231863796710968,-2.0258843898773193
1695486213.132736,0.29272210597991943,0.059049755334854126,-2.0257084369659424
1695486213.1680596,0.2920863628387451,0.05676434189081192,-2.022986650466919
1695486213.1987035,0.2902315557003021,0.056427568197250366,-2.0188660621643066
1695486213.2335064,0.2887805700302124,0.057249993085861206,-2.0140764713287354
1695486213.2665703,0.28712165355682373,0.05833389610052109,-2.006251096725464
1695486213.2997308,0.2876388430595398,0.05978302285075188,-1.9975550174713135
1695486213.3338084,0.2865941524505615,0.05998481437563896,-1.9887874126434326
1695486213.3669322,0.28466594219207764,0.060808416455984116,-1.9815044403076172
1695486213.4010766,0.28205135464668274,0.06124761700630188,-1.9738566875457764
1695486213.432634,0.2757995128631592,0.05900859460234642,-1.970974326133728
1695486213.4698594,0.27203136682510376,0.058720290660858154,-1.9670186042785645
1695486213.4985013,0.27157461643218994,0.060341380536556244,-1.963014006614685
1695486213.5341008,0.27250903844833374,0.06291280686855316,-1.9607969522476196
1695486213.5686219,0.2743884027004242,0.06585370749235153,-1.9605435132980347
1695486213.6020796,0.27586475014686584,0.06742281466722488,-1.9600305557250977
1695486213.6356251,0.27789488434791565,0.06807958334684372,-1.9620968103408813
1695486213.6667068,0.2791979908943176,0.0675087422132492,-1.9627470970153809
1695486213.7008533,0.2784646153450012,0.06629582494497299,-1.9660136699676514
1695486213.7348647,0.2775556147098541,0.06467840075492859,-1.9713364839553833
1695486213.7669058,0.2775176763534546,0.06243763864040375,-1.973294973373413
1695486213.7998085,0.2773740291595459,0.05958474427461624,-1.973250389099121
1695486213.8339658,0.2781665623188019,0.056842781603336334,-1.971583366394043
1695486213.870487,0.27861136198043823,0.054983191192150116,-1.9692304134368896
1695486213.901108,0.2787575125694275,0.05412892997264862,-1.9669878482818604
1695486213.9352372,0.2788836359977722,0.05383631959557533,-1.9650901556015015
1695486213.9674015,0.2792026400566101,0.05425707995891571,-1.9637690782546997
1695486214.0014553,0.27917733788490295,0.05586385726928711,-1.9641985893249512
1695486214.0345547,0.2808009684085846,0.05813472345471382,-1.9657312631607056
1695486214.066617,0.28305014967918396,0.06023447960615158,-1.9676239490509033
1695486214.1023831,0.2807523310184479,0.05636880546808243,-1.9687973260879517
1695486214.1354098,0.2831583619117737,0.0564667247235775,-1.9703590869903564
1695486214.1698904,0.288675993680954,0.05927731841802597,-1.9659905433654785
1695486214.2028508,0.2941054701805115,0.06231220066547394,-1.9639323949813843
1695486214.2354648,0.2990085482597351,0.0653240978717804,-1.9623783826828003
1695486214.2685823,0.3017556667327881,0.06775513291358948,-1.9636471271514893
1695486214.3019152,0.3021923899650574,0.06937458366155624,-1.9657540321350098
1695486214.3346033,0.2970045804977417,0.06887345016002655,-1.966854453086853
1695486214.369122,0.29388654232025146,0.06794790923595428,-1.9683045148849487
1695486214.4021535,0.2924306392669678,0.06621641665697098,-1.9700216054916382
1695486214.4371943,0.2908876836299896,0.06399762630462646,-1.970226764678955
1695486214.48091,0.2899782657623291,0.06276290118694305,-1.969562292098999
1695486214.5244246,0.28945091366767883,0.06294895708560944,-1.969144582748413
1695486214.5674691,0.2897758483886719,0.0629839301109314,-1.9673380851745605
1695486214.6110346,0.2902756929397583,0.06484831869602203,-1.9697448015213013
1695486214.6435733,0.2896488606929779,0.06583230197429657,-1.9712355136871338
1695486214.6746206,0.28961366415023804,0.06654603034257889,-1.9734182357788086
1695486214.7047167,0.29045969247817993,0.06727639585733414,-1.9749828577041626
1695486214.738243,0.28486454486846924,0.0618550181388855,-1.9748419523239136
1695486214.7718225,0.2815086841583252,0.05530232936143875,-1.9771051406860352
1695486214.8044333,0.2820374667644501,0.05172983929514885,-1.9794514179229736
1695486214.8495128,0.2878078818321228,0.05262794718146324,-1.979235053062439
1695486214.88008,0.29438209533691406,0.05559029057621956,-1.9765015840530396
1695486214.9111385,0.29381638765335083,0.05207769572734833,-1.971025824546814
1695486214.9407253,0.2920282185077667,0.04806748405098915,-1.9715547561645508
1695486214.973787,0.2898118495941162,0.044183388352394104,-1.9750560522079468
1695486215.006863,0.28809359669685364,0.040929049253463745,-1.9794285297393799
1695486215.0384197,0.28632447123527527,0.03854292258620262,-1.983354091644287
1695486215.073949,0.2841082215309143,0.037271540611982346,-1.9847722053527832
1695486216.8539982,0.3059030771255493,0.04930691048502922,-1.9590427875518799
1695486216.9003565,0.3073306679725647,0.050867561250925064,-1.9581950902938843
1695486216.949967,0.30485618114471436,0.05919995158910751,-1.9634227752685547
1695486216.9966786,0.3038037419319153,0.06501375138759613,-1.9687414169311523
1695486217.0956442,0.29012131690979004,0.06049808859825134,-1.9770632982254028
1695486217.1518078,0.2834896147251129,0.05916455388069153,-1.9777812957763672
1695486217.2098804,0.28378933668136597,0.056895967572927475,-1.9699944257736206
1695486217.2539284,0.2927679419517517,0.05968671292066574,-1.9749411344528198
1695486217.2984793,0.2882712483406067,0.059843748807907104,-1.9687963724136353
1695486217.3421593,0.28511661291122437,0.059244848787784576,-1.9667937755584717
1695486217.387816,0.28373414278030396,0.05885083228349686,-1.965469479560852
1695486217.4289052,0.2809486985206604,0.0585986003279686,-1.967269778251648
1695486217.4718084,0.28128018975257874,0.05714644864201546,-1.9696598052978516
1695486217.5128572,0.28147560358047485,0.055750951170921326,-1.969375491142273
1695486217.5569365,0.28340113162994385,0.05555788055062294,-1.967292308807373
1695486217.5974145,0.28562599420547485,0.055213939398527145,-1.97520112991333
1695486217.642435,0.28634563088417053,0.05559574067592621,-1.979071021080017
1695486217.6855512,0.28908902406692505,0.05616169795393944,-1.9827370643615723
1695486217.7298827,0.29119399189949036,0.05778960511088371,-1.9789162874221802
1695486217.7736168,0.29302626848220825,0.058829084038734436,-1.9742991924285889
1695486217.8146973,0.29455697536468506,0.059405114501714706,-1.9726802110671997
1695486217.857346,0.29569342732429504,0.0594940260052681,-1.9686211347579956
1695486217.9003956,0.29577910900115967,0.06014256924390793,-1.9628442525863647
1695486217.9436183,0.2962416410446167,0.06043292582035065,-1.9582759141921997
1695486217.9858325,0.29789823293685913,0.060437146574258804,-1.9564425945281982
1695486218.0299046,0.3000757694244385,0.05999286472797394,-1.9539514780044556
1695486218.0719306,0.30182743072509766,0.059266168624162674,-1.9497017860412598
1695486218.1136203,0.3025115132331848,0.05865968391299248,-1.9493637084960938
1695486218.156391,0.3016718626022339,0.06065284088253975,-1.9467473030090332
1695486218.1968725,0.2991310954093933,0.06151636689901352,-1.9516255855560303
1695486218.240907,0.2968043386936188,0.06258463859558105,-1.9561307430267334
1695486218.285008,0.2950814962387085,0.0633251741528511,-1.959119439125061
1695486218.3252378,0.29725390672683716,0.06428024172782898,-1.9617607593536377
1695486218.3652186,0.2988981604576111,0.06313255429267883,-1.960984468460083
1695486218.407907,0.29976925253868103,0.0631491020321846,-1.9612566232681274
1695486218.4479854,0.2985379099845886,0.06323851644992828,-1.9640820026397705
1695486218.4915595,0.2950946092605591,0.06342996656894684,-1.9659806489944458
1695486218.5336387,0.29225343465805054,0.06350378692150116,-1.9664725065231323
1695486218.5753357,0.29083430767059326,0.06241918355226517,-1.9666664600372314
1695486218.6161602,0.2904090881347656,0.06172879785299301,-1.965290904045105
1695486218.6588783,0.2937266528606415,0.06055264174938202,-1.9614814519882202
1695486218.6994004,0.29617393016815186,0.05955230072140694,-1.9607994556427002
1695486218.7425287,0.29846104979515076,0.05858209356665611,-1.9600145816802979
1695486218.7835546,0.2993960976600647,0.05821990966796875,-1.9622681140899658
1695486218.825171,0.30033352971076965,0.05597669258713722,-1.9671039581298828
1695486218.8658814,0.298366516828537,0.05604766681790352,-1.9711843729019165
1695486218.907712,0.2982897460460663,0.05649154260754585,-1.9646164178848267
1695486218.9481874,0.29758116602897644,0.05829032510519028,-1.9583224058151245
1695486218.9902694,0.29848191142082214,0.06351524591445923,-1.9481651782989502
1695486219.0308385,0.2989839017391205,0.06408576667308807,-1.959242582321167
1695486219.0724585,0.29926633834838867,0.06445266306400299,-1.9687014818191528
1695486219.112495,0.29568061232566833,0.06447909772396088,-1.9739969968795776
1695486219.1587837,0.29115405678749084,0.06381801515817642,-1.981215000152588
1695486219.1986094,0.29076695442199707,0.06403155624866486,-1.9821159839630127
1695486219.2417765,0.2922247052192688,0.06386910378932953,-1.9811888933181763
1695486219.2838538,0.2943963408470154,0.0629035085439682,-1.9775795936584473
1695486219.3249009,0.29473069310188293,0.061227425932884216,-1.976832389831543
1695486219.3678908,0.29424533247947693,0.06126983463764191,-1.9719611406326294
1695486219.4098163,0.2968797981739044,0.06062204763293266,-1.970637559890747
1695486219.4524322,0.29644909501075745,0.06107453629374504,-1.9693450927734375
1695486219.495464,0.2944614887237549,0.06247200071811676,-1.9628146886825562
1695486219.540653,0.2963934540748596,0.06221361458301544,-1.9620033502578735
1695486219.5808861,0.2953428626060486,0.06230645999312401,-1.9605497121810913
1695486219.6205244,0.2953597903251648,0.06297407299280167,-1.9598071575164795
1695486219.6506245,0.2971609830856323,0.06353575736284256,-1.9610049724578857
1695486219.6807184,0.300009548664093,0.063942551612854,-1.9636962413787842
1695486219.7090433,0.30231359601020813,0.06313949078321457,-1.9661630392074585
1695486219.7396085,0.3013930916786194,0.06331785768270493,-1.9652748107910156
1695486219.7691708,0.3016415536403656,0.06408227235078812,-1.968316674232483
1695486219.799228,0.2990233302116394,0.064363032579422,-1.9665226936340332
1695486219.8278575,0.29762566089630127,0.06459186971187592,-1.9675147533416748
1695486219.8621185,0.2959771752357483,0.06482145190238953,-1.96836519241333
1695486219.891192,0.2943416237831116,0.0648580938577652,-1.9698466062545776
1695486219.9237585,0.2917351722717285,0.06434786319732666,-1.961841106414795
1695486219.9553668,0.2910960018634796,0.06422512233257294,-1.9622913599014282
1695486219.987443,0.2914838194847107,0.06135024130344391,-1.9604949951171875
1695486220.024494,0.2900393605232239,0.05944637581706047,-1.954848051071167
1695486220.0570574,0.2918667495250702,0.05809525400400162,-1.9577795267105103
1695486220.089086,0.2937016189098358,0.05798811838030815,-1.9638768434524536
1695486220.1236734,0.2915763556957245,0.05854788422584534,-1.9694079160690308
1695486220.1576803,0.29122114181518555,0.057895440608263016,-1.9733365774154663
1695486220.1888194,0.291974276304245,0.05740479379892349,-1.974901795387268
1695486220.2220392,0.29484134912490845,0.05759141594171524,-1.976293683052063
1695486220.2568212,0.2985900640487671,0.05769483000040054,-1.9758105278015137
1695486220.2888637,0.30170905590057373,0.05786941945552826,-1.973780870437622
1695486220.323914,0.30291885137557983,0.05812745541334152,-1.9718663692474365
1695486220.3583376,0.3031238615512848,0.05831579491496086,-1.9691001176834106
1695486220.3913913,0.30257296562194824,0.05949679762125015,-1.9676153659820557
1695486220.4249713,0.30177149176597595,0.0608333945274353,-1.9679914712905884
1695486220.457507,0.3008389472961426,0.061351366341114044,-1.968843698501587
1695486220.4911904,0.2994981110095978,0.061650730669498444,-1.9689463376998901
1695486220.5237184,0.2988661229610443,0.06190217658877373,-1.9687864780426025
1695486220.5567627,0.2983398139476776,0.061567116528749466,-1.9701703786849976
1695486220.5914252,0.29701298475265503,0.06099390983581543,-1.9694666862487793
1695486220.6235878,0.29586243629455566,0.06016131490468979,-1.9711605310440063
1695486220.6573553,0.2957206964492798,0.05948656052350998,-1.9736195802688599
1695486220.6914358,0.2960599362850189,0.05854347348213196,-1.975236415863037
1695486220.7254763,0.29597270488739014,0.05754021555185318,-1.9753696918487549
1695486220.7575653,0.2953353226184845,0.05747662112116814,-1.9757730960845947
1695486220.791354,0.29464343190193176,0.058052804321050644,-1.9765524864196777
1695486220.826133,0.2947190999984741,0.05858835205435753,-1.976879358291626
1695486220.858083,0.2948663532733917,0.05910990387201309,-1.9756190776824951
1695486220.8916962,0.29458290338516235,0.059854984283447266,-1.9745309352874756
1695486220.9266872,0.2940179407596588,0.060464825481176376,-1.9729927778244019
1695486220.9586678,0.2936091125011444,0.06049476936459541,-1.971226453781128
1695486220.9938042,0.2936842143535614,0.059975914657115936,-1.9682178497314453
1695486221.025481,0.2929334044456482,0.059964619576931,-1.9666967391967773
1695486221.0590339,0.2920214831829071,0.05971091613173485,-1.9664918184280396
1695486221.0927117,0.2912081778049469,0.059738244861364365,-1.967536211013794
1695486221.1247096,0.2912447452545166,0.05947132408618927,-1.9678773880004883
1695486221.1598172,0.2918362021446228,0.059227801859378815,-1.9677242040634155
1695486221.1924896,0.2912445664405823,0.059299908578395844,-1.9681663513183594
1695486221.2255747,0.2906229496002197,0.05855057016015053,-1.9706828594207764
1695486221.2620955,0.2895479202270508,0.05756291374564171,-1.9737060070037842
1695486221.2936468,0.2899913191795349,0.05634947121143341,-1.973588228225708
1695486221.3268507,0.28998422622680664,0.05575031787157059,-1.9734615087509155
1695486221.3613594,0.29063940048217773,0.05525339022278786,-1.974320888519287
1695486221.3947046,0.2916252613067627,0.05417627468705177,-1.9734646081924438
1695486221.427568,0.2918005585670471,0.05363506078720093,-1.9731395244598389
1695486221.4638493,0.2917419672012329,0.05345822870731354,-1.9734547138214111
1695486221.496507,0.2905219495296478,0.054572563618421555,-1.9745380878448486
1695486221.530822,0.2900694012641907,0.054263655096292496,-1.9767950773239136
1695486221.561867,0.28771716356277466,0.054466720670461655,-1.972555160522461
1695486221.5968325,0.2873052954673767,0.054230768233537674,-1.9702379703521729
1695486221.6291738,0.28805023431777954,0.05399486795067787,-1.9717227220535278
1695486221.663918,0.28931641578674316,0.05492087081074715,-1.9679994583129883
1695486221.6986396,0.2880186438560486,0.056578103452920914,-1.9653922319412231
1695486221.7287662,0.2862805128097534,0.05730573087930679,-1.9665560722351074
1695486221.764686,0.2837052047252655,0.05689574405550957,-1.969573974609375
1695486221.7983246,0.28207388520240784,0.05572643503546715,-1.9722466468811035
1695486221.8328607,0.28113093972206116,0.05428765341639519,-1.9731801748275757
1695486221.8759582,0.2822904884815216,0.052749812602996826,-1.972185492515564
1695486221.9194927,0.2822362184524536,0.05227600783109665,-1.9712625741958618
1695486221.960552,0.283628910779953,0.0517759770154953,-1.9766011238098145
1695486222.0046868,0.28484493494033813,0.05270777642726898,-1.976887583732605
Distance top: 0.26331437
Distance right: 0.2795452
Center: [0.29485568 0.05997942]
metaphor: pull
guidance_approach: two_tactor
intensity: zone
layout: vertical
Target location: [ 0.04429082 -0.05677065]
Theta: 116.32016350626839
1695486227.114997,0.2831134796142578,0.05859062820672989,-1.9423447847366333
1695486227.280065,0.2876113951206207,0.0604223906993866,-1.9547349214553833
1695486227.4537065,0.5550378561019897,-0.22565864026546478,-2.0838682651519775
1695486227.6877897,0.3525232970714569,-0.03290434926748276,-1.9320409297943115
1695486227.8508742,0.295730322599411,0.11160297691822052,-1.9981166124343872
1695486228.0205956,0.2863842248916626,0.0864717960357666,-2.005145311355591
1695486228.194407,0.2922683656215668,0.06433488428592682,-1.9920310974121094
1695486228.35796,0.3072836995124817,0.07430517673492432,-1.9975672960281372
1695486228.531317,0.2974337637424469,0.07704228162765503,-1.9972995519638062
1695486228.6968203,0.2985183596611023,0.09473278373479843,-1.9967001676559448
1695486228.868021,0.2997733950614929,0.10591364651918411,-1.9989285469055176
1695486229.034597,0.3051591217517853,0.1127612516283989,-1.9881765842437744
1695486229.2009857,0.29083549976348877,0.11344277858734131,-1.9906911849975586
1695486229.36689,0.2933347225189209,0.11343680322170258,-1.9897089004516602
1695486229.5387857,0.2837947905063629,0.12000252306461334,-1.9958161115646362
1695486229.7021294,0.2782590389251709,0.11609246581792831,-1.9941728115081787
1695486229.8728178,0.27675241231918335,0.11518009752035141,-1.9926189184188843
1695486230.037555,0.2878273129463196,0.1127634346485138,-1.9973973035812378
1695486230.2154853,0.2900284230709076,0.11413287371397018,-2.008908987045288
1695486230.3818464,0.2890762388706207,0.11286787688732147,-2.0174052715301514
1695486230.5476425,0.9913117289543152,-0.249832421541214,-2.218984842300415
1695486230.7144911,1.1402256488800049,-0.17818906903266907,-2.034470319747925
1695486230.8930063,1.20670747756958,-0.12848839163780212,-2.010272741317749
1695486231.0562415,1.2145315408706665,-0.13247141242027283,-2.0432963371276855
1695486231.2199702,1.192086935043335,-0.1480783075094223,-2.089691638946533
1695486231.3883507,1.176065444946289,-0.1570286750793457,-2.118647813796997
1695486231.5559146,1.1362919807434082,-0.17996490001678467,-2.0834312438964844
1695486231.7226202,1.1541351079940796,-0.16477137804031372,-2.1163036823272705
1695486231.8979304,1.175750970840454,-0.13378091156482697,-2.1318085193634033
1695486232.0646033,1.1642433404922485,-0.14171507954597473,-2.106083869934082
1695486232.2427921,1.1785204410552979,-0.1277669072151184,-2.1039321422576904
1695486232.4076104,1.1939443349838257,-0.10689753293991089,-2.133091926574707
1695486232.5896184,1.166733980178833,-0.0835513323545456,-2.3273391723632812
1695486232.718877,1.1344518661499023,-0.07432566583156586,-2.3921151161193848
1695486232.8493469,0.5661388635635376,-0.17361265420913696,-2.54970121383667
1695486232.979433,0.20398864150047302,-0.08240140229463577,-2.1641836166381836
1695486233.1108284,0.23097240924835205,-0.025533728301525116,-1.9506169557571411
1695486233.2418451,0.2473219782114029,-0.01781567744910717,-1.9280940294265747
1695486233.370126,0.2218051552772522,-0.03146492689847946,-1.9876140356063843
1695486233.4988196,0.20200343430042267,-0.051163945347070694,-2.0558199882507324
1695486233.6293144,0.1953277438879013,-0.07109716534614563,-2.090642213821411
1695486233.7572424,0.1911720633506775,-0.07946158200502396,-2.1232309341430664
1695486233.885636,0.187394380569458,-0.07446756958961487,-2.10705304145813
1695486234.0161326,0.19108432531356812,-0.07318463921546936,-2.0821359157562256
1695486234.145486,0.1928817182779312,-0.08021087199449539,-2.093751907348633
1695486234.2744808,0.19117183983325958,-0.08690287917852402,-2.098696708679199
1695486234.4039626,0.1840178370475769,-0.0935969427227974,-2.085205078125
1695486234.5337825,0.1804857850074768,-0.09208192676305771,-2.0819084644317627
1695486234.6635816,0.17834004759788513,-0.0936075896024704,-2.084397792816162
1695486234.7908795,0.17569108307361603,-0.10307175666093826,-2.0791709423065186
1695486234.9199505,0.18463805317878723,-0.10917147994041443,-2.0773284435272217
1695486235.0485175,0.18489782512187958,-0.1172281801700592,-2.0786774158477783
1695486235.179845,0.1683729737997055,-0.1153969019651413,-2.0731310844421387
1695486235.306973,0.15654096007347107,-0.11317888647317886,-2.074582099914551
1695486235.4379618,0.14048627018928528,-0.11248625814914703,-2.0939559936523438
1695486235.5696323,0.12172490358352661,-0.10391660034656525,-2.087850332260132
1695486235.714865,0.10820355266332626,-0.07900932431221008,-2.0581367015838623
1695486235.8460183,0.10772077739238739,-0.0643443688750267,-2.0483205318450928
1695486235.9778693,0.1127416342496872,-0.05658545345067978,-2.0425777435302734
1695486236.111073,0.1183939203619957,-0.05518867447972298,-2.0259268283843994
1695486236.2429993,0.11371609568595886,-0.054924603551626205,-2.0102248191833496
1695486236.38639,0.11171512305736542,-0.06259839236736298,-2.010082960128784
1695486236.5296729,0.11532645672559738,-0.07439650595188141,-2.015047311782837
1695486236.6736734,0.11980671435594559,-0.08395693451166153,-2.0135867595672607
1695486236.8168259,0.11440713703632355,-0.04664023593068123,-2.030799388885498
1695486236.9620812,0.11026138812303543,-0.027437126263976097,-2.0445785522460938
1695486237.1067114,0.11022234708070755,-0.023822054266929626,-2.0491442680358887
1695486237.248883,0.10990738868713379,-0.024314291775226593,-2.052186965942383
1695486237.3879035,0.12730459868907928,-0.06980013102293015,-2.024442672729492
1695486237.534322,0.1474221646785736,-0.08372028172016144,-2.0159785747528076
1695486237.6817288,0.14846201241016388,-0.08716166019439697,-2.0091888904571533
1695486237.830792,0.14477673172950745,-0.08818941563367844,-2.0149598121643066
1695486237.9745743,0.1370229870080948,-0.08471278101205826,-2.0144951343536377
1695486238.1237204,0.12576717138290405,-0.07504582405090332,-2.014176607131958
1695486238.287269,0.12293826043605804,-0.06760139763355255,-2.0138840675354004
1695486238.456306,0.14162561297416687,-0.08441505581140518,-2.040546178817749
1695486238.6291592,0.1314849853515625,-0.07209663838148117,-2.0260496139526367
1695486238.793886,0.12439616769552231,-0.04996565729379654,-2.00881290435791
1695486238.9655867,0.12795116007328033,-0.02719672955572605,-2.0099472999572754
1695486239.1362426,0.12482724338769913,-0.01308632455766201,-2.0127012729644775
1695486239.3009539,0.12087460607290268,0.004746251739561558,-2.0136208534240723
1695486239.4730108,0.11067499220371246,0.02303117886185646,-2.0375068187713623
1695486239.6507955,0.10889977216720581,0.02515367791056633,-2.0442583560943604
1695486239.8279448,0.11664526909589767,0.02248988300561905,-2.010352373123169
1695486239.9971492,0.11313620209693909,0.10335036367177963,-2.013875722885132
1695486240.1659071,0.10445272922515869,0.1349044144153595,-2.0222551822662354
1695486240.3446903,0.10055316984653473,0.16363723576068878,-2.02500057220459
1695486240.510114,0.08039257675409317,0.1597469449043274,-2.03202748298645
1695486240.678018,0.06492938846349716,0.12002856284379959,-2.06353759765625
1695486240.8409824,0.06205686926841736,0.09936201572418213,-2.0425803661346436
1695486241.012844,0.0581914559006691,0.10547302663326263,-2.0225560665130615
1695486241.1759307,0.06000693514943123,0.11024045199155807,-2.017343044281006
1695486241.351061,0.052113790065050125,0.09788331389427185,-2.029233932495117
1695486241.5178232,0.05658021196722984,0.0773993507027626,-2.034763813018799
1695486241.6890512,0.07408957183361053,0.04563308134675026,-2.0439162254333496
1695486241.8571854,0.08686969429254532,0.019545208662748337,-2.0271403789520264
1695486242.0318696,0.08374813199043274,0.04836103320121765,-2.0527231693267822
1695486242.1970944,0.12575660645961761,0.09957907348871231,-2.077289581298828
1695486242.364063,0.08987830579280853,0.19450274109840393,-2.0939128398895264
1695486242.5319915,0.7624111175537109,0.21220605075359344,-2.8593647480010986
1695486242.7118165,1.173025369644165,-0.10948917269706726,-2.128340482711792
1695486242.8736682,1.1113016605377197,-0.16700418293476105,-1.9639348983764648
1695486243.0480838,1.0974154472351074,-0.18434874713420868,-1.9894771575927734
1695486243.214866,1.1140937805175781,-0.15376655757427216,-2.207787036895752
1695486243.3875458,1.1096816062927246,-0.16612577438354492,-2.1868481636047363
1695486243.5553465,0.23932720720767975,-0.046280402690172195,-2.5032975673675537
1695486243.7280068,-0.004129093140363693,0.10833458602428436,-2.005182981491089
1695486243.8928723,0.04747455567121506,0.12259504199028015,-1.891939640045166
1695486244.0701337,0.03343835473060608,0.09910479187965393,-1.9313851594924927
1695486244.233867,0.015216600149869919,0.08367613703012466,-1.97877037525177
1695486244.4056728,0.00867670401930809,0.04875561594963074,-2.0484344959259033
1695486244.573605,0.006495088338851929,0.05550307780504227,-2.0589799880981445
1695486244.7381976,-0.001796964555978775,0.05843552201986313,-2.0501439571380615
1695486244.9100266,-0.00501454621553421,0.06270167231559753,-2.0283279418945312
1695486245.0830088,0.00916948914527893,0.09627538174390793,-2.0294137001037598
1695486245.249817,0.014610398560762405,0.13043113052845,-2.0458385944366455
1695486245.4240446,0.02414100617170334,0.17668946087360382,-2.0709547996520996
1695486245.5907445,0.035477422177791595,0.21864689886569977,-2.0775673389434814
1695486245.7641046,0.04082333669066429,0.2317046821117401,-2.0815651416778564
1695486245.9325652,0.025494594126939774,0.22054043412208557,-2.0821642875671387
1695486246.1028385,0.020627867430448532,0.1712261438369751,-2.050830125808716
1695486246.2750583,0.00840410590171814,0.10705003142356873,-2.0307233333587646
1695486246.455219,0.012772422283887863,0.08797325193881989,-2.032588243484497
1695486246.626915,0.02327549457550049,0.0588391087949276,-2.019068717956543
1695486246.7983196,0.022651124745607376,0.014134019613265991,-2.030017375946045
1695486246.9648757,0.03264172002673149,0.0035460330545902252,-2.0467004776000977
1695486247.135933,0.06694589555263519,-0.0002739075571298599,-2.05013370513916
1695486247.3047028,0.11009201407432556,0.040819019079208374,-2.056940793991089
1695486247.4839416,0.1336502730846405,0.06816717982292175,-2.0825161933898926
1695486247.659388,0.15001386404037476,0.1072985827922821,-2.091355323791504
1695486247.8345141,0.9188154339790344,0.11224909871816635,-1.7190711498260498
1695486248.001707,0.3327852785587311,0.1387827843427658,-1.7423571348190308
1695486248.1781054,0.1688292920589447,0.08417734503746033,-2.0344653129577637
1695486248.344022,0.16452370584011078,0.038908280432224274,-2.183530807495117
1695486248.517812,0.17254795134067535,0.05195307731628418,-2.167606830596924
1695486248.6837904,0.8498740792274475,0.04245872050523758,-1.637612223625183
1695486248.856243,1.1030522584915161,-0.00097748264670372,-2.3680267333984375
1695486249.0241978,0.8762437701225281,-0.179560124874115,-2.352858543395996
1695486249.1967082,0.9054691195487976,-0.1939287632703781,-2.2725775241851807
1695486249.3619943,0.17219612002372742,-0.03691278398036957,-2.394543409347534
1695486249.5399687,0.08882178366184235,0.05868322774767876,-1.98298180103302
1695486249.7040358,0.09011685103178024,0.04347264766693115,-1.9355038404464722
1695486249.8808239,0.07331536710262299,0.02829379215836525,-1.96054208278656
1695486250.0466447,0.04985423386096954,-0.0005490612238645554,-1.9970449209213257
1695486250.2159197,0.03879263997077942,-0.06031205505132675,-2.0392820835113525
Time to target: 23.270103693008423 s
----
----
