1697224969.5073874,0.8517915606498718,-0.22979336977005005,-2.096008539199829
1697224969.594986,0.45317545533180237,-0.01855287328362465,-1.8067219257354736
1697224969.762485,0.2943342924118042,0.02537689171731472,-1.783666729927063
1697224969.842286,0.20415595173835754,0.012848896905779839,-1.8788337707519531
1697224969.9123824,0.20886847376823425,-0.03802166506648064,-2.061983585357666
1697224969.9788892,0.227791428565979,-0.040261976420879364,-2.1324713230133057
1697224970.0219321,0.25338831543922424,-0.014371106401085854,-2.1823580265045166
1697224970.0661561,0.26643356680870056,0.014123179018497467,-2.19284725189209
1697224970.110298,0.27052009105682373,0.009880508296191692,-2.169442653656006
1697224970.1523333,0.27425816655158997,0.0073441509157419205,-2.151496648788452
1697224970.196932,0.27657169103622437,0.007981328293681145,-2.13334321975708
1697224970.240831,0.2773214280605316,0.0012195003218948841,-2.1181728839874268
1697224970.284156,0.2778932750225067,-0.0036804196424782276,-2.1112682819366455
1697224970.3278654,0.2665068507194519,-0.009253647178411484,-2.096656322479248
1697224970.3691032,0.25753533840179443,-0.014932224527001381,-2.090230703353882
1697224970.4109488,0.25056588649749756,-0.019188418984413147,-2.0870583057403564
1697224970.4521508,0.24615876376628876,-0.022054988890886307,-2.0804998874664307
1697224970.4973118,0.23328092694282532,-0.029133934527635574,-2.0679211616516113
1697224970.5376685,0.22594405710697174,-0.030501488596200943,-2.066009998321533
1697224970.5807483,0.2248910665512085,-0.02928641065955162,-2.0661747455596924
1697224970.6221244,0.2263246774673462,-0.028195984661579132,-2.0677573680877686
1697224970.6653056,0.2355305701494217,-0.02018517255783081,-2.0857760906219482
1697224970.706372,0.2455397993326187,-0.019162839278578758,-2.0991597175598145
1697224970.7479446,0.2540726959705353,-0.017513226717710495,-2.1160948276519775
1697224970.7890003,0.26012560725212097,-0.014751162379980087,-2.1271603107452393
1697224970.832889,0.2693553566932678,-0.007540380582213402,-2.121230125427246
1697224970.8770328,0.27383193373680115,-0.002973492257297039,-2.1215600967407227
1697224970.9199295,0.2762729227542877,-0.000753358006477356,-2.1215627193450928
1697224970.9635727,0.27903246879577637,-0.003022785298526287,-2.0930042266845703
1697224971.0066679,0.2769368290901184,-0.005434112623333931,-2.0898447036743164
1697224971.0496964,0.2773788571357727,-0.006288639269769192,-2.0771656036376953
1697224971.0892386,0.28111520409584045,-0.007426463067531586,-2.068542003631592
1697224971.1321537,0.27941322326660156,-0.007802151143550873,-2.076111078262329
1697224971.171682,0.27562379837036133,-0.008580409921705723,-2.0907540321350098
1697224971.213742,0.2747797667980194,-0.01145999040454626,-2.106227159500122
1697224971.256377,0.2739587724208832,-0.012919154949486256,-2.1190273761749268
1697224971.2971044,0.2718662917613983,-0.014021843671798706,-2.131643056869507
1697224971.338941,0.2693314552307129,-0.013928786851465702,-2.1335196495056152
1697224971.3829732,0.26714619994163513,-0.013564209453761578,-2.1319360733032227
1697224971.4272575,0.2650764584541321,-0.013169482350349426,-2.1280500888824463
1697224971.4695487,0.26924437284469604,-0.014992804266512394,-2.118699312210083
1697224971.5124958,0.27234750986099243,-0.01487407274544239,-2.112377882003784
1697224971.553424,0.27438071370124817,-0.013799191452562809,-2.1093051433563232
1697224971.5960808,0.27505072951316833,-0.012329722754657269,-2.1050221920013428
1697224971.6371586,0.27512383460998535,-0.011672258377075195,-2.0992984771728516
1697224971.680303,0.2729741632938385,-0.010784071870148182,-2.094926595687866
1697224971.7193582,0.2729010283946991,-0.010032747872173786,-2.089794874191284
1697224971.7609954,0.2736058533191681,-0.008816171437501907,-2.087354898452759
1697224971.7900345,0.2719575762748718,-0.0075079295784235,-2.0866215229034424
1697224971.8192437,0.271118700504303,-0.00629037618637085,-2.085954427719116
1697224971.8513255,0.2687198519706726,-0.005070683546364307,-2.085247755050659
1697224971.881061,0.26561516523361206,-0.003072318620979786,-2.0837435722351074
1697224971.9102485,0.2622067630290985,-0.0014285072684288025,-2.08134126663208
1697224971.941747,0.25910061597824097,-0.00010645762085914612,-2.0783472061157227
1697224971.9718025,0.25679394602775574,-0.00035149604082107544,-2.0763840675354004
1697224972.0013285,0.2566256821155548,8.256174623966217e-05,-2.072894334793091
1697224972.0312958,0.2581214904785156,0.0014155544340610504,-2.0697450637817383
1697224972.0628548,0.25799208879470825,0.0029243826866149902,-2.0678138732910156
1697224972.0964727,0.25679272413253784,0.0036844778805971146,-2.067023515701294
1697224972.1300213,0.2547650635242462,0.004667550325393677,-2.066349506378174
1697224972.1615794,0.2537692189216614,0.003714153543114662,-2.0643906593322754
1697224972.1963701,0.2520204782485962,0.0027753151953220367,-2.0634121894836426
1697224972.2289286,0.25006335973739624,0.0018759015947580338,-2.0601613521575928
1697224972.2623084,0.24781091511249542,0.0018186382949352264,-2.055788516998291
1697224972.2982724,0.24673904478549957,0.0016463026404380798,-2.0608723163604736
1697224972.332351,0.2475772351026535,0.0012167450040578842,-2.0723893642425537
1697224972.3634353,0.2475595772266388,0.0009245444089174271,-2.0820257663726807
1697224972.3990622,0.24949423968791962,-0.00012194178998470306,-2.088751792907715
1697224972.430582,0.25382402539253235,-0.0033117588609457016,-2.093250036239624
1697224972.4641564,0.25914067029953003,-0.008052287623286247,-2.096586227416992
1697224972.4966757,0.26417186856269836,-0.0133016686886549,-2.0989162921905518
1697224972.5307457,0.267744243144989,-0.018766479566693306,-2.099245071411133
1697224972.5643067,0.27006953954696655,-0.02391193062067032,-2.099083185195923
1697224972.598079,0.2718830108642578,-0.028638925403356552,-2.0987377166748047
1697224972.630636,0.27052807807922363,-0.031365036964416504,-2.1015756130218506
1697224972.6652815,0.26923778653144836,-0.03270035982131958,-2.1037511825561523
1697224972.6986616,0.2677360475063324,-0.03268740326166153,-2.1029911041259766
1697224972.7322075,0.2649945318698883,-0.03176620602607727,-2.102200508117676
1697224972.763724,0.2655077576637268,-0.031793013215065,-2.0998446941375732
1697224972.8009763,0.26449698209762573,-0.030411582440137863,-2.0979578495025635
1697224972.833541,0.2647668123245239,-0.028160158544778824,-2.0953776836395264
1697224972.864107,0.26368770003318787,-0.025403428822755814,-2.093749761581421
1697224972.8978636,0.265453040599823,-0.022620566189289093,-2.0915911197662354
1697224972.933404,0.2686415910720825,-0.0197252556681633,-2.088439464569092
1697224972.9639838,0.27274054288864136,-0.017190955579280853,-2.0851733684539795
1697224973.000065,0.2736833989620209,-0.013702965341508389,-2.083876371383667
1697224973.0316188,0.274672269821167,-0.012695344164967537,-2.087801694869995
1697224973.0699847,0.2749122083187103,-0.010226352140307426,-2.083400011062622
1697224973.104096,0.27467429637908936,-0.0072774020954966545,-2.082301616668701
1697224973.1336637,0.27537447214126587,-0.004721596837043762,-2.0818209648132324
1697224973.1684506,0.2745172679424286,-0.003072015941143036,-2.0807814598083496
1697224973.2000377,0.2725701928138733,-0.0001859627664089203,-2.0769526958465576
1697224973.2361062,0.2706916928291321,0.0012226887047290802,-2.0741829872131348
1697224973.2671278,0.2689651548862457,0.0014685280621051788,-2.0724751949310303
1697224973.3002682,0.2679840922355652,0.0013189464807510376,-2.0714335441589355
1697224973.3343055,0.26754841208457947,0.0009643221274018288,-2.0715579986572266
1697224973.3669856,0.2675873637199402,0.00023950915783643723,-2.07210373878479
1697224973.4010465,0.2691380977630615,-0.002123910002410412,-2.0727150440216064
1697224973.4354336,0.26977968215942383,-0.0036999136209487915,-2.072603464126587
1697224973.467826,0.2703112065792084,-0.0047114016488194466,-2.072608232498169
1697224973.5031664,0.26851266622543335,-0.007053021341562271,-2.0741043090820312
1697224973.53525,0.2685717046260834,-0.010106637142598629,-2.0750772953033447
1697224973.5687726,0.26835930347442627,-0.013279303908348083,-2.0740692615509033
1697224973.6162279,0.2682049870491028,-0.016358237713575363,-2.07234525680542
1697224973.6579223,0.2689869701862335,-0.020954729989171028,-2.0707530975341797
1697224973.7001166,0.26966333389282227,-0.02602197974920273,-2.0720279216766357
1697224973.7431788,0.2688508927822113,-0.03283274918794632,-2.0667381286621094
1697224973.7855387,0.2680847942829132,-0.03375505283474922,-2.062319755554199
1697224973.8162665,0.2665475010871887,-0.03104243613779545,-2.061187744140625
1697224973.8465252,0.2652267813682556,-0.028356265276670456,-2.0583958625793457
1697224973.8750756,0.2652413249015808,-0.02438679151237011,-2.0608747005462646
1697224973.9061608,0.2662384510040283,-0.01932951621711254,-2.0645179748535156
1697224973.9386826,0.2688206434249878,-0.015576101839542389,-2.0656235218048096
1697224973.9702518,0.27219563722610474,-0.012564891017973423,-2.065274953842163
1697224974.003302,0.2755364179611206,-0.009779135696589947,-2.0644659996032715
1697224974.03689,0.2797693908214569,-0.006905662827193737,-2.0633671283721924
1697224974.0731761,0.2834850251674652,-0.004409719258546829,-2.061542510986328
1697224974.1036913,0.284908264875412,-0.0027319062501192093,-2.0585989952087402
1697224974.1392827,0.28471964597702026,-0.004398759454488754,-2.0581297874450684
1697224974.1723304,0.2845866084098816,-0.007079555653035641,-2.057757616043091
1697224974.2080898,0.2833288908004761,-0.008427654393017292,-2.053297519683838
1697224974.241209,0.2796957790851593,-0.004993384703993797,-2.050072431564331
1697224974.2717695,0.2763497233390808,-0.0003819940611720085,-2.042484760284424
1697224974.3052995,0.2746562063694,0.0022616293281316757,-2.044710397720337
1697224974.3393748,0.2733824551105499,0.0016596456989645958,-2.047423839569092
1697224974.3722413,0.2744806110858917,-0.0016104299575090408,-2.0519368648529053
1697224974.405344,0.2754582166671753,-0.004839805886149406,-2.057817220687866
1697224974.4379723,0.2767734229564667,-0.0070138247683644295,-2.0673110485076904
1697224974.4736567,0.2775490880012512,-0.009534923359751701,-2.071096181869507
1697224974.5060878,0.2758599519729614,-0.010897639207541943,-2.0724995136260986
1697224974.5408206,0.2748751938343048,-0.013052969239652157,-2.0798473358154297
1697224974.5734057,0.2712201476097107,-0.014654097147285938,-2.0837395191192627
1697224974.6059647,0.26511847972869873,-0.016108278185129166,-2.0844616889953613
1697224974.6400497,0.2604152262210846,-0.019464850425720215,-2.0866811275482178
1697224984.7078187,-0.11406341940164566,0.26870739459991455,-1.953183650970459
1697224984.7821035,-0.10653940588235855,0.2833486795425415,-1.9768863916397095
1697224984.8452272,-0.14739829301834106,0.18584448099136353,-1.9138801097869873
1697224984.9028854,-0.1619265228509903,0.192572221159935,-1.9173154830932617
1697224984.9585037,-0.16399268805980682,0.192366823554039,-1.9136990308761597
1697224985.0050511,-0.16247081756591797,0.19217625260353088,-1.9142744541168213
1697224985.048249,-0.15945954620838165,0.19127072393894196,-1.916275978088379
1697224985.3809328,-0.1582164466381073,0.19093799591064453,-1.9164615869522095
1697224985.4072266,-0.16067232191562653,0.19483190774917603,-1.9208729267120361
1697224985.4401844,-0.1624322086572647,0.19770659506320953,-1.9258158206939697
1697224985.474298,-0.16463911533355713,0.19938519597053528,-1.9303241968154907
1697224985.5069225,-0.165946364402771,0.20001251995563507,-1.9328116178512573
1697224985.5404174,-0.16659420728683472,0.1990284025669098,-1.935173511505127
1697224985.5751896,-0.1670992076396942,0.1993982344865799,-1.9360042810440063
1697224985.6082428,-0.16828246414661407,0.200382262468338,-1.9372100830078125
1697224985.6423147,-0.1685764640569687,0.20117254555225372,-1.9374028444290161
1697224985.673875,-0.1690724641084671,0.20236650109291077,-1.9374486207962036
1697224985.7089334,-0.16946135461330414,0.20317617058753967,-1.9387836456298828
1697224985.7429895,-0.16844479739665985,0.20125749707221985,-1.9380857944488525
1697224985.7760692,-0.16672147810459137,0.19938011467456818,-1.9363102912902832
1697224985.8091214,-0.16402441263198853,0.1968189924955368,-1.9332873821258545
1697224985.8421967,-0.1610097587108612,0.19421648979187012,-1.9298381805419922
1697224985.8753054,-0.15796969830989838,0.19142374396324158,-1.9284111261367798
1697224985.9093816,-0.15548467636108398,0.18958543241024017,-1.926533579826355
1697224985.9434416,-0.1539127677679062,0.189242884516716,-1.9247726202011108
1697224985.9764833,-0.15242597460746765,0.18871162831783295,-1.924841284751892
1697224986.0101495,-0.150669127702713,0.1885632872581482,-1.923978328704834
1697224986.0463338,-0.14982351660728455,0.18941649794578552,-1.9229028224945068
1697224986.076374,-0.15030793845653534,0.1904117465019226,-1.9217054843902588
1697224986.1110263,-0.15054485201835632,0.19132325053215027,-1.9203532934188843
1697224986.1442127,-0.1511407345533371,0.19270721077919006,-1.9192204475402832
1697224986.1782928,-0.15184946358203888,0.19435282051563263,-1.9179085493087769
1697224986.210998,-0.15243718028068542,0.19526885449886322,-1.9191488027572632
1697224986.2459803,-0.15270505845546722,0.1960301250219345,-1.91981041431427
1697224986.2781756,-0.15277759730815887,0.1958407610654831,-1.9196728467941284
1697224986.3117707,-0.15238410234451294,0.19389431178569794,-1.9216458797454834
1697224986.344345,-0.15194495022296906,0.1916150003671646,-1.9224557876586914
1697224986.3801153,-0.15196196734905243,0.19050244987010956,-1.9222277402877808
1697224986.4117832,-0.1518351286649704,0.1889701783657074,-1.9215190410614014
1697224986.444872,-0.151553213596344,0.18791045248508453,-1.920103669166565
1697224986.479399,-0.15138784050941467,0.1865764558315277,-1.91819429397583
1697224986.51229,-0.15163284540176392,0.1850304752588272,-1.917297124862671
1697224986.5463927,-0.15222620964050293,0.1850322186946869,-1.917515516281128
1697224986.5779507,-0.15276145935058594,0.184978187084198,-1.917956829071045
1697224986.6120484,-0.15415723621845245,0.18452362716197968,-1.9191715717315674
1697224986.6467404,-0.15570345520973206,0.1838616281747818,-1.9222407341003418
1697224986.678297,-0.15692833065986633,0.18286645412445068,-1.9240407943725586
1697224986.713853,-0.15714684128761292,0.18138542771339417,-1.9250401258468628
1697224986.7457492,-0.15770477056503296,0.1802438199520111,-1.9254151582717896
1697224986.7812743,-0.15798017382621765,0.1794629693031311,-1.9251694679260254
1697224986.8121889,-0.158146470785141,0.17891928553581238,-1.9240243434906006
1697224986.8472507,-0.15840162336826324,0.17889663577079773,-1.922656774520874
1697224986.8803718,-0.15844519436359406,0.17958535254001617,-1.9228546619415283
1697224986.9142945,-0.1583181619644165,0.1818426251411438,-1.9230691194534302
1697224986.9460468,-0.15808044373989105,0.1828027069568634,-1.9240785837173462
1697224986.9805696,-0.1577191948890686,0.18419599533081055,-1.9259175062179565
1697224987.0151641,-0.15694239735603333,0.18583238124847412,-1.9292398691177368
1697224987.0459442,-0.15670013427734375,0.1871834546327591,-1.9316412210464478
1697224987.080596,-0.15667513012886047,0.18738573789596558,-1.9331638813018799
1697224987.114911,-0.15668301284313202,0.18670494854450226,-1.9329984188079834
1697224987.1473646,-0.15677854418754578,0.18737676739692688,-1.9321579933166504
1697224987.1817832,-0.15707018971443176,0.1881200224161148,-1.9306483268737793
1697224987.2163467,-0.15689608454704285,0.18794363737106323,-1.928536057472229
1697224987.2489057,-0.15656834840774536,0.18892616033554077,-1.9272103309631348
1697224987.2824645,-0.15651468932628632,0.19023853540420532,-1.9269317388534546
1697224987.3170161,-0.15690989792346954,0.1912619024515152,-1.926902174949646
1697224987.3495471,-0.1570565402507782,0.1925666183233261,-1.926970362663269
1697224987.384116,-0.15787270665168762,0.1932799220085144,-1.927726149559021
1697224987.417087,-0.15935784578323364,0.1932213306427002,-1.9303772449493408
1697224987.449234,-0.1611861139535904,0.19389545917510986,-1.9329501390457153
1697224987.4833124,-0.16252289712429047,0.19423355162143707,-1.9345471858978271
1697224987.5174708,-0.16338306665420532,0.19444680213928223,-1.9333807229995728
1697224987.5494747,-0.16432540118694305,0.19400040805339813,-1.9321943521499634
1697224987.5852654,-0.16452382504940033,0.19323697686195374,-1.9310194253921509
1697224987.618335,-0.16408506035804749,0.19292058050632477,-1.9301271438598633
1697224987.650859,-0.16346251964569092,0.19336608052253723,-1.9286940097808838
1697224987.6834114,-0.16220377385616302,0.1927536576986313,-1.927471399307251
1697224987.718959,-0.16037121415138245,0.19137179851531982,-1.9257311820983887
1697224987.7511454,-0.15871824324131012,0.1903541535139084,-1.9245799779891968
1697224987.7836149,-0.1573089063167572,0.18967224657535553,-1.9236252307891846
1697224987.8192282,-0.15643490850925446,0.19002175331115723,-1.9223946332931519
1697224987.8533049,-0.1560090035200119,0.19113457202911377,-1.9210350513458252
1697224987.8838317,-0.15568901598453522,0.19089427590370178,-1.9205033779144287
1697224987.9201102,-0.1561785787343979,0.18985316157341003,-1.921396017074585
1697224987.9542038,-0.15696093440055847,0.18901017308235168,-1.9227468967437744
1697224987.9872806,-0.1574770212173462,0.1886289417743683,-1.9238193035125732
1697224988.0204988,-0.15827369689941406,0.18856096267700195,-1.9248344898223877
1697224988.0520377,-0.15927556157112122,0.18848499655723572,-1.9259363412857056
1697224988.0868526,-0.15990836918354034,0.18876095116138458,-1.926159143447876
1697224988.1200995,-0.16059154272079468,0.18969200551509857,-1.9266070127487183
1697224988.1621125,-0.1609756201505661,0.19014184176921844,-1.927441954612732
1697224988.1936626,-0.1612442135810852,0.18922120332717896,-1.9283521175384521
1697224988.223399,-0.16143450140953064,0.189040869474411,-1.9294260740280151
1697224988.25496,-0.1613461971282959,0.18845336139202118,-1.930432915687561
1697224988.286019,-0.16267164051532745,0.1895129382610321,-1.9326832294464111
1697224988.3562412,-0.16379651427268982,0.19175148010253906,-1.9340770244598389
1697224988.388387,-0.16529323160648346,0.1929502785205841,-1.937260389328003
1697224988.4224517,-0.16709096729755402,0.19460193812847137,-1.9396229982376099
1697224988.4554884,-0.16764576733112335,0.1943913996219635,-1.9423062801361084
1697224988.488116,-0.16740714013576508,0.19284766912460327,-1.9441965818405151
1697224988.5222013,-0.16635005176067352,0.19030272960662842,-1.9453494548797607
1697224988.5542781,-0.16415373980998993,0.1852981448173523,-1.9430854320526123
1697224988.589866,-0.162884920835495,0.1817575842142105,-1.9422039985656738
1697224988.6235251,-0.1611744612455368,0.17935271561145782,-1.9405295848846436
1697224988.6566093,-0.1594606339931488,0.17841249704360962,-1.9388805627822876
1697224988.6901894,-0.15728701651096344,0.17864984273910522,-1.9362385272979736
1697224988.7212887,-0.15504083037376404,0.17988936603069305,-1.9339040517807007
1697224988.7572932,-0.15320166945457458,0.18153037130832672,-1.9322518110275269
1697224988.7904358,-0.15118025243282318,0.18251287937164307,-1.9298371076583862
1697224988.8227706,-0.1497751623392105,0.18376877903938293,-1.927584171295166
1697224988.8573313,-0.14861270785331726,0.1840144693851471,-1.925978183746338
1697224988.8899236,-0.14851365983486176,0.18484601378440857,-1.925294041633606
1697224988.9224777,-0.14839278161525726,0.18578529357910156,-1.9243476390838623
1697224988.9580693,-0.14809510111808777,0.18639811873435974,-1.9229413270950317
1697224988.9905922,-0.1470610797405243,0.1860748827457428,-1.9216283559799194
1697224989.0241601,-0.1458430141210556,0.18596366047859192,-1.9197163581848145
1697224989.05937,-0.14357973635196686,0.1845083087682724,-1.9177515506744385
1697224989.0919187,-0.14145970344543457,0.183010995388031,-1.9157580137252808
1697224989.1256313,-0.13964331150054932,0.181059792637825,-1.9134718179702759
1697224989.1592667,-0.13767960667610168,0.17950955033302307,-1.911158561706543
1697224989.1934867,-0.13683810830116272,0.17707520723342896,-1.9102860689163208
1697224989.2265344,-0.13695350289344788,0.17619222402572632,-1.9108960628509521
1697224989.261272,-0.1375931203365326,0.17635929584503174,-1.911967396736145
1697224989.2928212,-0.17788074910640717,0.13827279210090637,-1.929949164390564
1697224989.3249257,-0.17269717156887054,0.14486925303936005,-1.9275091886520386
1697224989.3591883,-0.16801276803016663,0.15135812759399414,-1.927517056465149
1697224989.3937635,-0.16429948806762695,0.15782037377357483,-1.9279686212539673
1697224989.4263668,-0.16180191934108734,0.16282552480697632,-1.929649829864502
1697224989.4589293,-0.16046616435050964,0.1677018105983734,-1.9324135780334473
1697224989.4940372,-0.15894930064678192,0.1713184416294098,-1.9341316223144531
1697224989.5262547,-0.15840314328670502,0.17380614578723907,-1.9356633424758911
1697224989.5593102,-0.15737728774547577,0.17636869847774506,-1.9362322092056274
1697224989.5938666,-0.1570514738559723,0.18023838102817535,-1.9370640516281128
1697224989.6266053,-0.15887849032878876,0.18427351117134094,-1.9385013580322266
1697224989.660182,-0.16157953441143036,0.1870102882385254,-1.93929922580719
1697224989.6937175,-0.16360460221767426,0.18701350688934326,-1.9388401508331299
1697224989.724254,-0.16667526960372925,0.18815436959266663,-1.9394218921661377
1697224989.7603028,-0.16854341328144073,0.18766161799430847,-1.938217043876648
1697224989.7949,-0.17034804821014404,0.1855192929506302,-1.9381085634231567
1697224989.8265212,-0.17088761925697327,0.1837669461965561,-1.935844898223877
1697224989.8611124,-0.17024235427379608,0.18260285258293152,-1.9315522909164429
1697224989.8961432,-0.168770432472229,0.1814425140619278,-1.9265161752700806
1697224989.926706,-0.1687822937965393,0.1800212413072586,-1.9243886470794678
