1701020846.7007616,0.39384689927101135,-0.3981109857559204,-1.4821181297302246
1701020846.7831786,0.46828752756118774,-0.5019713044166565,-1.678060531616211
1701020846.8800597,0.4317905008792877,-0.47001296281814575,-1.5159690380096436
1701020846.9568305,0.3693769574165344,-0.4131486713886261,-1.4135361909866333
1701020847.0041635,0.35177910327911377,-0.41873252391815186,-1.4233399629592896
1701020847.0511782,0.3581899106502533,-0.4518885612487793,-1.505218505859375
1701020847.094766,0.36493954062461853,-0.4188649356365204,-1.4880067110061646
1701020847.1388242,0.39987123012542725,-0.41136565804481506,-1.4958552122116089
1701020847.183421,0.406312495470047,-0.383755087852478,-1.4712505340576172
1701020847.225141,0.4009236693382263,-0.34493371844291687,-1.486173152923584
1701020847.2667902,0.3910701870918274,-0.3286462724208832,-1.4796028137207031
1701020847.3082216,0.38737377524375916,-0.33324646949768066,-1.485493779182434
1701020847.3540804,0.3718603849411011,-0.3428118824958801,-1.4598695039749146
1701020847.4026566,0.37544578313827515,-0.362459272146225,-1.461658239364624
1701020847.4487007,0.38092949986457825,-0.37639519572257996,-1.4760745763778687
1701020847.4923863,0.39024996757507324,-0.39046820998191833,-1.5019184350967407
1701020847.534976,0.3928075134754181,-0.3906003534793854,-1.5106226205825806
1701020847.575956,0.39385291934013367,-0.3857877552509308,-1.5138212442398071
1701020847.6176054,0.394711971282959,-0.3775220215320587,-1.513305425643921
1701020847.6590786,0.40313467383384705,-0.3725603222846985,-1.505044937133789
1701020847.7009907,0.40884342789649963,-0.3698507845401764,-1.4963024854660034
1701020847.7438183,0.41364428400993347,-0.3695387542247772,-1.4880257844924927
1701020847.7859075,0.4184418320655823,-0.3704274594783783,-1.483031988143921
1701020847.8279378,0.40480077266693115,-0.34836405515670776,-1.476271390914917
1701020847.8699884,0.3953804671764374,-0.33672022819519043,-1.4844470024108887
1701020847.9289546,0.39336588978767395,-0.3348163664340973,-1.4965261220932007
1701020847.9690018,0.39330387115478516,-0.3340407609939575,-1.5023291110992432
1701020848.0087886,0.3919496536254883,-0.3366928696632385,-1.5056276321411133
1701020848.0499141,0.39140158891677856,-0.3384537696838379,-1.510310173034668
1701020848.0924928,0.39172235131263733,-0.3408655524253845,-1.5173588991165161
1701020848.134093,0.3909444808959961,-0.351239949464798,-1.5160185098648071
1701020848.17329,0.38969680666923523,-0.3621874451637268,-1.514604091644287
1701020848.2163734,0.3887001872062683,-0.37075600028038025,-1.5118491649627686
1701020848.2554028,0.3869272768497467,-0.3756137192249298,-1.5043787956237793
1701020848.2963471,0.38439813256263733,-0.38015103340148926,-1.5029592514038086
1701020848.3383732,0.38407227396965027,-0.3754441440105438,-1.5049062967300415
1701020848.3784485,0.38459154963493347,-0.3710261881351471,-1.5052826404571533
1701020848.423018,0.38556233048439026,-0.3641303777694702,-1.5079084634780884
1701020848.465048,0.3857342004776001,-0.36138850450515747,-1.5055606365203857
1701020848.5073462,0.386331707239151,-0.36265042424201965,-1.5059764385223389
1701020848.5508833,0.38681626319885254,-0.36566361784935,-1.5060296058654785
1701020848.5924256,0.3839798867702484,-0.36892321705818176,-1.4980106353759766
1701020848.6334713,0.38477256894111633,-0.3688293695449829,-1.499687910079956
1701020848.6730986,0.3836958706378937,-0.3682345747947693,-1.4965232610702515
1701020848.7153494,0.3835422098636627,-0.36553755402565,-1.4977439641952515
1701020848.7578716,0.38260015845298767,-0.3636651635169983,-1.49336838722229
1701020848.7979844,0.38262835144996643,-0.3561343550682068,-1.504632592201233
1701020848.8399992,0.3852705955505371,-0.353550523519516,-1.5125160217285156
1701020848.881557,0.3871968686580658,-0.3510347008705139,-1.5177239179611206
1701020848.9231586,0.3892451524734497,-0.35102036595344543,-1.5193382501602173
1701020848.966031,0.3905675709247589,-0.34554237127304077,-1.5165752172470093
1701020848.9951236,0.3907543420791626,-0.34061363339424133,-1.5127460956573486
1701020849.0238094,0.39187949895858765,-0.33727186918258667,-1.5029529333114624
1701020849.0553339,0.3905240297317505,-0.3341991901397705,-1.4943140745162964
1701020849.0890226,0.39067238569259644,-0.3331906199455261,-1.4944709539413452
1701020849.120967,0.3915673494338989,-0.3340643048286438,-1.4973936080932617
1701020849.1554892,0.3910159468650818,-0.3404824137687683,-1.498570442199707
1701020849.1890118,0.39030683040618896,-0.3514305651187897,-1.5000218152999878
1701020849.2236733,0.3905210793018341,-0.36336880922317505,-1.5017359256744385
1701020849.2547164,0.38835716247558594,-0.37397149205207825,-1.4979217052459717
1701020849.29142,0.38617101311683655,-0.37861815094947815,-1.491956353187561
1701020849.324022,0.38588160276412964,-0.38378429412841797,-1.4927475452423096
1701020849.3581636,0.38539475202560425,-0.3858197033405304,-1.4936916828155518
1701020849.3902738,0.3877251446247101,-0.3838195204734802,-1.4886753559112549
1701020849.4244025,0.3872303366661072,-0.37478160858154297,-1.4782216548919678
1701020849.4579525,0.389777272939682,-0.36537033319473267,-1.478214144706726
1701020849.4925375,0.39310261607170105,-0.358117938041687,-1.483142375946045
1701020849.5246508,0.39512282609939575,-0.3516966998577118,-1.4897205829620361
1701020849.5577705,0.3964572548866272,-0.346605122089386,-1.4962828159332275
1701020849.590647,0.39807751774787903,-0.3432871103286743,-1.500713586807251
1701020849.6241732,0.3999255895614624,-0.3424902856349945,-1.5055872201919556
1701020849.659055,0.40121790766716003,-0.34292903542518616,-1.508305311203003
1701020849.6907914,0.400200217962265,-0.3426229953765869,-1.5037161111831665
1701020849.7261443,0.401210218667984,-0.3422420620918274,-1.5057470798492432
1701020849.758269,0.40657752752304077,-0.3422096371650696,-1.509644627571106
1701020849.7937927,0.4184574782848358,-0.34918057918548584,-1.5374681949615479
1701020849.8253138,0.4298860430717468,-0.35738325119018555,-1.5663686990737915
1701020849.8580186,0.4310234785079956,-0.37212085723876953,-1.5556137561798096
1701020849.8910024,0.4305724501609802,-0.38685792684555054,-1.5452463626861572
1701020849.9260845,0.42716994881629944,-0.39732837677001953,-1.5344204902648926
1701020849.9606595,0.41201117634773254,-0.38556209206581116,-1.4942210912704468
1701020849.9922702,0.39540356397628784,-0.36980441212654114,-1.4407870769500732
1701020850.0267823,0.37766164541244507,-0.35831519961357117,-1.3821152448654175
1701020850.0603638,0.2997879385948181,-0.261357843875885,-1.123104214668274
1701020850.0939658,0.13043855130672455,-0.16940903663635254,-0.5874828696250916
1701020850.1279516,0.02565259486436844,-0.013116173446178436,-0.49405136704444885
1701020850.1599941,0.03245890885591507,0.005600348114967346,-0.5064865350723267
1701020850.193668,0.01852521114051342,-0.0004857182502746582,-0.5189638137817383
1701020850.2272346,0.07182364910840988,-0.026775570586323738,-0.595005452632904
1701020850.2612784,0.11223167181015015,-0.0897231251001358,-0.7056528329849243
1701020850.2953038,0.15464383363723755,-0.09330868721008301,-0.7728865146636963
1701020850.3278296,0.17019400000572205,-0.08673594146966934,-0.7704587578773499
1701020850.3609588,0.1654977947473526,-0.08319362998008728,-0.7199385762214661
1701020850.3944974,0.15604814887046814,-0.07763323932886124,-0.6783250570297241
1701020850.4282641,0.12711270153522491,-0.09002476930618286,-0.5859856605529785
1701020850.4608023,0.1163620725274086,-0.10493318736553192,-0.5586912631988525
1701020850.4949665,0.1038702055811882,-0.1179204061627388,-0.5249620079994202
1701020850.5260189,0.09622213989496231,-0.13700518012046814,-0.4955670237541199
1701020850.5608964,0.09245814383029938,-0.15304525196552277,-0.47602349519729614
1701020850.596054,0.09109366685152054,-0.1646946221590042,-0.46600019931793213
1701020850.6278882,0.12927091121673584,-0.17553919553756714,-0.5843079090118408
1701020850.661062,0.15729522705078125,-0.18171590566635132,-0.6667425036430359
1701020850.694209,0.18044839799404144,-0.1919560581445694,-0.7413290739059448
1701020850.7287338,0.18445368111133575,-0.21167638897895813,-0.7674658298492432
1701020850.7623546,0.19305475056171417,-0.22779548168182373,-0.8030166029930115
1701020850.7973025,0.2201763242483139,-0.2712785005569458,-0.9161997437477112
1701020850.830842,0.2439894825220108,-0.3456653654575348,-1.01214599609375
1701020850.8629,0.2587999105453491,-0.3624449074268341,-1.068415880203247
1701020850.8984425,0.27914127707481384,-0.3547195792198181,-1.1472911834716797
1701020850.9311364,0.3645493984222412,-0.4076451063156128,-1.3728175163269043
1701020850.9652016,0.43630993366241455,-0.4500175714492798,-1.5303223133087158
1701020851.006783,0.4542744755744934,-0.39602360129356384,-1.5263022184371948
1701020851.0488749,0.45637965202331543,-0.3729507625102997,-1.5685619115829468
1701020851.0899305,0.5012198686599731,-0.31066402792930603,-1.6457232236862183
1701020851.1309977,0.5059010982513428,-0.31785881519317627,-1.6983861923217773
1701020851.1750796,0.523370087146759,-0.31435471773147583,-1.770363450050354
1701020851.218445,0.46243974566459656,-0.3380013406276703,-1.624414324760437
1701020851.2607243,0.43565359711647034,-0.36133068799972534,-1.5725420713424683
1701020851.3040423,0.4211251139640808,-0.3784657120704651,-1.5597612857818604
1701020851.344641,0.4395257830619812,-0.34177476167678833,-1.5665723085403442
1701020851.386241,0.40483468770980835,-0.3422968089580536,-1.4825819730758667
1701020851.4272578,0.39786481857299805,-0.35553497076034546,-1.4834235906600952
1701020851.4688838,0.38147205114364624,-0.44199761748313904,-1.4946889877319336
1701020851.510776,0.37877345085144043,-0.4158411920070648,-1.4509249925613403
1701020851.552114,0.3887890875339508,-0.4722801744937897,-1.5842881202697754
1701020851.5947795,0.3992946445941925,-0.48605620861053467,-1.627708077430725
1701020851.6391315,0.4159308075904846,-0.48129338026046753,-1.7009201049804688
1701020851.68496,0.44832155108451843,-0.475454181432724,-1.739888072013855
1701020851.7270455,0.4546676278114319,-0.4557097554206848,-1.6946165561676025
1701020851.7699325,0.42491328716278076,-0.4234262704849243,-1.59661066532135
1701020851.810876,0.40476173162460327,-0.39808520674705505,-1.535989761352539
1701020856.938262,2.302449941635132,-0.23493748903274536,-0.511471152305603
1701020857.0099113,2.3098559379577637,-0.2305673062801361,-0.5203546285629272
1701020857.0900245,2.3274388313293457,-0.21926365792751312,-0.5106119513511658
1701020857.168961,2.3353068828582764,-0.21345604956150055,-0.49596697092056274
1701020857.2143652,2.3371286392211914,-0.21186336874961853,-0.48690810799598694
1701020857.262433,2.341092824935913,-0.20922192931175232,-0.48122191429138184
1701020857.307098,2.3411614894866943,-0.20911020040512085,-0.47825002670288086
1701020857.3536553,2.3414852619171143,-0.209114208817482,-0.4764089286327362
1701020857.3981988,2.343353271484375,-0.20829273760318756,-0.4752093553543091
1701020857.4439547,2.3432791233062744,-0.208426833152771,-0.4748620390892029
1701020857.4869885,2.343562602996826,-0.20867061614990234,-0.47465670108795166
1701020857.532073,2.3450896739959717,-0.20863217115402222,-0.47467470169067383
1701020857.5776598,2.345485210418701,-0.20879429578781128,-0.4748117923736572
1701020857.625362,2.3472232818603516,-0.20863766968250275,-0.47512197494506836
1701020857.6709368,2.3479504585266113,-0.20907855033874512,-0.4753483831882477
1701020857.7175682,2.3488240242004395,-0.2090916633605957,-0.47554677724838257
1701020857.7629423,2.350404977798462,-0.20947903394699097,-0.47585996985435486
1701020857.8080044,2.351395606994629,-0.20955917239189148,-0.4761139154434204
1701020857.8509293,2.352123975753784,-0.20977889001369476,-0.47629910707473755
1701020857.8944569,2.353685140609741,-0.20987774431705475,-0.47664302587509155
1701020857.9410903,2.354430913925171,-0.21000178158283234,-0.4768606126308441
1701020857.9877942,2.355210781097412,-0.20995402336120605,-0.4770679473876953
1701020858.0318413,2.356579065322876,-0.21010498702526093,-0.47740650177001953
1701020858.0750759,2.3570401668548584,-0.21028685569763184,-0.47756513953208923
1701020858.119942,2.3575377464294434,-0.2103264182806015,-0.4777154326438904
1701020858.1619856,2.3584699630737305,-0.20997251570224762,-0.4779726564884186
1701020858.20514,2.358694553375244,-0.20994368195533752,-0.47804322838783264
1701020858.2510524,2.358781099319458,-0.21000102162361145,-0.4780704975128174
1701020858.2951417,2.359488010406494,-0.2098202407360077,-0.47824597358703613
1701020858.339679,2.3595523834228516,-0.2100495845079422,-0.47826623916625977
1701020858.3838737,2.359750986099243,-0.20991483330726624,-0.47830238938331604
1701020858.4271815,2.3602473735809326,-0.21005001664161682,-0.47842031717300415
1701020858.4734519,2.36026930809021,-0.20998898148536682,-0.47843337059020996
1701020858.5180032,2.3603973388671875,-0.20999622344970703,-0.47846806049346924
1701020858.5615554,2.3606321811676025,-0.20986883342266083,-0.478542685508728
1701020858.60596,2.360771656036377,-0.20959113538265228,-0.4785824120044708
1701020858.6500888,2.360888719558716,-0.209602952003479,-0.4786148965358734
1701020858.690154,2.3608407974243164,-0.20957502722740173,-0.4786078631877899
1701020858.735703,2.3610422611236572,-0.20965605974197388,-0.478669136762619
1701020858.7770941,2.3609707355499268,-0.20994733273983002,-0.47866564989089966
1701020858.8201518,2.361065149307251,-0.210117906332016,-0.4786878228187561
1701020858.8609054,2.36132550239563,-0.2101535052061081,-0.4787690341472626
1701020858.906997,2.3613462448120117,-0.21006673574447632,-0.4787910282611847
1701020858.951506,2.3614673614501953,-0.21003548800945282,-0.4788265526294708
1701020858.9975495,2.361576795578003,-0.21011655032634735,-0.4788639545440674
1701020859.0434031,2.3617234230041504,-0.2102413773536682,-0.47888708114624023
1701020859.0865266,2.361729860305786,-0.21020357310771942,-0.47888052463531494
1701020859.1287978,2.3618829250335693,-0.2105967253446579,-0.47891417145729065
1701020859.1730313,2.3618428707122803,-0.21059545874595642,-0.478894978761673
1701020859.2165093,0.04592125490307808,-0.49049612879753113,-1.6059550046920776
1701020859.2561853,0.052196454256772995,-0.4928317070007324,-1.6349198818206787
1701020859.2948895,0.05748683959245682,-0.49519556760787964,-1.658167839050293
1701020859.335962,0.06489463150501251,-0.5017595291137695,-1.6885099411010742
1701020859.3761852,0.06689639389514923,-0.5023539066314697,-1.6861730813980103
1701020859.41768,0.06765750795602798,-0.5013983845710754,-1.6737405061721802
1701020859.459104,0.0644674003124237,-0.5035022497177124,-1.6664093732833862
1701020859.5018892,0.07030898332595825,-0.5045046806335449,-1.6751551628112793
1701020859.5409114,0.07412431389093399,-0.5055497884750366,-1.6703541278839111
1701020859.584945,0.07767821103334427,-0.505189836025238,-1.667747139930725
1701020859.6240065,0.08117035031318665,-0.5062296986579895,-1.6661559343338013
1701020859.6637173,0.08193327486515045,-0.5095701813697815,-1.675884485244751
1701020859.7047613,0.08051314949989319,-0.5093518495559692,-1.6719201803207397
1701020859.7474506,0.07884049415588379,-0.5089165568351746,-1.6643036603927612
1701020859.7755613,0.0772344321012497,-0.5094107985496521,-1.6637730598449707
1701020859.806084,0.0762949287891388,-0.5098562836647034,-1.6649366617202759
1701020859.8361776,0.07105985283851624,-0.5117537379264832,-1.649635672569275
1701020859.864851,0.06755486130714417,-0.5129222869873047,-1.6442550420761108
1701020859.8928902,0.06474664807319641,-0.513613760471344,-1.6337217092514038
1701020859.9269657,0.06114257127046585,-0.5162341594696045,-1.6158671379089355
1701020859.9600766,0.055676862597465515,-0.5157728791236877,-1.5949976444244385
1701020859.993951,0.053101569414138794,-0.5154107213020325,-1.58971107006073
1701020860.028092,0.05234607309103012,-0.5158320665359497,-1.5946705341339111
1701020860.060675,0.052023015916347504,-0.5162274837493896,-1.5926233530044556
1701020860.093923,0.04879185929894447,-0.5139337182044983,-1.5870206356048584
1701020860.127022,0.04597410932183266,-0.5145678520202637,-1.5813524723052979
1701020860.162109,0.04080181568861008,-0.5160629749298096,-1.5720946788787842
1701020860.1941295,0.034442346543073654,-0.5176313519477844,-1.5293713808059692
1701020860.2278807,0.031595610082149506,-0.5065582394599915,-1.4949551820755005
1701020860.2615428,0.02632647380232811,-0.504958987236023,-1.453370213508606
1701020860.2946177,0.029970761388540268,-0.5057154297828674,-1.4476999044418335
1701020860.3271434,0.03539487347006798,-0.5088773369789124,-1.4546136856079102
1701020860.3627343,0.044537413865327835,-0.5119144320487976,-1.4759962558746338
1701020860.3952937,0.05642684921622276,-0.5149368047714233,-1.5069913864135742
1701020860.4314399,0.06609980762004852,-0.5177534222602844,-1.5422545671463013
1701020860.4623408,0.07506516575813293,-0.519478976726532,-1.5792630910873413
1701020860.4948776,0.08346423506736755,-0.5198668241500854,-1.614847183227539
1701020860.5280201,0.08911557495594025,-0.5159823894500732,-1.6310269832611084
1701020860.561724,0.09125954657793045,-0.5102800130844116,-1.6357871294021606
1701020860.5948064,0.09138020128011703,-0.5063415765762329,-1.6430937051773071
1701020860.629979,0.08835945278406143,-0.504146933555603,-1.6511939764022827
1701020860.661801,0.08459897339344025,-0.5024468302726746,-1.6615031957626343
1701020860.6964862,0.08005095273256302,-0.5015537738800049,-1.6622732877731323
1701020860.7298017,0.07398053258657455,-0.5021088719367981,-1.661391258239746
1701020860.7634063,0.07001607865095139,-0.5049266815185547,-1.656589388847351
1701020860.795548,0.06557765603065491,-0.5058426260948181,-1.6483941078186035
1701020860.8306031,0.06212427467107773,-0.507164716720581,-1.6394126415252686
1701020860.8631644,0.05800972878932953,-0.507432758808136,-1.6289162635803223
1701020860.8967113,0.05506565049290657,-0.5093066096305847,-1.6282864809036255
1701020860.930381,0.0509011372923851,-0.5102447867393494,-1.6196353435516357
1701020860.9634583,0.04602241888642311,-0.512536346912384,-1.6140940189361572
1701020860.998012,0.042990103363990784,-0.5144959688186646,-1.6143544912338257
1701020861.0320432,0.039957914501428604,-0.5153477787971497,-1.6131428480148315
1701020861.064664,0.03521713241934776,-0.513313889503479,-1.602966547012329
1701020861.096932,0.031609341502189636,-0.5145787596702576,-1.6040105819702148
1701020861.132016,0.030314352363348007,-0.5145276188850403,-1.6032040119171143
1701020861.1661093,0.03147830069065094,-0.5141465067863464,-1.606537938117981
1701020861.1966813,0.03430408984422684,-0.5135102868080139,-1.612825632095337
1701020861.230871,0.0399383008480072,-0.5129823684692383,-1.6200692653656006
1701020861.2639055,0.04311956837773323,-0.5131915211677551,-1.624633550643921
1701020861.2970853,0.04472893476486206,-0.5129616260528564,-1.6106687784194946
1701020861.3307455,0.047496967017650604,-0.5118178725242615,-1.615423560142517
1701020861.3653579,0.04870947450399399,-0.5090934634208679,-1.6111502647399902
1701020861.400078,0.04754326120018959,-0.5054433941841125,-1.599307894706726
1701020861.4311225,0.0467892549932003,-0.5022000670433044,-1.5995805263519287
1701020861.4641871,0.04631819948554039,-0.5003178119659424,-1.5975427627563477
1701020861.498784,0.04351094365119934,-0.49976062774658203,-1.585878610610962
1701020861.5310495,0.035470228642225266,-0.5037747025489807,-1.5483061075210571
1701020861.5682085,0.029635300859808922,-0.505692720413208,-1.5171825885772705
1701020861.6018069,0.026997143402695656,-0.5054535269737244,-1.5008882284164429
1701020861.63436,0.028104268014431,-0.5046871900558472,-1.5035260915756226
1701020861.667931,0.03106267750263214,-0.504487931728363,-1.5180827379226685
1701020861.701555,0.03275776281952858,-0.5044032335281372,-1.5191929340362549
1701020861.7360792,0.03370381146669388,-0.5068333745002747,-1.5170549154281616
1701020861.7701192,0.03695126995444298,-0.5089056491851807,-1.5245269536972046
1701020861.8123846,0.04429950565099716,-0.5097737908363342,-1.5572868585586548
1701020861.8534248,0.04448925703763962,-0.5076857209205627,-1.5572415590286255
1701020861.8934917,0.04515824839472771,-0.507780134677887,-1.5700950622558594
1701020861.9349928,0.04882136359810829,-0.5092321634292603,-1.5993194580078125
1701020861.9740648,0.0446082204580307,-0.5119003057479858,-1.593814492225647
1701020862.0166957,0.03543400764465332,-0.5054188370704651,-1.5629690885543823
1701020862.0562198,0.03014896996319294,-0.5042971968650818,-1.5519450902938843
1701020862.0997462,0.02718941867351532,-0.5035679340362549,-1.5444120168685913
1701020862.1408384,0.03350593149662018,-0.5038172006607056,-1.5377637147903442
1701020867.2289116,-0.22789938747882843,-0.35493311285972595,-1.4367812871932983
1701020867.2954564,-0.23866607248783112,-0.36458951234817505,-1.4586907625198364
1701020867.3534555,-0.27246108651161194,-0.4043656587600708,-1.7203279733657837
1701020867.4119613,-0.2499927431344986,-0.39530447125434875,-1.704791784286499
1701020867.4708364,-0.2458244413137436,-0.38651415705680847,-1.6823740005493164
1701020867.5380628,-0.3973325788974762,0.09114907681941986,-1.6622190475463867
1701020867.6027024,-0.2918808162212372,-0.27463507652282715,-1.443406343460083
1701020867.666902,-0.13500376045703888,-0.5282837748527527,-1.6222198009490967
1701020867.730926,-0.10775574296712875,-0.573119580745697,-1.7771883010864258
1701020867.7886605,-0.1579158455133438,-0.5435094833374023,-1.733951449394226
1701020867.8398292,-0.1662934124469757,-0.4937540590763092,-1.7963075637817383
1701020867.884026,-0.19865021109580994,-0.4651450514793396,-1.798557162284851
1701020867.92518,-0.2209770381450653,-0.4434735178947449,-1.7959253787994385
1701020867.9682143,-0.22802510857582092,-0.41119691729545593,-1.8194544315338135
1701020868.0097902,-0.24600115418434143,-0.4047843813896179,-1.8016438484191895
1701020868.0523803,-0.25750282406806946,-0.4011991024017334,-1.790392518043518
1701020868.0931628,-0.2661072611808777,-0.3989604413509369,-1.7785195112228394
1701020868.1360567,-0.27200978994369507,-0.39375585317611694,-1.7747247219085693
1701020868.1770883,-0.27801966667175293,-0.39582228660583496,-1.7579591274261475
1701020868.2187402,-0.2814754545688629,-0.3968556523323059,-1.747662901878357
1701020868.2612731,-0.28903669118881226,-0.39931637048721313,-1.7077693939208984
1701020868.3043034,-0.29264259338378906,-0.40076881647109985,-1.6773502826690674
1701020868.3468945,-0.2926061451435089,-0.39693522453308105,-1.642861008644104
1701020868.386667,-0.29058438539505005,-0.3916693925857544,-1.6182332038879395
1701020868.4272518,-0.289677232503891,-0.3886013329029083,-1.6012145280838013
1701020868.469028,-0.291125625371933,-0.395638644695282,-1.6130427122116089
1701020868.5134678,-0.2927190661430359,-0.40104940533638,-1.625700831413269
1701020868.5573006,-0.29254189133644104,-0.4042661488056183,-1.6301629543304443
1701020868.6044133,-0.29125458002090454,-0.4049728512763977,-1.627992868423462
1701020868.6459477,-0.29003432393074036,-0.40451768040657043,-1.6331846714019775
1701020868.688004,-0.28756141662597656,-0.40418174862861633,-1.6386346817016602
1701020868.7301042,-0.2867448627948761,-0.4031640291213989,-1.6322038173675537
1701020868.7719972,-0.28649991750717163,-0.401422381401062,-1.624758005142212
1701020868.816132,-0.28683140873908997,-0.4003039002418518,-1.615465521812439
1701020868.8547316,-0.286323219537735,-0.39826998114585876,-1.6038105487823486
1701020868.895471,-0.28619322180747986,-0.3965061902999878,-1.599632978439331
1701020868.9360058,-0.286554217338562,-0.3984066843986511,-1.6159387826919556
1701020868.9758487,-0.28587397933006287,-0.4034058153629303,-1.6400066614151
1701020869.0158918,-0.28498291969299316,-0.4057026505470276,-1.6481337547302246
1701020869.05752,-0.2840560972690582,-0.4063834846019745,-1.6550477743148804
1701020869.0981421,-0.28461936116218567,-0.405636727809906,-1.6573833227157593
1701020869.1451921,-0.28554877638816833,-0.4038878381252289,-1.6442806720733643
1701020869.1748934,-0.28574854135513306,-0.4034939706325531,-1.6440428495407104
1701020869.2056487,-0.2876238226890564,-0.4009783864021301,-1.6453441381454468
1701020869.233951,-0.28704187273979187,-0.39950427412986755,-1.6380044221878052
1701020869.2634854,-0.2861306965351105,-0.4005416929721832,-1.6345242261886597
1701020869.2930408,-0.2859652042388916,-0.4002775549888611,-1.631141185760498
1701020869.3278263,-0.2855776250362396,-0.4000612199306488,-1.6236660480499268
1701020869.3599505,-0.2839343249797821,-0.40009650588035583,-1.6183781623840332
1701020869.3959963,-0.28192469477653503,-0.3990144729614258,-1.6066583395004272
1701020869.4275637,-0.27950236201286316,-0.396342933177948,-1.591513991355896
1701020869.461589,-0.27715688943862915,-0.392828106880188,-1.5771052837371826
1701020869.4956477,-0.2759983241558075,-0.38966476917266846,-1.5665442943572998
1701020869.5288904,-0.27533915638923645,-0.38710570335388184,-1.557860016822815
1701020869.5629191,-0.2756838798522949,-0.3863268792629242,-1.5536681413650513
1701020869.5966463,-0.27744540572166443,-0.3891017735004425,-1.5639885663986206
1701020869.6278927,-0.2790648639202118,-0.3905410170555115,-1.5762683153152466
1701020869.6610868,-0.27999845147132874,-0.3921991288661957,-1.5800607204437256
1701020869.693901,-0.2807600498199463,-0.39322394132614136,-1.5833604335784912
1701020869.7280903,-0.2815443277359009,-0.39380571246147156,-1.587120771408081
1701020869.7597673,-0.2818008065223694,-0.3942427635192871,-1.5903918743133545
1701020869.7965562,-0.2809925675392151,-0.39479300379753113,-1.5972933769226074
1701020869.8275087,-0.28073668479919434,-0.39540895819664,-1.6017800569534302
1701020869.8615499,-0.28044939041137695,-0.39638054370880127,-1.6075185537338257
1701020869.8960867,-0.27950480580329895,-0.39729368686676025,-1.6142146587371826
1701020869.9282806,-0.27873843908309937,-0.39791035652160645,-1.6297855377197266
1701020869.9628866,-0.2783953547477722,-0.3977256715297699,-1.6277046203613281
1701020869.9979568,-0.2778717577457428,-0.3994596302509308,-1.639458179473877
1701020870.0281365,-0.2793889045715332,-0.400227814912796,-1.6468154191970825
1701020870.0628324,-0.28167515993118286,-0.4017336666584015,-1.6601122617721558
1701020870.0959444,-0.28112879395484924,-0.40392783284187317,-1.6709293127059937
1701020870.1296551,-0.2798933982849121,-0.40487322211265564,-1.6716997623443604
1701020870.1635237,-0.2771334648132324,-0.4032531976699829,-1.6508702039718628
1701020870.196645,-0.27298134565353394,-0.3992784321308136,-1.6268128156661987
1701020870.2298102,-0.2679675817489624,-0.3933054506778717,-1.597843050956726
1701020870.2649333,-0.26584070920944214,-0.38817089796066284,-1.5705317258834839
1701020870.295631,-0.2658618688583374,-0.3846735954284668,-1.5486055612564087
1701020870.3299236,-0.2664373517036438,-0.38233986496925354,-1.5325045585632324
1701020870.3649275,-0.266198992729187,-0.3796907663345337,-1.5247300863265991
1701020870.3984828,-0.2632208466529846,-0.37702327966690063,-1.5328394174575806
1701020870.4300854,-0.25854364037513733,-0.37439513206481934,-1.5446141958236694
1701020870.4642718,-0.2551235556602478,-0.3736683428287506,-1.5545836687088013
1701020870.4978547,-0.25293099880218506,-0.3744606077671051,-1.5592514276504517
1701020870.5308938,-0.25277966260910034,-0.3761095702648163,-1.5608034133911133
1701020870.5660214,-0.25683799386024475,-0.38494521379470825,-1.5781606435775757
1701020870.5987577,-0.2575661540031433,-0.38518887758255005,-1.5726598501205444
1701020870.631775,-0.26094919443130493,-0.39377495646476746,-1.5905259847640991
1701020870.6640306,-0.26380085945129395,-0.39826616644859314,-1.5974541902542114
1701020870.698188,-0.26714786887168884,-0.3982616066932678,-1.5973937511444092
1701020870.7320073,-0.27047353982925415,-0.39798152446746826,-1.600431203842163
1701020870.7648227,-0.2722698152065277,-0.3953484892845154,-1.595821738243103
1701020870.7986286,-0.27394044399261475,-0.39489543437957764,-1.6017509698867798
1701020870.8330064,-0.2750730514526367,-0.39340832829475403,-1.6000021696090698
1701020870.8661184,-0.2753911018371582,-0.3918835520744324,-1.591315746307373
1701020870.8990057,-0.27566829323768616,-0.3901687562465668,-1.5808358192443848
1701020870.9320278,-0.27537500858306885,-0.38810494542121887,-1.566220760345459
1701020870.9657593,-0.2754136919975281,-0.38619840145111084,-1.5557763576507568
1701020871.000903,-0.27340343594551086,-0.3834131360054016,-1.5487630367279053
1701020871.0358188,-0.27274882793426514,-0.38163143396377563,-1.542677402496338
1701020871.0685112,-0.27425941824913025,-0.38314539194107056,-1.5425817966461182
1701020871.101058,-0.2752026915550232,-0.385816365480423,-1.557708501815796
1701020871.1347616,-0.2766466736793518,-0.38890540599823,-1.569908857345581
1701020871.1690037,-0.2774560749530792,-0.3933089077472687,-1.5972044467926025
1701020871.2010458,-0.2777014672756195,-0.3950636088848114,-1.6131036281585693
1701020871.23579,-0.2768523693084717,-0.39419230818748474,-1.6194534301757812
1701020871.2675917,-0.2771277129650116,-0.3925016522407532,-1.6147726774215698
1701020871.3021643,-0.277868390083313,-0.3892892897129059,-1.6067454814910889
1701020871.335826,-0.277630090713501,-0.38729462027549744,-1.6008496284484863
1701020871.368146,-0.2756080627441406,-0.3864659368991852,-1.599849820137024
1701020871.4029086,-0.2737458646297455,-0.38615134358406067,-1.5972564220428467
1701020871.43702,-0.27331945300102234,-0.38799113035202026,-1.6048458814620972
1701020871.46756,-0.2719103991985321,-0.389230877161026,-1.605549931526184
1701020871.5036883,-0.2702147960662842,-0.3897797465324402,-1.6027339696884155
1701020871.535733,-0.27042242884635925,-0.39032432436943054,-1.5925843715667725
1701020871.5714357,-0.2675822973251343,-0.3884650468826294,-1.581673502922058
1701020871.6031263,-0.26695650815963745,-0.38592764735221863,-1.5654257535934448
1701020871.6357663,-0.2669451832771301,-0.3834381401538849,-1.5511561632156372
1701020871.6681266,-0.26682159304618835,-0.3810916841030121,-1.541534185409546
1701020871.704384,-0.2661861777305603,-0.37922361493110657,-1.540162444114685
1701020871.736972,-0.26848456263542175,-0.38403305411338806,-1.5563514232635498
1701020871.771051,-0.2702067494392395,-0.38717615604400635,-1.5694741010665894
1701020871.8045695,-0.27204304933547974,-0.39163631200790405,-1.5962245464324951
1701020871.8376296,-0.27326011657714844,-0.39138931035995483,-1.6023445129394531
1701020871.8711247,-0.27414363622665405,-0.3906686007976532,-1.6057215929031372
1701020871.9052548,-0.2753032445907593,-0.38867682218551636,-1.5995540618896484
1701020871.9378765,-0.2749011516571045,-0.391408234834671,-1.6215770244598389
1701020871.9810133,-0.27498185634613037,-0.39394745230674744,-1.6399389505386353
1701020872.0239992,-0.27412810921669006,-0.3946152925491333,-1.6453458070755005
1701020872.0686285,-0.272498220205307,-0.39451396465301514,-1.651598334312439
1701020872.109771,-0.2717883586883545,-0.3894919753074646,-1.6383851766586304
1701020872.1539927,-0.27037692070007324,-0.3857501447200775,-1.619494080543518
1701020872.1946945,-0.2673649489879608,-0.38264763355255127,-1.6074914932250977
1701020872.2357173,-0.2674993872642517,-0.381163090467453,-1.5944130420684814
1701020872.2777998,-0.26887860894203186,-0.38556528091430664,-1.603956699371338
1701020872.3196766,-0.2716180086135864,-0.39180344343185425,-1.6206703186035156
1701020872.3597102,-0.2728978395462036,-0.3962855041027069,-1.631495714187622
1701020875.8207695,0.06219080463051796,-0.414626806974411,-2.130733013153076
1701020875.887894,0.07721024751663208,-0.4279870092868805,-2.2148971557617188
1701020875.9497142,0.08141227811574936,-0.42828643321990967,-2.243678569793701
1701020876.0131054,0.08617040514945984,-0.43013665080070496,-2.2854368686676025
1701020876.0747535,0.08365428447723389,-0.42915523052215576,-2.3095343112945557
1701020876.1399913,0.08281403034925461,-0.43257251381874084,-2.3234670162200928
1701020876.1983337,0.08060314506292343,-0.4390287697315216,-2.3162026405334473
1701020876.2710612,0.07621566951274872,-0.4470629096031189,-2.2947254180908203
1701020876.3406587,0.0702463686466217,-0.4602768123149872,-2.2759017944335938
1701020876.3856964,0.06575712561607361,-0.46789997816085815,-2.2670412063598633
1701020876.4267972,0.06174661964178085,-0.4714162051677704,-2.264603853225708
1701020876.4699874,0.061947185546159744,-0.47004207968711853,-2.2673866748809814
1701020876.5135393,0.06426243484020233,-0.46691712737083435,-2.2714850902557373
1701020876.556506,0.06585327535867691,-0.4642649292945862,-2.27348256111145
1701020876.5985727,0.06758108735084534,-0.45820698142051697,-2.2747745513916016
1701020876.6396987,0.0695486068725586,-0.45544126629829407,-2.2817564010620117
1701020876.682785,0.07180337607860565,-0.4526192545890808,-2.2792468070983887
1701020876.7235186,0.07597672939300537,-0.4478059411048889,-2.2695820331573486
1701020876.7685573,0.07817500829696655,-0.44594672322273254,-2.2575554847717285
1701020876.8101494,0.08068930357694626,-0.44525447487831116,-2.2516398429870605
1701020876.851737,0.05681322515010834,-0.45457184314727783,-2.239074230194092
1701020876.8918045,0.06305915862321854,-0.45027589797973633,-2.2360427379608154
1701020876.9353557,0.06993444263935089,-0.4477745294570923,-2.240485429763794
1701020876.9774358,0.07320155948400497,-0.44730237126350403,-2.249427318572998
1701020877.0205085,0.0765804648399353,-0.44891783595085144,-2.2619287967681885
1701020877.065558,0.07682421058416367,-0.4501538574695587,-2.2695822715759277
1701020877.1141264,0.0753885954618454,-0.45067113637924194,-2.267991304397583
1701020877.1587315,0.0623871311545372,-0.4632371664047241,-2.2178688049316406
1701020877.201318,0.059958696365356445,-0.46986910700798035,-2.217435598373413
1701020877.24291,0.059481408447027206,-0.4717051684856415,-2.2228810787200928
1701020877.2840157,0.05595707148313522,-0.47416719794273376,-2.2215371131896973
1701020877.3246224,0.05491146445274353,-0.47703808546066284,-2.227598190307617
1701020877.3676558,0.04837924987077713,-0.4843333959579468,-2.2087936401367188
1701020877.4057007,0.05052126199007034,-0.48047080636024475,-2.208061933517456
1701020877.4462883,0.04818648844957352,-0.4815589189529419,-2.189955711364746
1701020877.4883664,0.051910482347011566,-0.47663843631744385,-2.193969249725342
1701020877.5289087,0.06169596314430237,-0.4692170023918152,-2.2178211212158203
1701020877.5711226,0.06931017339229584,-0.4616576135158539,-2.232671022415161
1701020877.6121793,0.07457590103149414,-0.45555561780929565,-2.252349376678467
1701020877.654745,0.0772634744644165,-0.45162615180015564,-2.262566566467285
1701020877.6960075,0.08247468620538712,-0.4468311369419098,-2.273181200027466
1701020877.73858,0.08321645110845566,-0.4482821524143219,-2.275268316268921
1701020877.7706652,0.08464202284812927,-0.44998347759246826,-2.2758209705352783
1701020877.7997112,0.08346891403198242,-0.45167165994644165,-2.2801129817962646
1701020877.8277814,0.07351048290729523,-0.4602978229522705,-2.2528235912323
1701020877.8563492,0.06250797212123871,-0.4673609435558319,-2.2178149223327637
1701020877.8899162,0.0569920614361763,-0.4722351133823395,-2.207993745803833
1701020877.9254963,0.05076059699058533,-0.4755522906780243,-2.188694953918457
1701020877.9580555,0.05067549645900726,-0.47454389929771423,-2.203798294067383
1701020878.0006332,0.05377201363444328,-0.47101372480392456,-2.2167818546295166
1701020878.0306857,0.057060934603214264,-0.4656551778316498,-2.2271482944488525
1701020878.061165,0.060213278979063034,-0.4600359797477722,-2.2366161346435547
1701020878.0896893,0.06274309754371643,-0.454714298248291,-2.2437825202941895
1701020878.1246927,0.06526055932044983,-0.4504338204860687,-2.2506392002105713
1701020878.1582203,0.06714664399623871,-0.4471406936645508,-2.2563116550445557
1701020878.1913502,0.06969889998435974,-0.4453803300857544,-2.258662462234497
1701020878.22542,0.0717218816280365,-0.44422832131385803,-2.2592601776123047
1701020878.25695,0.07346735894680023,-0.44354483485221863,-2.2601165771484375
1701020878.2920227,0.07561086118221283,-0.44318124651908875,-2.262610912322998
1701020878.3250604,0.07736749202013016,-0.4439675211906433,-2.2643702030181885
1701020878.3585913,0.0795491561293602,-0.4454576075077057,-2.2648439407348633
1701020878.3916535,0.08093462884426117,-0.4455803632736206,-2.267238140106201
1701020878.424728,0.08269542455673218,-0.4453052282333374,-2.268551826477051
1701020878.4582963,0.08353590220212936,-0.44654273986816406,-2.269573926925659
1701020878.4943557,0.083158478140831,-0.4466986358165741,-2.269472599029541
1701020878.526408,0.08236338943243027,-0.4464299976825714,-2.268810272216797
1701020878.5599618,0.08176569640636444,-0.44623205065727234,-2.267514944076538
1701020878.5939987,0.08125628530979156,-0.44625794887542725,-2.266871929168701
1701020878.6270316,0.08142881840467453,-0.44672632217407227,-2.2660272121429443
1701020878.6610885,0.081612229347229,-0.44825130701065063,-2.266706705093384
1701020878.6946533,0.08130122721195221,-0.44945386052131653,-2.266942262649536
1701020878.7276876,0.08059035241603851,-0.4497162401676178,-2.2669365406036377
1701020878.760728,0.07935315370559692,-0.45009568333625793,-2.265617847442627
1701020878.7932599,0.07775912433862686,-0.45397865772247314,-2.2694711685180664
1701020878.8272955,0.07604068517684937,-0.45864740014076233,-2.2695236206054688
1701020878.861336,0.07197308540344238,-0.46207380294799805,-2.264063596725464
1701020878.8948562,0.06871305406093597,-0.46473631262779236,-2.2575631141662598
1701020878.9268901,0.06634102761745453,-0.46599316596984863,-2.2586729526519775
1701020878.9609256,0.06623602658510208,-0.46502745151519775,-2.258129358291626
1701020878.9944553,0.06718972325325012,-0.4638071358203888,-2.2586846351623535
1701020879.0285432,0.06989741325378418,-0.46275070309638977,-2.262899875640869
1701020879.0615964,0.07215164601802826,-0.4623655378818512,-2.265528440475464
1701020879.0941234,0.0738614872097969,-0.46248775720596313,-2.266295909881592
1701020879.1271887,0.07485141605138779,-0.4617357850074768,-2.2644028663635254
1701020879.1612277,0.07603003084659576,-0.46061697602272034,-2.2635085582733154
1701020879.194832,0.0532832071185112,-0.47347134351730347,-2.242574691772461
1701020879.2279255,0.057872261852025986,-0.47130313515663147,-2.245136260986328
1701020879.2630153,0.06387384235858917,-0.46805649995803833,-2.250094175338745
1701020879.2945411,0.06915369629859924,-0.46368029713630676,-2.2532477378845215
1701020879.327596,0.07329685240983963,-0.4599814713001251,-2.2563889026641846
1701020879.3616593,0.07589036971330643,-0.4569891691207886,-2.2575013637542725
1701020879.3951826,0.07780209183692932,-0.4550682604312897,-2.26230525970459
1701020879.4282262,0.07844347506761551,-0.45386525988578796,-2.266287088394165
1701020879.4612641,0.0785168707370758,-0.4535467028617859,-2.2701618671417236
1701020879.495798,0.07874752581119537,-0.4530019760131836,-2.2746429443359375
1701020879.5298293,0.07896347343921661,-0.4529725909233093,-2.277548313140869
1701020879.5638654,0.07935474812984467,-0.45267224311828613,-2.279346227645874
1701020879.5964181,0.07953064888715744,-0.45239439606666565,-2.2804160118103027
1701020879.6309896,0.07901062816381454,-0.45314255356788635,-2.280285596847534
1701020879.6655612,0.07838337868452072,-0.45390090346336365,-2.2802207469940186
1701020879.6980839,0.07724440842866898,-0.454815149307251,-2.279689073562622
1701020879.732129,0.07652013003826141,-0.45565640926361084,-2.2795984745025635
1701020879.765653,0.07650555670261383,-0.4568110704421997,-2.280538320541382
1701020879.7981753,0.07588120549917221,-0.45830583572387695,-2.2804834842681885
1701020879.834214,0.07552434504032135,-0.45940929651260376,-2.279906749725342
1701020879.8637516,0.07461753487586975,-0.46043944358825684,-2.277099132537842
1701020879.8982785,0.07410109788179398,-0.46244701743125916,-2.2735438346862793
1701020879.9323182,0.07408422231674194,-0.46322211623191833,-2.271055221557617
1701020879.9658444,0.07470040023326874,-0.46367713809013367,-2.2708661556243896
1701020879.9998817,0.07292861491441727,-0.46282005310058594,-2.2712693214416504
1701020880.0334158,0.07236713171005249,-0.46267831325531006,-2.2713699340820312
1701020880.067945,0.07297392934560776,-0.4630510210990906,-2.2720677852630615
1701020880.1009903,0.07292880117893219,-0.4628506004810333,-2.272487163543701
1701020880.1333442,0.07392624020576477,-0.4632584750652313,-2.2727882862091064
1701020880.1678717,0.07554267346858978,-0.4624179005622864,-2.2777228355407715
1701020880.201919,0.07688462734222412,-0.4623717963695526,-2.2771129608154297
1701020880.2334514,0.07615214586257935,-0.46232789754867554,-2.275911569595337
1701020880.2679806,0.0751715749502182,-0.463793009519577,-2.2743637561798096
1701020880.3000095,0.07241455465555191,-0.46791699528694153,-2.2631664276123047
1701020880.3335443,0.07118210196495056,-0.47066763043403625,-2.2566633224487305
1701020880.3735895,0.07218336313962936,-0.4712267816066742,-2.255711317062378
1701020880.4176323,0.0741058811545372,-0.47065469622612,-2.25895357131958
1701020880.4581802,0.0752858892083168,-0.4706808030605316,-2.2592146396636963
1701020880.5017977,0.07553091645240784,-0.4707350432872772,-2.262986898422241
1701020880.5453708,0.07254809141159058,-0.46962690353393555,-2.27126145362854
1701020880.586422,0.04482610523700714,-0.47719013690948486,-2.2666778564453125
1701020880.6269672,0.04903598874807358,-0.4730609059333801,-2.275771379470825
1701020880.6670067,0.027209986001253128,-0.4781046509742737,-2.259829044342041
1701020880.7070434,0.03457309678196907,-0.476240336894989,-2.2556066513061523
1701020880.7510903,0.04712393134832382,-0.4743814766407013,-2.2621307373046875
1701020880.793125,0.03299481421709061,-0.4793838858604431,-2.247526168823242
1701020880.8331947,0.017983902245759964,-0.4820263683795929,-2.237879514694214
1701020880.8732378,0.0035500898957252502,-0.4907155930995941,-2.226858615875244
1701020880.915272,0.02508392557501793,-0.4857679307460785,-2.2424399852752686
1701020880.9563177,0.0162508562207222,-0.4889139235019684,-2.2383275032043457
1701020884.4911706,0.09240517020225525,-0.49314770102500916,-1.9191137552261353
1701020884.5608296,0.08288264274597168,-0.4892697334289551,-1.8734636306762695
1701020884.6274602,0.0668618381023407,-0.49319106340408325,-1.6705803871154785
1701020884.7045321,0.07614896446466446,-0.4248746633529663,-1.4810304641723633
1701020884.7707956,0.08086059987545013,-0.36289092898368835,-1.401132583618164
1701020884.81604,0.07983057200908661,-0.3476426601409912,-1.3881981372833252
1701020884.8589199,0.07824411988258362,-0.3278510570526123,-1.3712908029556274
1701020884.903299,0.07941751927137375,-0.3225502371788025,-1.363761067390442
1701020884.9490395,0.08086070418357849,-0.31591832637786865,-1.3534822463989258
1701020884.990291,0.08215983211994171,-0.3024512827396393,-1.330124020576477
1701020885.0349205,0.08251893520355225,-0.3079265356063843,-1.337044596672058
1701020885.078714,0.08034192025661469,-0.3124191164970398,-1.3391053676605225
1701020885.1226091,0.07528738677501678,-0.33339548110961914,-1.3696956634521484
1701020885.1639407,0.07268942892551422,-0.3394485414028168,-1.373860239982605
1701020885.2081625,0.07273484766483307,-0.34459084272384644,-1.3847414255142212
1701020885.2517655,0.07116476446390152,-0.3494274616241455,-1.389893889427185
1701020885.2968345,0.06694518774747849,-0.3668530583381653,-1.4160155057907104
1701020885.3406663,0.06634438037872314,-0.3703499138355255,-1.4227203130722046
1701020885.3848078,0.06838352233171463,-0.3719288408756256,-1.434075951576233
1701020885.4273405,0.06804227828979492,-0.37044402956962585,-1.4333343505859375
1701020885.4707627,0.06363512575626373,-0.37752726674079895,-1.4366226196289062
1701020885.5128124,0.05919206142425537,-0.38627323508262634,-1.444595456123352
1701020885.5549939,0.05830499157309532,-0.3713527321815491,-1.413694977760315
1701020885.5970423,0.05957367271184921,-0.3609047532081604,-1.393117904663086
1701020885.640264,0.05823381617665291,-0.36345285177230835,-1.3952034711837769
1701020885.685327,0.05764681100845337,-0.3676130771636963,-1.4018102884292603
1701020885.7258754,0.05544620007276535,-0.3793572783470154,-1.4218002557754517
1701020885.7689552,0.05747944861650467,-0.39188411831855774,-1.4579185247421265
1701020885.809032,0.06000673770904541,-0.4000926911830902,-1.483613133430481
1701020885.8511083,0.061761073768138885,-0.40785250067710876,-1.504533052444458
1701020885.8932016,0.0615544393658638,-0.4242008924484253,-1.542996883392334
1701020885.9337554,0.0632791817188263,-0.41327109932899475,-1.5249253511428833
1701020885.9738147,0.06266256421804428,-0.41385531425476074,-1.5304127931594849
1701020886.015873,0.06382256746292114,-0.410908579826355,-1.5307732820510864
1701020886.0554838,0.0648328885436058,-0.4001495838165283,-1.5192371606826782
1701020886.0985167,0.06609383225440979,-0.3896559476852417,-1.5046639442443848
1701020886.1396046,0.06579836457967758,-0.3809860348701477,-1.4880976676940918
1701020886.181658,0.06466672569513321,-0.3773755431175232,-1.4785878658294678
1701020886.2218533,0.06321278214454651,-0.37721672654151917,-1.476668357849121
1701020886.2627666,0.06275217235088348,-0.3776509463787079,-1.477393388748169
1701020886.3048182,0.06484122574329376,-0.37605980038642883,-1.476410984992981
1701020886.3473198,0.0638594999909401,-0.3834374248981476,-1.4877275228500366
1701020886.3897023,0.0677582174539566,-0.369570791721344,-1.4665346145629883
1701020886.432657,0.06232350319623947,-0.389031320810318,-1.4983185529708862
1701020886.4718237,0.0618731752038002,-0.3908533751964569,-1.5005942583084106
1701020886.51273,0.060301102697849274,-0.3971177935600281,-1.5101174116134644
1701020886.556068,0.05985502153635025,-0.3999267518520355,-1.5155868530273438
1701020886.5876188,0.05979836732149124,-0.40089309215545654,-1.517369031906128
1701020886.61554,0.06493079662322998,-0.3954872190952301,-1.51739501953125
1701020886.6445801,0.0709507092833519,-0.3876546621322632,-1.5170187950134277
1701020886.6718266,0.07704222202301025,-0.3813110589981079,-1.521283507347107
1701020886.7018745,0.08290308713912964,-0.37439557909965515,-1.5192080736160278
1701020886.7307653,0.08490055799484253,-0.3713952302932739,-1.5207374095916748
1701020886.7618594,0.086203433573246,-0.3688751459121704,-1.5208637714385986
1701020886.7919672,0.08418362587690353,-0.36433175206184387,-1.5060383081436157
1701020886.8210235,0.08405502140522003,-0.3600931465625763,-1.4964910745620728
1701020886.8539946,0.0841548889875412,-0.3569849133491516,-1.4905281066894531
1701020886.8885498,0.08208850771188736,-0.3587277829647064,-1.4893708229064941
1701020886.9216127,0.07857032120227814,-0.36414363980293274,-1.4936965703964233
1701020886.9544365,0.07310916483402252,-0.3703826069831848,-1.4992059469223022
1701020886.9875054,0.07027246803045273,-0.3546978533267975,-1.4669475555419922
1701020887.0215294,0.0669114887714386,-0.35892483592033386,-1.4683706760406494
1701020887.0550256,0.06627552211284637,-0.3455858528614044,-1.443379521369934
1701020887.0908449,0.06602279841899872,-0.35208001732826233,-1.4563593864440918
1701020887.1219773,0.06472169607877731,-0.36088529229164124,-1.4677802324295044
1701020887.1570568,0.06269452720880508,-0.3716941475868225,-1.4798494577407837
1701020887.1897485,0.062466368079185486,-0.3810839354991913,-1.4951918125152588
1701020887.2233062,0.06233702600002289,-0.3880084753036499,-1.5051501989364624
1701020887.256327,0.06469762325286865,-0.3763684332370758,-1.4852145910263062
1701020887.288875,0.06783163547515869,-0.37663233280181885,-1.4900583028793335
1701020887.3257048,0.06727760285139084,-0.36617642641067505,-1.4697024822235107
1701020887.3557897,0.07212536036968231,-0.36033186316490173,-1.4653854370117188
1701020887.3898842,0.07640565931797028,-0.35809311270713806,-1.4686723947525024
1701020887.4255235,0.08024431765079498,-0.35078176856040955,-1.457868218421936
1701020887.4576635,0.08152060955762863,-0.3495714068412781,-1.4588288068771362
1701020887.4897962,0.08288821578025818,-0.34717652201652527,-1.4540350437164307
1701020887.522866,0.08496119827032089,-0.34032368659973145,-1.4428918361663818
1701020887.5579326,0.08516530692577362,-0.33695337176322937,-1.437139630317688
1701020887.5919795,0.08227367699146271,-0.3476077616214752,-1.4496604204177856
1701020887.6235166,0.07774344831705093,-0.3634880781173706,-1.4696414470672607
1701020887.6600645,0.07473431527614594,-0.377287894487381,-1.489081621170044
1701020887.693589,0.0725744292140007,-0.3849979639053345,-1.501927375793457
1701020887.7241235,0.07170794159173965,-0.3878079652786255,-1.5059324502944946
1701020887.757932,0.07042278349399567,-0.38890087604522705,-1.5063832998275757
1701020887.7928772,0.06849239766597748,-0.38847482204437256,-1.5011727809906006
1701020887.8254585,0.06698453426361084,-0.3895658850669861,-1.5030361413955688
1701020887.8578968,0.06664595007896423,-0.38921669125556946,-1.5043230056762695
1701020887.890942,0.06744051724672318,-0.38615188002586365,-1.5016824007034302
1701020887.9249697,0.06603523343801498,-0.3885188698768616,-1.5050876140594482
1701020887.9580379,0.0657009407877922,-0.3890962600708008,-1.507378101348877
1701020887.9905891,0.06723938882350922,-0.3874639570713043,-1.508179783821106
1701020888.0347571,0.06902050971984863,-0.38534092903137207,-1.5061683654785156
1701020888.065013,0.07076171785593033,-0.38083401322364807,-1.498622179031372
1701020888.0945861,0.07164192199707031,-0.376534104347229,-1.491815209388733
1701020888.1286418,0.0724075511097908,-0.3729223310947418,-1.4880927801132202
1701020888.158965,0.0730905681848526,-0.3709131181240082,-1.4878308773040771
1701020888.195627,0.07440169900655746,-0.36901456117630005,-1.4867209196090698
1701020888.2270856,0.07560020685195923,-0.36711013317108154,-1.4845284223556519
1701020888.2597423,0.0763334184885025,-0.36649289727211,-1.4827780723571777
1701020888.2932734,0.07444645464420319,-0.36577123403549194,-1.4729580879211426
1701020888.3273299,0.07343834638595581,-0.36531567573547363,-1.469580888748169
1701020888.3613746,0.07376440614461899,-0.3629244565963745,-1.4663821458816528
1701020888.3959606,0.07569998502731323,-0.3576561212539673,-1.4591090679168701
1701020888.4290175,0.078952856361866,-0.35097524523735046,-1.4535801410675049
1701020888.461571,0.08382982760667801,-0.34681159257888794,-1.4537689685821533
1701020888.495642,0.08844567090272903,-0.3439081609249115,-1.456011176109314
1701020888.5297847,0.0922357514500618,-0.3432055711746216,-1.4611903429031372
1701020888.5643086,0.09326600283384323,-0.34489789605140686,-1.4634392261505127
1701020888.5968282,0.09457738697528839,-0.3487573266029358,-1.4749120473861694
1701020888.6300316,0.09284956753253937,-0.3568287193775177,-1.4891477823257446
1701020888.6630886,0.08720771223306656,-0.3671368658542633,-1.501462459564209
1701020888.6952124,0.08101005852222443,-0.37553852796554565,-1.5091382265090942
1701020888.730834,0.0762617439031601,-0.38279619812965393,-1.5171080827713013
1701020888.7633893,0.0744500383734703,-0.38239821791648865,-1.5119117498397827
1701020888.7955346,0.07212488353252411,-0.3840687870979309,-1.507652997970581
1701020888.8296025,0.07212769240140915,-0.3860848546028137,-1.5096397399902344
1701020888.8656306,0.07349073886871338,-0.387920618057251,-1.5150800943374634
1701020888.89672,0.07333111763000488,-0.38861480355262756,-1.5124542713165283
1701020888.9290123,0.07157973945140839,-0.38955265283584595,-1.5081887245178223
1701020888.963128,0.06839819997549057,-0.39158356189727783,-1.5031538009643555
1701020888.9966998,0.06571211665868759,-0.3930932283401489,-1.4998410940170288
1701020889.030792,0.06371083110570908,-0.39504891633987427,-1.4985055923461914
1701020889.0633242,0.06237821653485298,-0.39644888043403625,-1.4997706413269043
1701020889.097852,0.06112625449895859,-0.3994412124156952,-1.5086020231246948
1701020889.1329923,0.05984356999397278,-0.40053197741508484,-1.5088249444961548
1701020889.164638,0.05861036106944084,-0.40388360619544983,-1.5156208276748657
1701020889.196693,0.05851522833108902,-0.4063592255115509,-1.5226936340332031
1701020889.2314196,0.05941728875041008,-0.40515390038490295,-1.5211172103881836
1701020889.2649655,0.061451613903045654,-0.4056461453437805,-1.5249054431915283
1701020889.2980206,0.06418959051370621,-0.4033949077129364,-1.5230903625488281
1701020889.3305955,0.06659923493862152,-0.4008506238460541,-1.5199741125106812
1701020889.375801,0.06905627995729446,-0.397790789604187,-1.5165504217147827
1701020889.417157,0.0709795355796814,-0.3955342471599579,-1.5150800943374634
1701020889.4597218,0.0706431046128273,-0.39416995644569397,-1.5082790851593018
1701020889.503432,0.07220670580863953,-0.3932456076145172,-1.5063318014144897
1701020889.543531,0.07187138497829437,-0.3910318613052368,-1.4990097284317017
1701020889.5871406,0.07096658647060394,-0.3903791606426239,-1.499808669090271
1701020889.6297114,0.06914930045604706,-0.39341557025909424,-1.5055193901062012
A coordinates: 0.084529206 -1.5226501
B coordinates: -0.27590442 -1.6137079
