1701020773.260968,0.35905659198760986,-0.34000924229621887,-1.4489843845367432
1701020773.3459105,0.35489585995674133,-0.3314369022846222,-1.4164812564849854
1701020773.450818,0.3550511300563812,-0.33530300855636597,-1.4220826625823975
1701020773.5200117,0.3547884523868561,-0.34338146448135376,-1.4286528825759888
1701020773.5936527,0.3546516001224518,-0.3492429554462433,-1.4351869821548462
1701020773.6388805,0.34994980692863464,-0.3575052320957184,-1.4446070194244385
1701020773.6851695,0.3485702574253082,-0.3597446084022522,-1.4490201473236084
1701020773.7278743,0.34649571776390076,-0.35770687460899353,-1.4496902227401733
1701020773.77245,0.3426192104816437,-0.35250067710876465,-1.454757809638977
1701020773.8180337,0.3399088382720947,-0.35001856088638306,-1.461560845375061
1701020773.8595953,0.3367297947406769,-0.3498953580856323,-1.4648839235305786
1701020773.9046493,0.3341739773750305,-0.35172030329704285,-1.4679120779037476
1701020773.9582522,0.3373633921146393,-0.35492563247680664,-1.4724657535552979
1701020774.0068142,0.34279680252075195,-0.3626810312271118,-1.477028727531433
1701020774.0565035,0.34616243839263916,-0.3634115755558014,-1.4727675914764404
1701020774.1005607,0.35342612862586975,-0.3651238679885864,-1.4646040201187134
1701020774.144157,0.3566112518310547,-0.36468005180358887,-1.4530372619628906
1701020774.1879988,0.3601290285587311,-0.3671174943447113,-1.4475451707839966
1701020774.23152,0.36414048075675964,-0.37123799324035645,-1.4440308809280396
1701020774.2775767,0.3657117784023285,-0.3788456320762634,-1.4328452348709106
1701020774.3206244,0.3630409836769104,-0.3809007406234741,-1.422438383102417
1701020774.361836,0.3635175824165344,-0.3824536204338074,-1.4194740056991577
1701020774.4038715,0.3636907935142517,-0.38758963346481323,-1.420901894569397
1701020774.4439902,0.3635898232460022,-0.3897530436515808,-1.4226230382919312
1701020774.487762,0.3650631010532379,-0.389829158782959,-1.4227596521377563
1701020774.528773,0.36731740832328796,-0.39068031311035156,-1.42568039894104
1701020774.570723,0.3737131357192993,-0.39468467235565186,-1.4352147579193115
1701020774.6129732,0.37737852334976196,-0.39709749817848206,-1.4409992694854736
1701020774.6559756,0.3774116039276123,-0.3962004482746124,-1.439271330833435
1701020774.6986604,0.3768468201160431,-0.3958618640899658,-1.4404650926589966
1701020774.7407358,0.3728405237197876,-0.39043372869491577,-1.430114507675171
1701020774.7846804,0.36818230152130127,-0.3863857388496399,-1.4238173961639404
1701020774.827797,0.3654855191707611,-0.3821961283683777,-1.4190305471420288
1701020774.869034,0.35989460349082947,-0.37871846556663513,-1.4096007347106934
1701020774.910787,0.3584887385368347,-0.3772324025630951,-1.405017375946045
1701020774.9531784,0.35725194215774536,-0.37468063831329346,-1.4008111953735352
1701020774.993243,0.35548192262649536,-0.3716159462928772,-1.3953007459640503
1701020775.0344646,0.35390326380729675,-0.3699043393135071,-1.3859654664993286
1701020775.0778036,0.3543843626976013,-0.3712169826030731,-1.386806607246399
1701020775.1208847,0.35652410984039307,-0.37467798590660095,-1.39200758934021
1701020775.1650834,0.3583531975746155,-0.37813085317611694,-1.3965027332305908
1701020775.2067354,0.36117440462112427,-0.38441237807273865,-1.4070731401443481
1701020775.2502654,0.36360421776771545,-0.38642552495002747,-1.4102277755737305
1701020775.291689,0.3657512962818146,-0.3885416090488434,-1.4153155088424683
1701020775.3361485,0.3685576617717743,-0.3906842768192291,-1.422255039215088
1701020775.379271,0.37104669213294983,-0.39486679434776306,-1.4309046268463135
1701020775.4208689,0.37405088543891907,-0.3989329934120178,-1.4398000240325928
1701020775.4639819,0.3763083517551422,-0.40137186646461487,-1.4453368186950684
1701020775.5050263,0.3759080171585083,-0.39812469482421875,-1.4432579278945923
1701020775.5468404,0.37325045466423035,-0.3934670686721802,-1.4372577667236328
1701020775.5890365,0.37034332752227783,-0.3894968628883362,-1.4324942827224731
1701020775.630346,0.36721959710121155,-0.38460418581962585,-1.4278384447097778
1701020775.6720717,0.3647767901420593,-0.3826059401035309,-1.4268364906311035
1701020775.7139711,0.3623329997062683,-0.38161328434944153,-1.42263925075531
1701020775.7558727,0.3607775568962097,-0.37792325019836426,-1.4226233959197998
1701020775.7978518,0.3582524359226227,-0.37471336126327515,-1.4206336736679077
1701020775.8399875,0.35423287749290466,-0.37197214365005493,-1.4164725542068481
1701020775.8832712,0.3572498559951782,-0.3766575753688812,-1.422468900680542
1701020775.9229393,0.3593912720680237,-0.378846675157547,-1.4222620725631714
1701020775.966162,0.36092913150787354,-0.3794131278991699,-1.4202929735183716
1701020776.0043347,0.36544838547706604,-0.38520240783691406,-1.4285029172897339
1701020776.0491033,0.3684626817703247,-0.3881584703922272,-1.432368278503418
1701020776.0882251,0.37067198753356934,-0.3894798457622528,-1.434301495552063
1701020776.1287951,0.3704935908317566,-0.38770604133605957,-1.4318017959594727
1701020776.1697302,0.3706956207752228,-0.38558268547058105,-1.4306892156600952
1701020776.206209,0.3744506537914276,-0.38826191425323486,-1.436236023902893
1701020776.2349608,0.37497299909591675,-0.3889707922935486,-1.43656325340271
1701020776.2695494,0.37369227409362793,-0.3881121873855591,-1.433630347251892
1701020776.3037853,0.37136387825012207,-0.38640353083610535,-1.4266823530197144
1701020776.3355384,0.37120217084884644,-0.38708052039146423,-1.4280524253845215
1701020776.367599,0.37006548047065735,-0.38698217272758484,-1.42890202999115
1701020776.4041214,0.3702586889266968,-0.3898591697216034,-1.433113932609558
1701020776.4352462,0.3714473247528076,-0.39020174741744995,-1.4376119375228882
1701020776.4691205,0.37207692861557007,-0.38603973388671875,-1.437838077545166
1701020776.5016742,0.37110254168510437,-0.3795066475868225,-1.432353138923645
1701020776.5367854,0.3686685562133789,-0.3749629557132721,-1.424787163734436
1701020776.572027,0.3668762147426605,-0.3696611523628235,-1.4179314374923706
1701020776.6022675,0.3650483191013336,-0.3672388792037964,-1.414013385772705
1701020776.6359231,0.36504748463630676,-0.37103646993637085,-1.4174811840057373
1701020776.6699924,0.36571839451789856,-0.37481141090393066,-1.420440912246704
1701020776.7045505,0.3659875690937042,-0.37738633155822754,-1.4212431907653809
1701020776.7361531,0.3663008511066437,-0.37925562262535095,-1.4208945035934448
1701020776.7700114,0.3667786121368408,-0.3770674467086792,-1.4178390502929688
1701020776.8035939,0.3664882481098175,-0.3756702244281769,-1.4161362648010254
1701020776.8369691,0.3684808015823364,-0.3788003623485565,-1.4223591089248657
1701020776.870062,0.36995911598205566,-0.38223129510879517,-1.4286112785339355
1701020776.9042232,0.3711843490600586,-0.3852812647819519,-1.4341630935668945
1701020776.9378157,0.3724980056285858,-0.38784608244895935,-1.437366008758545
1701020776.9709883,0.37260913848876953,-0.3886822760105133,-1.435640811920166
1701020777.00506,0.3739785850048065,-0.3898930847644806,-1.4361591339111328
1701020777.0366771,0.37381336092948914,-0.3899174630641937,-1.4338209629058838
1701020777.0697298,0.3730388283729553,-0.38838091492652893,-1.4296176433563232
1701020777.1038976,0.37131214141845703,-0.38625410199165344,-1.426403522491455
1701020777.1360712,0.36916130781173706,-0.38390102982521057,-1.422231674194336
1701020777.1719534,0.3672794699668884,-0.3809950053691864,-1.4181333780288696
1701020777.20515,0.36521050333976746,-0.3797933757305145,-1.4148423671722412
1701020777.23776,0.36386507749557495,-0.3802839517593384,-1.4143893718719482
1701020777.2722933,0.36273038387298584,-0.38069260120391846,-1.4120283126831055
1701020777.3059666,0.3623364269733429,-0.3802984058856964,-1.4106889963150024
1701020777.3379433,0.3610629141330719,-0.3791752755641937,-1.407851219177246
1701020777.372959,0.3612939417362213,-0.38175663352012634,-1.4136574268341064
1701020777.4059563,0.36219626665115356,-0.3843565285205841,-1.4214794635772705
1701020777.4507535,0.36312803626060486,-0.38577622175216675,-1.4283132553100586
1701020777.4799135,0.36382612586021423,-0.3865792453289032,-1.4333679676055908
1701020777.5119643,0.36405932903289795,-0.3872358202934265,-1.4353772401809692
1701020777.541113,0.3649306297302246,-0.38816988468170166,-1.4360164403915405
1701020777.5736976,0.36586371064186096,-0.3888769745826721,-1.4364261627197266
1701020777.6067932,0.36648645997047424,-0.3889490067958832,-1.4371261596679688
1701020777.639466,0.3660125136375427,-0.388815701007843,-1.4362008571624756
1701020777.6740105,0.3652283251285553,-0.38829851150512695,-1.434227466583252
1701020777.7069209,0.3641853630542755,-0.38736823201179504,-1.4323257207870483
1701020777.740477,0.3635764420032501,-0.3868556618690491,-1.4310282468795776
1701020777.7745087,0.36311987042427063,-0.38641658425331116,-1.4286692142486572
1701020777.8071146,0.3624992072582245,-0.3863860070705414,-1.426169753074646
1701020777.8402827,0.36159512400627136,-0.3855355978012085,-1.4236094951629639
1701020777.8728108,0.36197543144226074,-0.3857758939266205,-1.4244667291641235
1701020777.9080727,0.3628338873386383,-0.3848938047885895,-1.424103856086731
1701020777.9416177,0.3640444576740265,-0.3832070231437683,-1.4218783378601074
1701020777.9731429,0.3648219704627991,-0.38213929533958435,-1.4216456413269043
1701020778.0079136,0.3656122386455536,-0.3823620080947876,-1.4245367050170898
1701020778.0414345,0.3662012815475464,-0.382853627204895,-1.4281857013702393
1701020778.0759566,0.36705610156059265,-0.3840867280960083,-1.4308271408081055
1701020778.109523,0.366605669260025,-0.3849676251411438,-1.4319214820861816
1701020778.1423624,0.36598753929138184,-0.38553932309150696,-1.433206558227539
1701020778.176962,0.3650990128517151,-0.3869875967502594,-1.4345221519470215
1701020778.2090025,0.365264892578125,-0.3884919583797455,-1.4367187023162842
1701020778.244524,0.3655834197998047,-0.3889550566673279,-1.4376462697982788
1701020778.27674,0.36589592695236206,-0.38885894417762756,-1.4372966289520264
1701020778.3118603,0.36665666103363037,-0.3887890577316284,-1.4367493391036987
1701020778.345985,0.3687949776649475,-0.3906654119491577,-1.4404007196426392
1701020778.3796172,0.37076258659362793,-0.39169707894325256,-1.4423424005508423
1701020782.6358507,0.08051009476184845,-0.5042385458946228,-1.477494716644287
1701020782.7020814,0.043409764766693115,-0.4514847695827484,-1.434131383895874
1701020782.7669826,0.02078123949468136,-0.404578298330307,-1.383137583732605
1701020782.8292365,0.00818281713873148,-0.3752336800098419,-1.3474022150039673
1701020782.8914032,0.003875263035297394,-0.3669516444206238,-1.3393282890319824
1701020782.9595473,-0.0030654072761535645,-0.35450443625450134,-1.3208762407302856
1701020783.021643,-0.0013650278560817242,-0.35220813751220703,-1.3108404874801636
1701020783.0844662,-0.0016911188140511513,-0.358274906873703,-1.312469482421875
1701020783.1440291,-0.00043866923078894615,-0.3593791723251343,-1.3079112768173218
1701020783.2086468,-0.000486510805785656,-0.3531424403190613,-1.2780404090881348
1701020783.2522306,0.000687300693243742,-0.3657578229904175,-1.320664405822754
1701020783.2933207,0.0005797245539724827,-0.35940542817115784,-1.2973793745040894
1701020783.3369071,-0.0019507268443703651,-0.3574664294719696,-1.2913371324539185
1701020783.3806107,-0.0032005533576011658,-0.36012181639671326,-1.2855212688446045
1701020783.4216928,-0.0015026307664811611,-0.3561670184135437,-1.2726953029632568
1701020783.463253,-0.0006637540645897388,-0.3605242371559143,-1.2743711471557617
1701020783.505836,-0.002619985956698656,-0.3598162829875946,-1.2680741548538208
1701020783.5464559,-0.003601354081183672,-0.3597109019756317,-1.266566276550293
1701020783.5882125,-0.006369201000779867,-0.35783231258392334,-1.2644275426864624
1701020783.6322594,-0.008390503004193306,-0.3548670709133148,-1.257117748260498
1701020783.6718473,-0.009128063917160034,-0.35242149233818054,-1.2537487745285034
1701020783.7139676,-0.008400739170610905,-0.35175377130508423,-1.2504732608795166
1701020783.7557237,-0.0070679099299013615,-0.350314199924469,-1.2429670095443726
1701020783.797311,-0.006640050560235977,-0.34795835614204407,-1.238072395324707
1701020783.8392637,-0.0033348617143929005,-0.3492754399776459,-1.2350828647613525
1701020783.8818524,-0.003158395644277334,-0.35783976316452026,-1.2623568773269653
1701020783.920972,-0.0007238839752972126,-0.3587650656700134,-1.266737461090088
1701020783.9635313,0.0016107894480228424,-0.35616546869277954,-1.2630366086959839
1701020784.0046134,0.005696793552488089,-0.34956374764442444,-1.2469050884246826
1701020784.0477233,0.007110717706382275,-0.34511783719062805,-1.23761785030365
1701020784.088793,0.007335991598665714,-0.3432140052318573,-1.2336039543151855
1701020784.131862,0.006839917041361332,-0.3438817262649536,-1.2350163459777832
1701020784.1714187,0.005931370425969362,-0.345674067735672,-1.236075758934021
1701020784.2134688,0.005444210022687912,-0.346513956785202,-1.2366771697998047
1701020784.2560437,0.0052325548604130745,-0.34602177143096924,-1.2360056638717651
1701020784.297598,0.005432378966361284,-0.3448221683502197,-1.2354896068572998
1701020784.337641,0.006365478504449129,-0.34203487634658813,-1.2350733280181885
1701020784.3802009,0.007347400300204754,-0.34036824107170105,-1.236180067062378
1701020784.421242,0.008231764659285545,-0.3390237092971802,-1.2374690771102905
1701020784.463853,0.00909590907394886,-0.3382226228713989,-1.239450454711914
1701020784.5061462,0.006042384076863527,-0.37388256192207336,-1.3204482793807983
1701020784.5469267,0.00564414681866765,-0.37288644909858704,-1.3254327774047852
1701020784.5865638,0.0050568608567118645,-0.36964401602745056,-1.323174238204956
1701020784.6274123,0.004029045347124338,-0.36583617329597473,-1.3180776834487915
1701020784.6678824,0.004608093295246363,-0.35738691687583923,-1.2960541248321533
1701020784.7088437,0.006733680609613657,-0.3486594557762146,-1.2761441469192505
1701020784.7519703,0.008266123943030834,-0.342032790184021,-1.262873888015747
1701020784.7939522,0.00953170470893383,-0.3383989632129669,-1.2560700178146362
1701020784.8363767,0.011719165369868279,-0.33563822507858276,-1.2491130828857422
1701020784.875651,0.01280872244387865,-0.3335089385509491,-1.2507656812667847
1701020784.9142995,0.013146685436367989,-0.3309166729450226,-1.2512356042861938
1701020784.9558792,0.013131205923855305,-0.3302021622657776,-1.2550384998321533
1701020784.994927,0.012139201164245605,-0.3311854600906372,-1.261540174484253
1701020785.0368216,0.01257089152932167,-0.33277589082717896,-1.2688440084457397
1701020785.0793839,0.012421700172126293,-0.3350045084953308,-1.27382230758667
1701020785.1208868,0.012689972296357155,-0.3379793167114258,-1.2777029275894165
1701020785.1609912,0.02088390477001667,-0.3393207788467407,-1.2763175964355469
1701020785.2016935,0.019086547195911407,-0.3507383167743683,-1.3056174516677856
1701020785.2414756,0.01656511425971985,-0.34981152415275574,-1.3007999658584595
1701020785.2815592,0.01507376879453659,-0.34541055560112,-1.2897764444351196
1701020785.3231456,0.017785748466849327,-0.33849895000457764,-1.2751656770706177
1701020785.368213,0.017216451466083527,-0.33249378204345703,-1.2625330686569214
1701020785.3995078,0.016943784430623055,-0.32980257272720337,-1.2535816431045532
1701020785.4290853,0.015294505283236504,-0.3284608721733093,-1.2471778392791748
1701020785.458406,0.014460951089859009,-0.3274540305137634,-1.242347002029419
1701020785.4889302,0.012818452902138233,-0.3268072009086609,-1.2385468482971191
1701020785.5178602,0.012425152584910393,-0.32613426446914673,-1.2353450059890747
1701020785.5469568,0.012597398832440376,-0.3266131281852722,-1.2344120740890503
1701020785.5775077,0.01317201741039753,-0.32692939043045044,-1.2347050905227661
1701020785.6057134,0.014008181169629097,-0.3254368305206299,-1.235805630683899
1701020785.6668348,0.01580231450498104,-0.32642996311187744,-1.2404199838638306
1701020785.7023923,0.016597071662545204,-0.3281654715538025,-1.2453566789627075
1701020785.732978,0.017897535115480423,-0.33086031675338745,-1.2496147155761719
1701020785.769678,0.01802181452512741,-0.3326309323310852,-1.2530242204666138
1701020785.802237,0.0173503328114748,-0.33375099301338196,-1.2565709352493286
1701020785.8376262,0.01695062965154648,-0.33391088247299194,-1.258899211883545
1701020785.8666875,0.018393149599432945,-0.3338623046875,-1.2599220275878906
1701020785.9012237,0.02051302045583725,-0.3322297930717468,-1.2577334642410278
1701020785.9359596,0.02242790162563324,-0.33114731311798096,-1.2553666830062866
1701020785.9690342,0.024896247312426567,-0.33054304122924805,-1.252846360206604
1701020786.0021734,0.02497027814388275,-0.32925233244895935,-1.2516913414001465
1701020786.0359397,0.024525640532374382,-0.32899928092956543,-1.2510242462158203
1701020786.0697489,0.02409808710217476,-0.32866722345352173,-1.2502977848052979
1701020786.1009607,0.02364722080528736,-0.327808141708374,-1.249150276184082
1701020786.1345139,0.02314109168946743,-0.32773345708847046,-1.2488679885864258
1701020786.1690757,0.020750872790813446,-0.32819074392318726,-1.2494899034500122
1701020786.201291,0.01861000619828701,-0.33057576417922974,-1.2514033317565918
1701020786.237247,0.019139457494020462,-0.33018288016319275,-1.249463677406311
1701020786.2709541,0.019635729491710663,-0.32880333065986633,-1.2480885982513428
1701020786.3023758,0.01918911747634411,-0.3282049000263214,-1.2490559816360474
1701020786.3364437,0.01871093362569809,-0.32805943489074707,-1.250562310218811
1701020786.3759918,0.018157677724957466,-0.32841503620147705,-1.2523367404937744
1701020786.406536,0.01777639053761959,-0.3297466039657593,-1.2536900043487549
1701020786.4390848,0.017527353018522263,-0.32989591360092163,-1.2538962364196777
1701020786.4708912,0.01572965644299984,-0.32911282777786255,-1.254494071006775
1701020786.504461,0.013706292025744915,-0.3289754092693329,-1.256279706954956
1701020786.5370421,0.01291722059249878,-0.3291742503643036,-1.256726622581482
1701020786.5716696,0.013197595253586769,-0.3255358636379242,-1.2566065788269043
1701020786.6038058,0.013873152434825897,-0.32242080569267273,-1.25508713722229
1701020786.63946,0.013468800112605095,-0.3205569088459015,-1.2550138235092163
1701020786.6715302,0.013378249481320381,-0.31986603140830994,-1.2544701099395752
1701020786.70418,0.013285355642437935,-0.31981489062309265,-1.2541043758392334
1701020786.7381117,0.012632418423891068,-0.3210500180721283,-1.2552882432937622
1701020786.770775,0.015085472725331783,-0.3220345377922058,-1.2543690204620361
1701020786.8039317,0.014427193440496922,-0.322217732667923,-1.2543315887451172
1701020786.83909,0.01477108709514141,-0.3227171003818512,-1.256554126739502
1701020786.8711298,0.014930945821106434,-0.32265937328338623,-1.2573325634002686
1701020786.9058738,0.015760574489831924,-0.3233069181442261,-1.260746955871582
1701020786.9393966,0.015956193208694458,-0.32369264960289,-1.262099266052246
1701020786.9720175,0.016558567062020302,-0.32404306530952454,-1.2621502876281738
1701020787.006947,0.017073851078748703,-0.32438692450523376,-1.2611960172653198
1701020787.0394936,0.01734490878880024,-0.3264642357826233,-1.2616888284683228
1701020787.072104,0.016233332455158234,-0.3287225067615509,-1.262404441833496
1701020787.1057627,0.015259196981787682,-0.329990953207016,-1.262474536895752
1701020787.1398563,0.014293523505330086,-0.33020052313804626,-1.2618836164474487
1701020787.1729205,0.013726070523262024,-0.32949644327163696,-1.260979413986206
1701020787.2084687,0.013070141896605492,-0.33015498518943787,-1.2610514163970947
1701020787.2410018,0.012245825491845608,-0.3363915681838989,-1.2736055850982666
1701020787.2750523,0.012399038299918175,-0.3424418866634369,-1.28639554977417
1701020787.3088222,0.011817198246717453,-0.34559643268585205,-1.2932605743408203
1701020787.3413727,0.011541418731212616,-0.3467142581939697,-1.294649600982666
1701020787.3772616,0.011373722925782204,-0.3458395004272461,-1.2920050621032715
1701020787.4198787,0.012555226683616638,-0.3430798351764679,-1.2871283292770386
1701020787.4614236,0.01415913738310337,-0.33900773525238037,-1.2810821533203125
1701020787.5044637,0.016331490129232407,-0.3345584273338318,-1.274395227432251
1701020787.5461617,0.019893471151590347,-0.32687199115753174,-1.2622501850128174
1701020787.5904608,0.02226359397172928,-0.3222554922103882,-1.2557098865509033
1701020787.6345203,0.024100931361317635,-0.31917667388916016,-1.251354455947876
1701020787.675101,0.025019202381372452,-0.31824633479118347,-1.2488638162612915
1701020787.717668,0.025093218311667442,-0.3163536787033081,-1.2446303367614746
1701020787.7587602,0.024585705250501633,-0.31712859869003296,-1.2442320585250854
1701020787.8008137,0.024429652839899063,-0.31753531098365784,-1.2431412935256958
1701020787.8404117,0.024212408810853958,-0.316819429397583,-1.2420674562454224
1701020787.881946,0.024256333708763123,-0.3158296048641205,-1.241278052330017
1701020792.4446495,-0.26670897006988525,-0.21347030997276306,-1.3827447891235352
1701020792.5127637,-0.26174527406692505,-0.2162732481956482,-1.3886699676513672
1701020792.5811172,-0.26264679431915283,-0.22684423625469208,-1.4168604612350464
1701020792.6468997,-0.2639177143573761,-0.23885703086853027,-1.3957730531692505
1701020792.7117407,-0.2661055326461792,-0.23423299193382263,-1.3641716241836548
1701020792.7767224,-0.26768380403518677,-0.22785323858261108,-1.3388112783432007
1701020792.8192902,-0.26806768774986267,-0.22619104385375977,-1.3253912925720215
1701020792.8627598,-0.26832062005996704,-0.2273462563753128,-1.3176770210266113
1701020792.9083083,-0.27489081025123596,-0.2346203327178955,-1.3206197023391724
1701020792.951997,-0.2778480052947998,-0.2372097671031952,-1.326271891593933
1701020792.9958155,-0.2754560112953186,-0.23173339664936066,-1.3139187097549438
1701020793.0401554,-0.2738218307495117,-0.22973062098026276,-1.2846460342407227
1701020793.0816286,-0.27484890818595886,-0.22851836681365967,-1.2687065601348877
1701020793.1250136,-0.2755466401576996,-0.22621679306030273,-1.2574454545974731
1701020793.1660728,-0.2788219749927521,-0.22519610822200775,-1.2476378679275513
1701020793.2076566,-0.28100502490997314,-0.22149209678173065,-1.2495789527893066
1701020793.2518876,-0.28038290143013,-0.21685785055160522,-1.251676321029663
1701020793.2942617,-0.27968668937683105,-0.2141999453306198,-1.2548083066940308
1701020793.3380146,-0.30028510093688965,-0.2526989281177521,-1.2950141429901123
1701020793.3817694,-0.3139997124671936,-0.2763821482658386,-1.3152841329574585
1701020793.4238029,-0.3178597688674927,-0.28119009733200073,-1.3229511976242065
1701020793.4721363,-0.3164336383342743,-0.27589523792266846,-1.3411098718643188
1701020793.5140119,-0.30909809470176697,-0.26237642765045166,-1.3419806957244873
1701020793.556901,-0.3045807480812073,-0.2580738961696625,-1.3406106233596802
1701020793.6018627,-0.2979569137096405,-0.2529754042625427,-1.329613208770752
1701020793.6470342,-0.29096823930740356,-0.24887090921401978,-1.3166404962539673
1701020793.6898246,-0.28590553998947144,-0.24554741382598877,-1.3071386814117432
1701020793.7345507,-0.284389466047287,-0.24666106700897217,-1.3021694421768188
1701020793.7776837,-0.28742486238479614,-0.25024423003196716,-1.3033416271209717
1701020793.822395,-0.2887144684791565,-0.25225093960762024,-1.3044872283935547
1701020793.8645468,-0.2894640862941742,-0.25286900997161865,-1.305305004119873
1701020793.904595,-0.2919267416000366,-0.2517082989215851,-1.3069140911102295
1701020793.9488275,-0.29172462224960327,-0.24838121235370636,-1.3059080839157104
1701020793.9898858,-0.29070529341697693,-0.24595396220684052,-1.3058894872665405
1701020794.0319207,-0.28988996148109436,-0.24562568962574005,-1.3073234558105469
1701020794.0725183,-0.2895445227622986,-0.24614013731479645,-1.3107142448425293
1701020794.1145978,-0.2895875573158264,-0.24641336500644684,-1.3103407621383667
1701020794.1561954,-0.28898993134498596,-0.24447044730186462,-1.3091048002243042
1701020794.1989155,-0.2882586419582367,-0.2420015037059784,-1.3081755638122559
1701020794.239073,-0.28528454899787903,-0.23649917542934418,-1.3038946390151978
1701020794.2806377,-0.2838340103626251,-0.23225630819797516,-1.3024178743362427
1701020794.3236988,-0.28257429599761963,-0.2298033982515335,-1.3010494709014893
1701020794.3679109,-0.28167489171028137,-0.22703135013580322,-1.3065546751022339
1701020794.40898,-0.2824998199939728,-0.22710645198822021,-1.3133426904678345
1701020794.4510162,-0.2825097143650055,-0.2297409623861313,-1.3114632368087769
1701020794.493084,-0.2836763560771942,-0.23181121051311493,-1.309891939163208
1701020794.535658,-0.28442540764808655,-0.23356038331985474,-1.3079850673675537
1701020794.5777073,-0.28521835803985596,-0.23479679226875305,-1.3119829893112183
1701020794.6237767,-0.28553393483161926,-0.2354813814163208,-1.3155899047851562
1701020794.664854,-0.2857353985309601,-0.2357386201620102,-1.3132168054580688
1701020794.7064497,-0.28617390990257263,-0.23738351464271545,-1.3092304468154907
1701020794.7502236,-0.28664639592170715,-0.23701748251914978,-1.3131415843963623
1701020794.7892685,-0.2840564250946045,-0.2351251095533371,-1.313712477684021
1701020794.8188026,-0.281487375497818,-0.23277151584625244,-1.307798981666565
1701020794.8500886,-0.2568642497062683,-0.26941248774528503,-1.296471118927002
1701020794.87963,-0.24586835503578186,-0.29302674531936646,-1.2936370372772217
1701020794.909206,-0.2399124801158905,-0.3240230977535248,-1.3052767515182495
1701020794.9377403,-0.2389863282442093,-0.34035614132881165,-1.3059455156326294
1701020794.9703205,-0.2384735643863678,-0.34611624479293823,-1.3018546104431152
1701020794.9998417,-0.23748713731765747,-0.34704723954200745,-1.2956616878509521
1701020795.0345361,-0.2371060699224472,-0.3455183804035187,-1.2895045280456543
1701020795.0686946,-0.23691947758197784,-0.3406055271625519,-1.2831025123596191
1701020795.1022408,-0.23770558834075928,-0.3369656801223755,-1.2785687446594238
1701020795.1338153,-0.23816102743148804,-0.33384475111961365,-1.2754085063934326
1701020795.1675014,-0.23833578824996948,-0.33097338676452637,-1.2729954719543457
1701020795.200033,-0.23912693560123444,-0.3279564082622528,-1.2713391780853271
1701020795.2345693,-0.23774048686027527,-0.33592551946640015,-1.2820231914520264
1701020795.2686517,-0.2393178641796112,-0.34608519077301025,-1.295967698097229
1701020795.3012,-0.24255235493183136,-0.35646775364875793,-1.311921238899231
1701020795.3357718,-0.24105100333690643,-0.3563331365585327,-1.3174179792404175
1701020795.3693285,-0.24522796273231506,-0.3511960506439209,-1.3187578916549683
1701020795.4018698,-0.24046078324317932,-0.34736135601997375,-1.3129359483718872
1701020795.437935,-0.24355953931808472,-0.3572075068950653,-1.3180361986160278
1701020795.46904,-0.2485232949256897,-0.3690832555294037,-1.3301633596420288
1701020795.504564,-0.2531171441078186,-0.37855249643325806,-1.341943621635437
1701020795.5348265,-0.2566429376602173,-0.38610735535621643,-1.3546257019042969
1701020795.5697973,-0.2610997259616852,-0.39038851857185364,-1.372616171836853
1701020795.6028275,-0.264259397983551,-0.3942943513393402,-1.3848907947540283
1701020795.636074,-0.26730895042419434,-0.39876899123191833,-1.394818663597107
1701020795.670756,-0.2685927152633667,-0.4013144075870514,-1.401616096496582
1701020795.7048721,-0.27236610651016235,-0.4081936478614807,-1.4148119688034058
1701020795.73852,-0.2767365872859955,-0.41623058915138245,-1.4317967891693115
1701020795.770246,-0.2816825807094574,-0.42017874121665955,-1.4511332511901855
1701020795.805996,-0.28947821259498596,-0.4203963875770569,-1.4565579891204834
1701020795.83777,-0.28909897804260254,-0.4222186505794525,-1.4634051322937012
1701020795.8690112,-0.29381024837493896,-0.4241049289703369,-1.469376802444458
1701020795.905077,-0.298091858625412,-0.42759886384010315,-1.4777806997299194
1701020795.9366221,-0.30077022314071655,-0.432297945022583,-1.4872193336486816
1701020795.969371,-0.30276837944984436,-0.4374948740005493,-1.4967337846755981
1701020796.0028963,-0.3044293522834778,-0.442518949508667,-1.5062175989151
1701020796.0374825,-0.3064049780368805,-0.44626039266586304,-1.5143458843231201
1701020796.0715272,-0.3082175850868225,-0.44898730516433716,-1.5209975242614746
1701020796.1046257,-0.3051295876502991,-0.44282492995262146,-1.5154469013214111
1701020796.1367438,-0.30498090386390686,-0.4369884431362152,-1.5128897428512573
1701020796.1717632,-0.3047322928905487,-0.43309181928634644,-1.5112824440002441
1701020796.2058246,-0.30328240990638733,-0.4316263794898987,-1.5110759735107422
1701020796.2367482,-0.3014707863330841,-0.43224456906318665,-1.5118091106414795
1701020796.2737694,-0.29662078619003296,-0.42769548296928406,-1.5114282369613647
1701020796.3047428,-0.29133227467536926,-0.422717422246933,-1.5108001232147217
1701020796.338377,-0.2882980406284332,-0.417064368724823,-1.503230333328247
1701020796.3719919,-0.28645601868629456,-0.4130290150642395,-1.4961923360824585
1701020796.4066188,-0.28580525517463684,-0.41111332178115845,-1.4912703037261963
1701020796.4387465,-0.28547826409339905,-0.41170504689216614,-1.4895271062850952
1701020796.4737682,-0.2851630747318268,-0.41407573223114014,-1.4907089471817017
1701020796.5057478,-0.28423553705215454,-0.4173659682273865,-1.4938277006149292
1701020796.5390122,-0.28323644399642944,-0.4208817780017853,-1.4971188306808472
1701020796.5722759,-0.28273314237594604,-0.42412853240966797,-1.500576376914978
1701020796.6090243,-0.28163158893585205,-0.4277055859565735,-1.501604437828064
1701020796.643254,-0.280394047498703,-0.43056759238243103,-1.501088261604309
1701020796.6748657,-0.2784978747367859,-0.43253350257873535,-1.4989501237869263
1701020796.708116,-0.27661463618278503,-0.4329455494880676,-1.4953422546386719
1701020796.7417402,-0.27310264110565186,-0.4388159215450287,-1.5029096603393555
1701020796.774829,-0.2703563868999481,-0.45383012294769287,-1.5173757076263428
1701020796.809288,-0.2659132480621338,-0.47563785314559937,-1.5417447090148926
1701020796.8428102,-0.2589309811592102,-0.4853457808494568,-1.5514898300170898
1701020796.8759906,-0.261791467666626,-0.4673599600791931,-1.5367374420166016
1701020796.9087381,-0.2648102045059204,-0.45643341541290283,-1.5316787958145142
1701020796.9418635,-0.2681888937950134,-0.44542500376701355,-1.5223348140716553
1701020796.976116,-0.2686450183391571,-0.43185949325561523,-1.5101747512817383
1701020797.0100508,-0.26862987875938416,-0.42156967520713806,-1.4989068508148193
1701020797.0428627,-0.27004337310791016,-0.41467270255088806,-1.492208480834961
1701020797.0745058,-0.2718866765499115,-0.407106876373291,-1.488993763923645
1701020797.1097465,-0.2739715576171875,-0.39951467514038086,-1.4827523231506348
1701020797.1426635,-0.27629631757736206,-0.39289024472236633,-1.4770159721374512
1701020797.1756835,-0.27953770756721497,-0.3869415819644928,-1.469700574874878
1701020797.2117114,-0.2827918231487274,-0.38291415572166443,-1.4639612436294556
1701020797.2439687,-0.2858346998691559,-0.37818586826324463,-1.4689371585845947
1701020797.2778146,-0.28819334506988525,-0.3731638193130493,-1.4658334255218506
1701020797.3120012,-0.28831925988197327,-0.3769257366657257,-1.4713141918182373
1701020797.345111,-0.28830039501190186,-0.38051435351371765,-1.4705592393875122
1701020797.3793228,-0.2854388654232025,-0.3931185007095337,-1.4794209003448486
1701020797.413845,-0.2822309136390686,-0.4012761414051056,-1.4829769134521484
1701020797.4465199,-0.27700579166412354,-0.415485143661499,-1.4945883750915527
1701020797.4790568,-0.2701413035392761,-0.4349104166030884,-1.512515902519226
1701020797.51386,-0.2640517055988312,-0.44414687156677246,-1.5251398086547852
1701020797.5468237,-0.2566804885864258,-0.45419806241989136,-1.5485385656356812
1701020797.5840547,-0.24911829829216003,-0.4635361433029175,-1.5767165422439575
1701020797.6178293,-0.24723698198795319,-0.43427619338035583,-1.5705739259719849
1701020801.388747,0.03638370335102081,-0.3830524682998657,-1.7560536861419678
1701020801.458097,0.0322972908616066,-0.3828181028366089,-1.7519432306289673
1701020801.5249548,0.02923860028386116,-0.38417723774909973,-1.7526459693908691
1701020801.5908105,0.02717699483036995,-0.385986864566803,-1.7542208433151245
1701020801.6559997,0.025707870721817017,-0.38958317041397095,-1.7596163749694824
1701020801.716097,0.014616256579756737,-0.3761674761772156,-1.757697582244873
1701020801.7805905,0.0023408588021993637,-0.36095109581947327,-1.7538421154022217
1701020801.8228316,-0.0028970707207918167,-0.3533526360988617,-1.7521220445632935
1701020801.867345,-0.011656509712338448,-0.34166672825813293,-1.7482800483703613
1701020801.9089787,0.0037597534246742725,-0.34006184339523315,-1.7496452331542969
1701020801.9527256,0.011207587085664272,-0.3365215063095093,-1.749011754989624
1701020801.9949553,0.016004513949155807,-0.33164387941360474,-1.7482811212539673
1701020802.0397115,0.017641985788941383,-0.33312898874282837,-1.7500730752944946
1701020802.0809808,0.018556835129857063,-0.3331105709075928,-1.7494697570800781
1701020802.125009,0.019067563116550446,-0.3322516977787018,-1.7478185892105103
1701020802.1687121,0.018958183005452156,-0.3320106565952301,-1.7480225563049316
1701020802.211701,0.018783316016197205,-0.33460381627082825,-1.751021146774292
1701020802.255965,0.0249788835644722,-0.3390027582645416,-1.7588725090026855
1701020802.3005035,0.027256660163402557,-0.3395334780216217,-1.7634756565093994
1701020802.3400786,0.02652760222554207,-0.33856990933418274,-1.7652826309204102
1701020802.382268,0.02476716786623001,-0.33654722571372986,-1.7656457424163818
1701020802.4238026,0.027046475559473038,-0.3425639867782593,-1.7673474550247192
1701020802.465849,0.02579878456890583,-0.34420719742774963,-1.7691255807876587
1701020802.5051064,0.02420581877231598,-0.33804577589035034,-1.7704658508300781
1701020802.5497096,0.021134044975042343,-0.33177870512008667,-1.7709879875183105
1701020802.590251,0.018107829615473747,-0.3245450258255005,-1.7674877643585205
1701020802.6348267,0.013532762415707111,-0.3124975562095642,-1.7589478492736816
1701020802.6742027,0.011692020110785961,-0.3082508146762848,-1.7542535066604614
1701020802.7197874,0.00975931715220213,-0.30531030893325806,-1.7506179809570312
1701020802.7639854,0.008305870927870274,-0.30477792024612427,-1.7489789724349976
1701020802.8059535,0.005494890734553337,-0.30084139108657837,-1.743874430656433
1701020802.8477335,0.004495070315897465,-0.29841458797454834,-1.7403017282485962
1701020802.8880577,0.0038661761209368706,-0.29652515053749084,-1.7371951341629028
1701020802.9307044,0.0032580308616161346,-0.2945334017276764,-1.7344151735305786
1701020802.9713244,0.003576114308089018,-0.2943194508552551,-1.7337337732315063
1701020803.0109413,0.00437027495354414,-0.29566019773483276,-1.7357401847839355
1701020803.0525765,0.005571417510509491,-0.2984398603439331,-1.738595962524414
1701020803.0927763,0.006837023887783289,-0.3017893433570862,-1.7417534589767456
1701020803.1348348,0.008511204272508621,-0.303386390209198,-1.7452037334442139
1701020803.1768901,0.008924582973122597,-0.303565114736557,-1.7449216842651367
1701020803.2180982,0.00999689381569624,-0.3040291666984558,-1.742760419845581
1701020803.2597208,0.011189669370651245,-0.3047516345977783,-1.7408441305160522
1701020803.3017578,0.013518987223505974,-0.3102930784225464,-1.7382299900054932
1701020803.3437912,0.014907818287611008,-0.3118641972541809,-1.7382005453109741
1701020803.3830533,0.01599431224167347,-0.3121229112148285,-1.7380255460739136
1701020803.4248788,0.017211206257343292,-0.31359148025512695,-1.739093542098999
1701020803.4687016,0.017788048833608627,-0.3158796727657318,-1.7427271604537964
1701020803.5082867,0.017404258251190186,-0.3170384466648102,-1.7451785802841187
1701020803.5520449,0.017166974022984505,-0.31736913323402405,-1.7471612691879272
1701020803.5939531,0.01607629470527172,-0.3160257637500763,-1.748384952545166
1701020803.6366699,0.014391849748790264,-0.3141614496707916,-1.7498594522476196
1701020803.676701,0.01350514404475689,-0.3106071949005127,-1.7503267526626587
1701020803.7187028,0.012209035456180573,-0.306861013174057,-1.7515357732772827
1701020803.7599509,0.01100173033773899,-0.30263131856918335,-1.7507506608963013
1701020803.8025503,0.007636436726897955,-0.29184457659721375,-1.7463542222976685
1701020803.8416674,0.005290238186717033,-0.28630775213241577,-1.7422164678573608
1701020803.8839319,0.00400534737855196,-0.28371402621269226,-1.7392094135284424
1701020803.9240463,0.0035021230578422546,-0.2834516763687134,-1.7376335859298706
1701020803.9658263,0.0031567085534334183,-0.2840263843536377,-1.738025426864624
1701020804.0066316,0.0023846281692385674,-0.2815365791320801,-1.7380938529968262
1701020804.0479987,0.0018409090116620064,-0.2798601984977722,-1.7398009300231934
1701020804.0890434,0.0009919684380292892,-0.2768625020980835,-1.740592122077942
1701020804.1331913,-0.0001228218898177147,-0.2734297513961792,-1.7409154176712036
1701020804.1757274,-0.0018110154196619987,-0.2696783244609833,-1.7416069507598877
1701020804.217838,-0.0024538878351449966,-0.26910072565078735,-1.7425466775894165
1701020804.259375,-0.0031030122190713882,-0.2682482898235321,-1.7440756559371948
1701020804.2981014,0.011005198583006859,-0.2998107969760895,-1.7476344108581543
1701020804.339691,0.023994125425815582,-0.3274300992488861,-1.7533074617385864
1701020804.3818152,0.03133324906229973,-0.33748409152030945,-1.7540044784545898
1701020804.4224005,0.0359480082988739,-0.3435065746307373,-1.7536057233810425
1701020804.4646642,0.03871773183345795,-0.34547463059425354,-1.7520644664764404
1701020804.504322,0.04477634280920029,-0.3525694012641907,-1.7606532573699951
1701020804.5471902,0.040862634778022766,-0.34734034538269043,-1.7590827941894531
1701020804.5880642,0.036507509648799896,-0.3409467935562134,-1.7549591064453125
1701020804.629938,0.03803718835115433,-0.34130626916885376,-1.7609784603118896
1701020804.6727061,0.03962790220975876,-0.3393103778362274,-1.7653778791427612
1701020804.714938,0.042876482009887695,-0.33771058917045593,-1.7671217918395996
1701020804.7559876,0.04542713612318039,-0.3377915322780609,-1.7640022039413452
1701020804.7966504,0.04749231040477753,-0.34116601943969727,-1.76162850856781
1701020804.8388557,0.048775285482406616,-0.3442688286304474,-1.7583529949188232
1701020804.8812017,0.04848456382751465,-0.3447761535644531,-1.7582151889801025
1701020804.9218137,0.0465322807431221,-0.34651628136634827,-1.7584322690963745
1701020804.963936,0.044918473809957504,-0.34519627690315247,-1.75764799118042
1701020805.0049646,0.0424993522465229,-0.34189215302467346,-1.7571040391921997
1701020805.0439358,0.039777208119630814,-0.3397018611431122,-1.7560193538665771
1701020805.086075,0.03821896016597748,-0.3372541069984436,-1.7553112506866455
1701020805.125106,0.03897571191191673,-0.33283716440200806,-1.7530150413513184
1701020805.1667604,0.03891216591000557,-0.3302723169326782,-1.7519361972808838
1701020805.1972644,0.03870707005262375,-0.32780036330223083,-1.753650188446045
1701020805.227817,0.03897023946046829,-0.3265080153942108,-1.7557746171951294
1701020805.256709,0.039930399507284164,-0.32451990246772766,-1.759116291999817
1701020805.2867723,0.04132150113582611,-0.3218121826648712,-1.762723445892334
1701020805.316842,0.04430505633354187,-0.31932660937309265,-1.7657548189163208
1701020805.3449028,0.04646895453333855,-0.3195214569568634,-1.77101469039917
1701020805.3743904,0.04917888343334198,-0.3194393813610077,-1.7758946418762207
1701020805.4029424,0.050057701766490936,-0.31936028599739075,-1.7793359756469727
1701020805.436005,0.050987374037504196,-0.31970277428627014,-1.7813911437988281
1701020805.4710982,0.050203900784254074,-0.32029011845588684,-1.7817611694335938
1701020805.5036755,0.04856298118829727,-0.32162603735923767,-1.7830604314804077
1701020805.539313,0.04751817509531975,-0.32293251156806946,-1.7813326120376587
1701020805.570032,0.04536185413599014,-0.3248700797557831,-1.779810905456543
1701020805.6038067,0.04290218651294708,-0.32656967639923096,-1.7783281803131104
1701020805.6370184,0.04240519180893898,-0.32784730195999146,-1.7775311470031738
1701020805.669543,0.04289576783776283,-0.3264888525009155,-1.7751359939575195
1701020805.7046878,0.044668152928352356,-0.32383695244789124,-1.775231122970581
1701020805.737687,0.04742245748639107,-0.3207727074623108,-1.7771825790405273
1701020805.7733061,0.050355613231658936,-0.31798890233039856,-1.7803444862365723
1701020805.8050554,0.05288710072636604,-0.316001296043396,-1.7849820852279663
1701020805.8386867,0.05496467649936676,-0.3146732747554779,-1.789707064628601
1701020805.8729136,0.05643268674612045,-0.31413164734840393,-1.7941641807556152
1701020805.9050548,0.05737702548503876,-0.3144170045852661,-1.798426866531372
1701020805.9378633,0.05793573334813118,-0.3150332272052765,-1.8022449016571045
1701020805.9725673,0.057956986129283905,-0.31580159068107605,-1.8053001165390015
1701020806.0056791,0.0577368289232254,-0.3166842460632324,-1.8072620630264282
1701020806.039819,0.05745647847652435,-0.3175193667411804,-1.8090083599090576
1701020806.0711584,0.05895400047302246,-0.31821781396865845,-1.811991572380066
1701020806.1081326,0.05890865996479988,-0.31808769702911377,-1.8096950054168701
1701020806.1379292,0.05883615463972092,-0.3186531662940979,-1.811747670173645
1701020806.173957,0.05996495112776756,-0.3188318610191345,-1.8122683763504028
1701020806.2077725,0.06049950420856476,-0.3189642131328583,-1.8136554956436157
1701020806.2409816,0.0601390115916729,-0.31870993971824646,-1.812791109085083
1701020806.2730124,0.05955824255943298,-0.3189913034439087,-1.813645362854004
1701020806.3058186,0.05846327170729637,-0.3190382122993469,-1.8108007907867432
1701020806.3410728,0.05717596784234047,-0.31889066100120544,-1.807063341140747
1701020806.371677,0.05521925538778305,-0.3203807473182678,-1.800994634628296
1701020806.4081774,0.05334280803799629,-0.32253459095954895,-1.7954003810882568
1701020806.4409199,0.05234549939632416,-0.32482776045799255,-1.7952485084533691
1701020806.4749503,0.05156195908784866,-0.326204776763916,-1.7939444780349731
1701020806.5067527,0.050721678882837296,-0.3269961476325989,-1.7904328107833862
1701020806.541818,0.050053488463163376,-0.32706841826438904,-1.7878791093826294
1701020806.5741255,0.04978448152542114,-0.32662510871887207,-1.7857472896575928
1701020806.6091788,0.04995960369706154,-0.32613521814346313,-1.785103678703308
1701020806.6423209,0.05010542646050453,-0.32582494616508484,-1.78470778465271
1701020809.85267,0.05873443931341171,-0.3798063397407532,-1.5656461715698242
1701020809.91962,0.05508144199848175,-0.3810579776763916,-1.542892575263977
1701020809.9847786,0.051924917846918106,-0.38266077637672424,-1.5313549041748047
1701020810.0469604,0.04950358718633652,-0.37988489866256714,-1.5187478065490723
1701020810.1362805,0.057574205100536346,-0.37271398305892944,-1.5190091133117676
1701020810.2008326,0.06561292707920074,-0.3651137948036194,-1.5284298658370972
1701020810.243859,0.06646132469177246,-0.3630876839160919,-1.5238538980484009
1701020810.28758,0.06668274104595184,-0.3681637942790985,-1.5352658033370972
1701020810.331158,0.061807308346033096,-0.3799692988395691,-1.5438909530639648
1701020810.3772056,0.057923346757888794,-0.38431403040885925,-1.5399497747421265
1701020810.4197898,0.055610135197639465,-0.3870888650417328,-1.5355019569396973
1701020810.4604707,0.05639581382274628,-0.3887389004230499,-1.5425951480865479
1701020810.5031397,0.05858533829450607,-0.3875499963760376,-1.546678066253662
1701020810.5467918,0.06132049113512039,-0.38652658462524414,-1.549646258354187
1701020810.5908573,0.06359966844320297,-0.38632383942604065,-1.5527586936950684
1701020810.6334,0.06288695335388184,-0.38629189133644104,-1.5528299808502197
1701020810.6790218,0.060667578130960464,-0.38828036189079285,-1.5499240159988403
1701020810.7220514,0.05790949612855911,-0.3909456431865692,-1.547232747077942
1701020810.7682204,0.05552337318658829,-0.39327043294906616,-1.5409106016159058
1701020810.809247,0.056419916450977325,-0.3919237554073334,-1.5335367918014526
1701020810.8508017,0.057200416922569275,-0.390224814414978,-1.523850440979004
1701020810.8948834,0.0542910136282444,-0.3908239006996155,-1.5077635049819946
1701020810.9360316,0.050628453493118286,-0.39362818002700806,-1.5057541131973267
1701020810.977568,0.04729052633047104,-0.39721256494522095,-1.5080063343048096
1701020811.020615,0.043870970606803894,-0.39673110842704773,-1.5024617910385132
1701020811.0632079,0.038477763533592224,-0.39856117963790894,-1.5033241510391235
1701020811.1068258,0.03695898875594139,-0.4005740284919739,-1.5134676694869995
1701020811.1509056,0.03658726066350937,-0.3999873995780945,-1.5119140148162842
1701020811.1922038,0.03791764751076698,-0.3995918929576874,-1.5181370973587036
1701020811.235024,0.0419345460832119,-0.3991733193397522,-1.5319364070892334
1701020811.2793875,0.04458462446928024,-0.39839136600494385,-1.5360101461410522
1701020811.3217387,0.04522346332669258,-0.3957398235797882,-1.5258736610412598
1701020811.3643985,0.04597320035099983,-0.3954201936721802,-1.525557041168213
1701020811.4059494,0.04729346185922623,-0.39563363790512085,-1.5303764343261719
1701020811.4486656,0.04735824465751648,-0.3941740095615387,-1.5285907983779907
1701020811.4898765,0.04792851209640503,-0.3931381106376648,-1.5313268899917603
1701020811.5313025,0.047301217913627625,-0.38716116547584534,-1.51711905002594
1701020811.5742197,0.047611817717552185,-0.38814273476600647,-1.5158973932266235
1701020811.6177855,0.04916638135910034,-0.39018747210502625,-1.52167546749115
1701020811.6607604,0.05017154663801193,-0.3905552923679352,-1.5278104543685913
1701020811.701377,0.05511029064655304,-0.3889934718608856,-1.5315221548080444
1701020811.7416458,0.05755426734685898,-0.3872044086456299,-1.53544282913208
1701020811.780682,0.05901939049363136,-0.3841358721256256,-1.532977819442749
1701020811.8229246,0.06011306494474411,-0.3833836019039154,-1.5341588258743286
1701020811.8765569,0.060312848538160324,-0.38206619024276733,-1.5370360612869263
1701020811.9216123,0.06012462079524994,-0.38212570548057556,-1.539682388305664
1701020811.9631562,0.05756044387817383,-0.3843083679676056,-1.5396792888641357
1701020812.0042086,0.056262191385030746,-0.38772356510162354,-1.536433219909668
1701020812.0487766,0.05603048577904701,-0.39043891429901123,-1.5361676216125488
1701020812.089355,0.05627640336751938,-0.392619788646698,-1.5362939834594727
1701020812.1294053,0.05678241327404976,-0.3944079875946045,-1.5370149612426758
1701020812.1719525,0.055646851658821106,-0.3963518440723419,-1.5326125621795654
1701020812.2015498,0.05498997122049332,-0.3957783877849579,-1.527282953262329
1701020812.2301028,0.054706208407878876,-0.39441758394241333,-1.521897792816162
1701020812.2609568,0.054322563111782074,-0.39297881722450256,-1.518403172492981
1701020812.2934916,0.05281819775700569,-0.3904418349266052,-1.515131950378418
1701020812.328577,0.05288431793451309,-0.38849565386772156,-1.511661410331726
1701020812.362646,0.05409485101699829,-0.38688743114471436,-1.5127016305923462
1701020812.3973818,0.05421028658747673,-0.3862377107143402,-1.5112206935882568
1701020812.4294627,0.054050423204898834,-0.3859996199607849,-1.5099680423736572
1701020812.4615064,0.05472366884350777,-0.38584089279174805,-1.510524034500122
1701020812.4950416,0.055191993713378906,-0.3859453499317169,-1.512099027633667
1701020812.529095,0.05459744110703468,-0.3874874413013458,-1.5121240615844727
1701020812.561151,0.053652383387088776,-0.3897533118724823,-1.5130631923675537
1701020812.5947196,0.053262971341609955,-0.3915685713291168,-1.5150609016418457
1701020812.6297746,0.053284287452697754,-0.3932724893093109,-1.5182836055755615
1701020812.6758838,0.0533212311565876,-0.3949776887893677,-1.522485375404358
1701020812.7049594,0.05384261906147003,-0.3956408202648163,-1.528765082359314
1701020812.734531,0.05316290259361267,-0.3967602849006653,-1.5309981107711792
1701020812.767131,0.05224428325891495,-0.398253858089447,-1.532008171081543
1701020812.7966652,0.05123358592391014,-0.40015479922294617,-1.5336042642593384
1701020812.8292341,0.051270075142383575,-0.40107765793800354,-1.533432126045227
1701020812.8632958,0.051423314958810806,-0.40034180879592896,-1.533308506011963
1701020812.8948348,0.05063203349709511,-0.4002194404602051,-1.528823733329773
1701020812.9308958,0.050629112869501114,-0.40037113428115845,-1.5280028581619263
1701020812.962963,0.05079594627022743,-0.3995785117149353,-1.5278470516204834
1701020812.9960496,0.05051733925938606,-0.398041695356369,-1.524888277053833
1701020813.0295818,0.05002596974372864,-0.39684927463531494,-1.52215576171875
1701020813.0636675,0.049823615700006485,-0.3960639238357544,-1.5196791887283325
1701020813.0977726,0.050658371299505234,-0.3947471082210541,-1.5183864831924438
1701020813.1303093,0.04999055713415146,-0.393118292093277,-1.5171457529067993
1701020813.1633544,0.04927550628781319,-0.3922480642795563,-1.5171294212341309
1701020813.1974194,0.04798300191760063,-0.39246994256973267,-1.5150482654571533
1701020813.2319431,0.04691531881690025,-0.39351212978363037,-1.5136746168136597
1701020813.2649853,0.0461701825261116,-0.3945983648300171,-1.5135616064071655
1701020813.2967505,0.04578631371259689,-0.3949686288833618,-1.5125243663787842
1701020813.331311,0.04552741348743439,-0.3958320617675781,-1.5127755403518677
1701020813.3643434,0.04567515105009079,-0.3968476951122284,-1.5140783786773682
1701020813.397406,0.045846790075302124,-0.39694952964782715,-1.5135287046432495
1701020813.430961,0.045833051204681396,-0.39640626311302185,-1.5114316940307617
1701020813.4650538,0.045857902616262436,-0.3961404263973236,-1.5107101202011108
1701020813.4981155,0.046935416758060455,-0.39478784799575806,-1.5132153034210205
1701020813.5306695,0.047557227313518524,-0.392036110162735,-1.5154070854187012
1701020813.5672793,0.0461491197347641,-0.38974863290786743,-1.5097646713256836
1701020813.5988197,0.04528474435210228,-0.3877934515476227,-1.5072985887527466
1701020813.6313589,0.044013671576976776,-0.3866656422615051,-1.505738615989685
1701020813.664403,0.042962681502103806,-0.3853703737258911,-1.503233790397644
1701020813.6993651,0.041723694652318954,-0.3849983513355255,-1.501753807067871
1701020813.7309017,0.040839917957782745,-0.385955810546875,-1.5024999380111694
1701020813.7674625,0.04062565788626671,-0.3867468237876892,-1.5031675100326538
1701020813.80002,0.040309708565473557,-0.3874855041503906,-1.5025923252105713
1701020813.8315883,0.04040681943297386,-0.38735154271125793,-1.5018190145492554
1701020813.8671958,0.04147929325699806,-0.38550347089767456,-1.4988317489624023
1701020813.8997614,0.04182636737823486,-0.3839530944824219,-1.4973162412643433
1701020813.9343238,0.042557306587696075,-0.3820899724960327,-1.4945707321166992
1701020813.9644325,0.042975157499313354,-0.38179466128349304,-1.4941400289535522
1701020814.0014637,0.04304863512516022,-0.3842613101005554,-1.4980909824371338
1701020814.036536,0.042520832270383835,-0.38820764422416687,-1.502571940422058
1701020814.0685678,0.04255177453160286,-0.3920356333255768,-1.5088998079299927
1701020814.101093,0.042346756905317307,-0.39498353004455566,-1.514434814453125
1701020814.1356597,0.04153423011302948,-0.39718347787857056,-1.517072081565857
1701020814.1700156,0.040340356528759,-0.3981854319572449,-1.517016053199768
1701020814.2037513,0.03930611163377762,-0.39950162172317505,-1.5187170505523682
1701020814.237397,0.03837847709655762,-0.3981386721134186,-1.512885332107544
1701020814.2700112,0.03858409449458122,-0.39571326971054077,-1.5059531927108765
1701020814.3011131,0.039662234485149384,-0.39232343435287476,-1.497796893119812
1701020814.337379,0.04039591923356056,-0.391649067401886,-1.4937044382095337
1701020814.3694158,0.04168643429875374,-0.3901667296886444,-1.4927493333816528
1701020814.402125,0.043357767164707184,-0.3883183002471924,-1.492267370223999
1701020814.4368882,0.04430052265524864,-0.3864389955997467,-1.4916951656341553
1701020814.4699216,0.04521569237112999,-0.3847605288028717,-1.4912159442901611
1701020814.5019996,0.04560437798500061,-0.3833182752132416,-1.4888700246810913
1701020814.5358737,0.045722655951976776,-0.3828553557395935,-1.4890114068984985
1701020814.5714872,0.04549486190080643,-0.3844165503978729,-1.492153286933899
1701020814.6036298,0.04459145665168762,-0.38680991530418396,-1.4963468313217163
1701020814.6376805,0.044241487979888916,-0.3890153169631958,-1.5024288892745972
1701020814.6700096,0.04390406608581543,-0.39094001054763794,-1.5090928077697754
1701020814.7041237,0.042235806584358215,-0.39336827397346497,-1.5116204023361206
1701020814.7377474,0.041576117277145386,-0.3956671953201294,-1.5188701152801514
1701020814.7708845,0.04144221544265747,-0.3967202603816986,-1.5248446464538574
1701020814.8044052,0.04235854744911194,-0.3969923257827759,-1.5319923162460327
1701020814.839438,0.04241969436407089,-0.39681461453437805,-1.5335203409194946
1701020814.871001,0.04165292903780937,-0.3970070481300354,-1.5332940816879272
1701020814.9066815,0.041039712727069855,-0.39767298102378845,-1.5331119298934937
1701020814.936765,0.04125501960515976,-0.3976120054721832,-1.5328619480133057
A coordinates: 0.013122195 -1.2554512
B coordinates: -0.28029057 -1.356863
