1700162185.4192986,0.20448501408100128,-0.3046718239784241,-1.442413568496704
1700162185.4945052,0.20228427648544312,-0.30136772990226746,-1.3752312660217285
1700162185.602609,0.20745627582073212,-0.3129364550113678,-1.3757152557373047
1700162185.6764555,0.20740368962287903,-0.315908282995224,-1.3812566995620728
1700162185.725194,0.20937706530094147,-0.31391048431396484,-1.3908917903900146
1700162185.775831,0.2087988406419754,-0.3235092759132385,-1.4029053449630737
1700162185.8329458,0.20872151851654053,-0.3223535716533661,-1.4051400423049927
1700162185.8765743,0.20732735097408295,-0.3238222599029541,-1.401137351989746
1700162185.9164195,0.20441381633281708,-0.32353290915489197,-1.3922533988952637
1700162185.9601693,0.1991540640592575,-0.3184679448604584,-1.3772783279418945
1700162186.0045662,0.195877805352211,-0.31142011284828186,-1.365903377532959
1700162186.0466223,0.2025815099477768,-0.31846189498901367,-1.3820635080337524
1700162186.0936794,0.20314401388168335,-0.3272498846054077,-1.3880538940429688
1700162186.1356874,0.20211553573608398,-0.3285485506057739,-1.3809893131256104
1700162186.1778002,0.20312903821468353,-0.3336144983768463,-1.3900933265686035
1700162186.2178702,0.20475132763385773,-0.336031436920166,-1.3982579708099365
1700162186.2614267,0.20873844623565674,-0.33442991971969604,-1.4182101488113403
1700162186.304001,0.21068795025348663,-0.3311706483364105,-1.4287718534469604
1700162186.349054,0.20981188118457794,-0.3277478814125061,-1.4281405210494995
1700162186.389642,0.20727981626987457,-0.3261602818965912,-1.4264795780181885
1700162186.4322214,0.20556315779685974,-0.3280028700828552,-1.4252283573150635
1700162186.4749272,0.2055538296699524,-0.32279181480407715,-1.4215295314788818
1700162186.5162199,0.2057638019323349,-0.317832887172699,-1.417602300643921
1700162186.5592828,0.19815529882907867,-0.319511353969574,-1.4056965112686157
1700162186.6014643,0.19650065898895264,-0.3193567991256714,-1.4058380126953125
1700162186.6433983,0.19555339217185974,-0.31915462017059326,-1.4028944969177246
1700162186.6840243,0.1959381103515625,-0.32723745703697205,-1.4083802700042725
1700162186.7270792,0.1975805163383484,-0.32705262303352356,-1.4179025888442993
1700162186.765735,0.2005404382944107,-0.33390098810195923,-1.425163745880127
1700162186.8073049,0.20234723389148712,-0.34205421805381775,-1.4319965839385986
1700162186.8494027,0.2039620727300644,-0.34304970502853394,-1.4391295909881592
1700162186.8909647,0.20549538731575012,-0.34217560291290283,-1.444638729095459
1700162186.9300177,0.20394295454025269,-0.3361627757549286,-1.435117244720459
1700162186.9715934,0.20307594537734985,-0.34129175543785095,-1.4318174123764038
1700162187.0121508,0.20335040986537933,-0.3458022475242615,-1.4259837865829468
1700162187.0552125,0.20317058265209198,-0.34680137038230896,-1.4233287572860718
1700162187.0947888,0.20278799533843994,-0.35551717877388,-1.4309591054916382
1700162187.1348608,0.20280992984771729,-0.35679659247398376,-1.4370343685150146
1700162187.1774642,0.20178315043449402,-0.35529884696006775,-1.4301230907440186
1700162187.2195423,0.20254111289978027,-0.35790470242500305,-1.4293619394302368
1700162187.2596297,0.20340490341186523,-0.3605886995792389,-1.4330928325653076
1700162187.3038883,0.2038860023021698,-0.3600757122039795,-1.4330028295516968
1700162187.3449695,0.20412462949752808,-0.36046335101127625,-1.4368020296096802
1700162187.3875742,0.20435978472232819,-0.35964566469192505,-1.4369313716888428
1700162187.429641,0.20499292016029358,-0.3598341941833496,-1.4349937438964844
1700162187.4612064,0.2035486102104187,-0.3587389886379242,-1.429652452468872
1700162187.4918213,0.20340314507484436,-0.3559063673019409,-1.4220393896102905
1700162187.5233634,0.20490506291389465,-0.35413646697998047,-1.4202474355697632
1700162187.5546205,0.20495735108852386,-0.356322705745697,-1.4226980209350586
1700162187.5861998,0.2069793939590454,-0.35490795969963074,-1.4296172857284546
1700162187.6212583,0.20805256068706512,-0.3538029193878174,-1.4304113388061523
1700162187.65583,0.20765571296215057,-0.35148173570632935,-1.4267371892929077
1700162187.6889632,0.20412281155586243,-0.34722059965133667,-1.4173721075057983
1700162187.7220361,0.19990617036819458,-0.34446480870246887,-1.408746600151062
1700162187.7545867,0.1984332799911499,-0.34767889976501465,-1.4109532833099365
1700162187.7876709,0.19872088730335236,-0.353212833404541,-1.418715238571167
1700162187.8227615,0.1995893269777298,-0.3582783043384552,-1.4266146421432495
1700162187.8543355,0.200196772813797,-0.36177724599838257,-1.4332484006881714
1700162187.8895235,0.20113305747509003,-0.3634035885334015,-1.4378472566604614
1700162187.922593,0.20144712924957275,-0.36435985565185547,-1.4406578540802002
1700162187.9561737,0.20204339921474457,-0.364143967628479,-1.4477466344833374
1700162188.02341,0.2053116410970688,-0.36491498351097107,-1.4499950408935547
1700162188.0569675,0.2076972872018814,-0.365901380777359,-1.4502476453781128
1700162188.0915627,0.20849508047103882,-0.3664073646068573,-1.4497060775756836
1700162188.122109,0.2104496955871582,-0.3663169741630554,-1.4479830265045166
1700162188.1566522,0.212956041097641,-0.3662029206752777,-1.4473307132720947
1700162188.1913419,0.21545949578285217,-0.3659127354621887,-1.4463313817977905
1700162188.2228339,0.21621091663837433,-0.36573436856269836,-1.4472811222076416
1700162188.2635272,0.21661511063575745,-0.36596912145614624,-1.4480020999908447
1700162188.2925885,0.21664252877235413,-0.36547788977622986,-1.446682333946228
1700162188.3241568,0.21583378314971924,-0.3656943440437317,-1.4445559978485107
1700162188.3577292,0.21556760370731354,-0.36210766434669495,-1.4436492919921875
1700162188.3913505,0.21437612175941467,-0.3596183955669403,-1.4391722679138184
1700162188.4239104,0.21458278596401215,-0.3594268560409546,-1.4377250671386719
1700162188.459454,0.21275214850902557,-0.36038172245025635,-1.4368489980697632
1700162188.4895296,0.21160390973091125,-0.36118823289871216,-1.4358718395233154
1700162188.5245938,0.2113478183746338,-0.36243921518325806,-1.4375871419906616
1700162188.557138,0.21157118678092957,-0.3610142171382904,-1.442161202430725
1700162188.5917082,0.21172839403152466,-0.3566230833530426,-1.4426552057266235
1700162188.62329,0.21236227452754974,-0.35192134976387024,-1.4427846670150757
1700162188.6598535,0.21335823833942413,-0.3497275114059448,-1.4419642686843872
1700162188.6914558,0.21380095183849335,-0.34946057200431824,-1.4450430870056152
1700162188.7269876,0.2153354436159134,-0.3506406247615814,-1.4488989114761353
1700162188.7585437,0.21634331345558167,-0.35167932510375977,-1.4508285522460938
1700162188.792653,0.2176314890384674,-0.35040438175201416,-1.4551153182983398
1700162188.8242204,0.21643845736980438,-0.34468719363212585,-1.4514992237091064
1700162188.857789,0.2144390195608139,-0.34432119131088257,-1.4469698667526245
1700162188.892676,0.21193809807300568,-0.3434627056121826,-1.4379388093948364
1700162188.9262528,0.21050500869750977,-0.34388992190361023,-1.4313620328903198
1700162188.9613428,0.2101346105337143,-0.3457937240600586,-1.4320679903030396
1700162188.9934282,0.20837704837322235,-0.3492608368396759,-1.4377477169036865
1700162189.0269868,0.20689845085144043,-0.34944629669189453,-1.4384715557098389
1700162189.0595398,0.20600390434265137,-0.3497482240200043,-1.440390944480896
1700162189.0926425,0.20509973168373108,-0.3499760627746582,-1.4430800676345825
1700162189.1272075,0.20497143268585205,-0.35092583298683167,-1.4455920457839966
1700162189.1597958,0.20581915974617004,-0.35413774847984314,-1.447914958000183
1700162189.1938765,0.2069171667098999,-0.35893714427948,-1.4492764472961426
1700162189.2274165,0.20798693597316742,-0.3633122146129608,-1.448610544204712
1700162189.2624788,0.20909561216831207,-0.3677733242511749,-1.4487839937210083
1700162189.29555,0.2095448523759842,-0.3695110082626343,-1.4473216533660889
1700162189.329067,0.21004970371723175,-0.36827462911605835,-1.4442834854125977
1700162189.3630195,0.2105523943901062,-0.36533066630363464,-1.4391224384307861
1700162189.397059,0.21181617677211761,-0.3614540100097656,-1.4347386360168457
1700162189.429584,0.21224628388881683,-0.35764577984809875,-1.429819941520691
1700162189.462652,0.2122006118297577,-0.35360395908355713,-1.4251161813735962
1700162189.4957385,0.2124321609735489,-0.34993502497673035,-1.425078272819519
1700162189.5282867,0.21126540005207062,-0.3427887558937073,-1.4160540103912354
1700162189.563391,0.2103903889656067,-0.3366365432739258,-1.4075798988342285
1700162189.5964684,0.20982149243354797,-0.3358885645866394,-1.4105703830718994
1700162189.6300304,0.20847181975841522,-0.33223119378089905,-1.408191204071045
1700162189.6621418,0.20894095301628113,-0.3289644718170166,-1.4118293523788452
1700162189.6960564,0.2098539024591446,-0.32972458004951477,-1.4179970026016235
1700162189.732093,0.20985554158687592,-0.3322562873363495,-1.4244967699050903
1700162189.7647731,0.20932921767234802,-0.33184757828712463,-1.4268250465393066
1700162189.7988756,0.20870614051818848,-0.3304150104522705,-1.4221429824829102
1700162189.8294644,0.20802973210811615,-0.32842639088630676,-1.4195162057876587
1700162189.8655,0.20775097608566284,-0.33122119307518005,-1.4207477569580078
1700162189.8986337,0.20814478397369385,-0.3324151635169983,-1.421920657157898
1700162189.9327364,0.20879222452640533,-0.3338671624660492,-1.4217135906219482
1700162189.964255,0.21015194058418274,-0.3359852731227875,-1.4238710403442383
1700162189.999814,0.20978422462940216,-0.3333244025707245,-1.4246702194213867
1700162190.0313842,0.20775935053825378,-0.33014774322509766,-1.4187555313110352
1700162190.0644495,0.20583108067512512,-0.3292597532272339,-1.4126801490783691
1700162190.099008,0.20391437411308289,-0.328622967004776,-1.407760500907898
1700162190.1320932,0.20257632434368134,-0.32642966508865356,-1.4033262729644775
1700162190.164633,0.19997547566890717,-0.32504698634147644,-1.3989063501358032
1700162190.200163,0.19834770262241364,-0.32598087191581726,-1.4003489017486572
1700162190.235209,0.19990591704845428,-0.3313787877559662,-1.4101014137268066
1700162190.277413,0.201590895652771,-0.3351110816001892,-1.4206808805465698
1700162190.32201,0.20500324666500092,-0.33579808473587036,-1.430298089981079
1700162190.3690932,0.20725174248218536,-0.3358660340309143,-1.4297711849212646
1700162190.4122586,0.2085784524679184,-0.3386336863040924,-1.4306433200836182
1700162190.4573457,0.20995143055915833,-0.34311965107917786,-1.4304629564285278
1700162190.4984417,0.21109570562839508,-0.34686627984046936,-1.4294973611831665
1700162190.539509,0.21165435016155243,-0.3520549535751343,-1.4264492988586426
1700162196.4733603,-0.15683069825172424,-0.40032845735549927,-1.2372045516967773
1700162196.5413964,-0.1550324261188507,-0.4004039466381073,-1.2371946573257446
1700162196.621463,-0.15383687615394592,-0.39192837476730347,-1.2276382446289062
1700162196.6840582,-0.14021733403205872,-0.38168084621429443,-1.2115528583526611
1700162196.754419,-0.1299569457769394,-0.36226576566696167,-1.1834604740142822
1700162196.8384333,-0.14458969235420227,-0.3489452600479126,-1.1751686334609985
1700162196.8839822,-0.15608543157577515,-0.3468719720840454,-1.1872187852859497
1700162196.9380727,-0.16324490308761597,-0.34104108810424805,-1.195400595664978
1700162196.9861534,-0.16655448079109192,-0.3383587598800659,-1.199815273284912
1700162197.033358,-0.16890974342823029,-0.3435565233230591,-1.2294237613677979
1700162197.079666,-0.17138157784938812,-0.34318381547927856,-1.2260243892669678
1700162197.1274579,-0.17673681676387787,-0.342909038066864,-1.2202950716018677
1700162197.1738021,-0.17520423233509064,-0.34833428263664246,-1.2231922149658203
1700162197.2183626,-0.17504768073558807,-0.35613757371902466,-1.240506887435913
1700162197.2674003,-0.17789073288440704,-0.3728139102458954,-1.2621426582336426
1700162197.3124676,-0.1745169311761856,-0.37510961294174194,-1.241873025894165
1700162197.358052,-0.1686978042125702,-0.37549957633018494,-1.2361265420913696
1700162197.4001703,-0.16768404841423035,-0.4010434150695801,-1.2419484853744507
1700162197.4432452,-0.1669514924287796,-0.4104834496974945,-1.2385743856430054
1700162197.4873927,-0.1677488535642624,-0.41429585218429565,-1.2394672632217407
1700162197.529003,-0.1644279509782791,-0.41415858268737793,-1.2259776592254639
1700162197.5702841,-0.16044218838214874,-0.4093848764896393,-1.209984540939331
1700162197.613881,-0.1571277529001236,-0.403383731842041,-1.1959514617919922
1700162197.656492,-0.1566465049982071,-0.3990320861339569,-1.1895254850387573
1700162197.6971042,-0.15993806719779968,-0.3935564160346985,-1.1768044233322144
1700162197.7381673,-0.16256415843963623,-0.39251846075057983,-1.1783747673034668
1700162197.7797716,-0.16220031678676605,-0.39118194580078125,-1.177173376083374
1700162197.822384,-0.16235505044460297,-0.39091435074806213,-1.1774653196334839
1700162197.8631203,-0.15013740956783295,-0.3803222179412842,-1.178282618522644
1700162197.9096825,-0.1484922617673874,-0.3729947805404663,-1.1729011535644531
1700162197.9542449,-0.14626380801200867,-0.36784490942955017,-1.1684019565582275
1700162197.9953969,-0.1444883793592453,-0.36493563652038574,-1.167617917060852
1700162198.038578,-0.1384192556142807,-0.3602036237716675,-1.1637468338012695
1700162198.0787792,-0.1376473754644394,-0.3580492436885834,-1.1638816595077515
1700162198.122294,-0.13842688500881195,-0.3572809398174286,-1.163506031036377
1700162198.1656415,-0.141622856259346,-0.3590499758720398,-1.1647588014602661
1700162198.2113438,-0.14523929357528687,-0.3652079105377197,-1.1713788509368896
1700162198.251946,-0.14740297198295593,-0.36931976675987244,-1.1745054721832275
1700162198.295169,-0.14974328875541687,-0.3717358112335205,-1.1766763925552368
1700162198.3372107,-0.16749656200408936,-0.3831680417060852,-1.2199151515960693
1700162198.379307,-0.17636321485042572,-0.3877626061439514,-1.2230217456817627
1700162198.4198523,-0.1783006340265274,-0.39119330048561096,-1.226891279220581
1700162198.4588764,-0.17756310105323792,-0.39419448375701904,-1.2298682928085327
1700162198.4860654,-0.17504455149173737,-0.3962373435497284,-1.2305642366409302
1700162198.5160453,-0.16995683312416077,-0.39705201983451843,-1.2293375730514526
1700162198.5462775,-0.16302376985549927,-0.3965511918067932,-1.2246977090835571
1700162198.5758026,-0.15585796535015106,-0.39541512727737427,-1.220137357711792
1700162198.6048331,-0.14892379939556122,-0.39296212792396545,-1.2133195400238037
1700162198.63417,-0.1423385739326477,-0.38822969794273376,-1.202865481376648
1700162198.6640036,-0.13755136728286743,-0.3829829692840576,-1.1936107873916626
1700162198.694042,-0.1359214335680008,-0.380094438791275,-1.1941739320755005
1700162198.7320745,-0.13723286986351013,-0.3813861906528473,-1.1990044116973877
1700162198.7696233,-0.13985402882099152,-0.38696345686912537,-1.2073512077331543
1700162198.8021932,-0.14260269701480865,-0.3930816650390625,-1.2154772281646729
1700162198.8332596,-0.1452215313911438,-0.39744070172309875,-1.2209584712982178
1700162198.8638318,-0.1469610035419464,-0.4001663029193878,-1.2238000631332397
1700162198.895411,-0.14772137999534607,-0.400558203458786,-1.2231228351593018
1700162198.9285545,-0.14771273732185364,-0.3995138108730316,-1.221904993057251
1700162198.9641433,-0.14808152616024017,-0.3981638550758362,-1.2202755212783813
1700162198.9942012,-0.14827783405780792,-0.39691197872161865,-1.218865156173706
1700162199.0275714,-0.14872409403324127,-0.39659684896469116,-1.2178184986114502
1700162199.0621789,-0.14960837364196777,-0.39908263087272644,-1.223624587059021
1700162199.0952404,-0.14957314729690552,-0.3996506929397583,-1.2320787906646729
1700162199.1285841,-0.14830170571804047,-0.39464786648750305,-1.2293387651443481
1700162199.161604,-0.14792421460151672,-0.3883664906024933,-1.2162877321243286
1700162199.1953762,-0.14873209595680237,-0.3855606019496918,-1.2111514806747437
1700162199.2289064,-0.14707575738430023,-0.3831113874912262,-1.1964055299758911
1700162199.2629588,-0.14425399899482727,-0.37942519783973694,-1.1866480112075806
1700162199.2954578,-0.14140574634075165,-0.3750336766242981,-1.1780412197113037
1700162199.3296556,-0.1407025307416916,-0.3726673424243927,-1.1749218702316284
1700162199.3632383,-0.14140614867210388,-0.37084901332855225,-1.174131989479065
1700162199.396277,-0.14212357997894287,-0.36823609471321106,-1.1747504472732544
1700162199.4310586,-0.1427440345287323,-0.36464592814445496,-1.1725103855133057
1700162199.4625988,-0.1444213092327118,-0.36032727360725403,-1.1786290407180786
1700162199.4976735,-0.1453562080860138,-0.3537866771221161,-1.1780500411987305
1700162199.5295174,-0.14700466394424438,-0.34699133038520813,-1.1797953844070435
1700162199.562085,-0.14889933168888092,-0.3425617218017578,-1.1795368194580078
1700162199.5963962,-0.1511002779006958,-0.340681254863739,-1.1805057525634766
1700162199.6321874,-0.15284770727157593,-0.3389725387096405,-1.1825120449066162
1700162199.6622384,-0.1549474000930786,-0.33846914768218994,-1.1884522438049316
1700162199.697567,-0.15669599175453186,-0.33885544538497925,-1.192763328552246
1700162199.7301466,-0.1578635573387146,-0.33765289187431335,-1.1952365636825562
1700162199.763722,-0.16076968610286713,-0.3455069661140442,-1.2074421644210815
1700162199.7974625,-0.1629755198955536,-0.3580545485019684,-1.217394471168518
1700162199.8324225,-0.16179776191711426,-0.36910757422447205,-1.2254375219345093
1700162199.8649585,-0.1636873483657837,-0.3808409571647644,-1.2339154481887817
1700162199.8988564,-0.1654132753610611,-0.3877430260181427,-1.2353599071502686
1700162199.9339278,-0.16651076078414917,-0.38970068097114563,-1.2340607643127441
1700162199.966448,-0.16520103812217712,-0.38572049140930176,-1.2233457565307617
1700162199.9985204,-0.15866172313690186,-0.3767061233520508,-1.2064268589019775
1700162200.066144,-0.1559259593486786,-0.3699112832546234,-1.1977320909500122
1700162200.0998733,-0.15654267370700836,-0.37344199419021606,-1.2042310237884521
1700162200.1318989,-0.15774711966514587,-0.37877732515335083,-1.2135071754455566
1700162200.166424,-0.1593475490808487,-0.3842022120952606,-1.221531629562378
1700162200.198408,-0.15903085470199585,-0.3840833902359009,-1.2193318605422974
1700162200.2304814,-0.15856097638607025,-0.3840940296649933,-1.2196464538574219
1700162200.2797215,-0.1573726236820221,-0.38156768679618835,-1.216361403465271
1700162200.3228283,-0.15679076313972473,-0.3826717436313629,-1.2159450054168701
1700162200.362902,-0.15645946562290192,-0.38425108790397644,-1.217099666595459
1700162200.4054866,-0.14555497467517853,-0.3731883466243744,-1.1976441144943237
1700162200.4475513,-0.14419405162334442,-0.37075385451316833,-1.1983388662338257
1700162200.4790838,-0.1447753757238388,-0.3711998462677002,-1.2007578611373901
1700162200.5081787,-0.14654698967933655,-0.37370461225509644,-1.2065855264663696
1700162200.539265,-0.14810656011104584,-0.37640151381492615,-1.2087875604629517
1700162200.5688157,-0.14939215779304504,-0.38087427616119385,-1.211273193359375
1700162200.5998776,-0.15019524097442627,-0.3818042278289795,-1.2098006010055542
1700162200.634945,-0.14980226755142212,-0.380124032497406,-1.2034553289413452
1700162200.6694813,-0.15167289972305298,-0.38052698969841003,-1.2037073373794556
1700162200.701812,-0.15489117801189423,-0.3850284814834595,-1.2088837623596191
1700162200.7344124,-0.16008126735687256,-0.38767731189727783,-1.2169203758239746
1700162200.768451,-0.16390450298786163,-0.39054161310195923,-1.22394859790802
1700162200.8013942,-0.16603869199752808,-0.39276787638664246,-1.2292283773422241
1700162200.8371081,-0.16384828090667725,-0.3887036442756653,-1.2228169441223145
1700162200.8686543,-0.16089139878749847,-0.385209858417511,-1.2207112312316895
1700162200.9022448,-0.16100318729877472,-0.38576948642730713,-1.2225496768951416
1700162200.9367666,-0.1609722524881363,-0.3861989974975586,-1.2234505414962769
1700162200.9693747,-0.15910951793193817,-0.38301441073417664,-1.2183946371078491
1700162201.001139,-0.15814082324504852,-0.38149788975715637,-1.2160040140151978
1700162201.0351808,-0.15425994992256165,-0.37478405237197876,-1.2041692733764648
1700162201.068353,-0.1491357535123825,-0.364812433719635,-1.190482497215271
1700162201.10398,-0.14743641018867493,-0.3604234457015991,-1.1872276067733765
1700162201.137529,-0.14701077342033386,-0.36036327481269836,-1.1857208013534546
1700162201.1690886,-0.1472618728876114,-0.3617037236690521,-1.1869378089904785
1700162201.2031355,-0.14832375943660736,-0.3660109341144562,-1.1906081438064575
1700162201.236658,-0.14925570785999298,-0.37133392691612244,-1.1956716775894165
1700162201.2691972,-0.14998537302017212,-0.3765004575252533,-1.2006373405456543
1700162201.3027544,-0.15028978884220123,-0.3801741898059845,-1.2043218612670898
1700162201.3377209,-0.1499035507440567,-0.3828118145465851,-1.2065107822418213
1700162201.3703148,-0.14540785551071167,-0.3783198297023773,-1.1957597732543945
1700162201.405012,-0.1450941562652588,-0.377797394990921,-1.1945579051971436
1700162201.438535,-0.14515450596809387,-0.3771263360977173,-1.194697618484497
1700162201.4696577,-0.1438223123550415,-0.37464645504951477,-1.1927648782730103
1700162201.5027273,-0.1429472416639328,-0.37233230471611023,-1.1908272504806519
1700162201.5379677,-0.1419844627380371,-0.36755719780921936,-1.1876415014266968
1700162201.5711281,-0.14259181916713715,-0.36359140276908875,-1.1857020854949951
1700162201.6070778,-0.1428961604833603,-0.3585164546966553,-1.1823725700378418
1700162201.6372025,-0.14469090104103088,-0.3557778000831604,-1.1819348335266113
1700162207.0503137,-0.3520801067352295,-0.27631306648254395,-1.4081425666809082
1700162207.1218326,-0.3604345917701721,-0.2982136607170105,-1.398557424545288
1700162207.1934211,-0.3759874105453491,-0.3277188837528229,-1.4091707468032837
1700162207.2583976,-0.3963417112827301,-0.3746100068092346,-1.488878846168518
1700162207.3270028,-0.42206665873527527,-0.3751901090145111,-1.548249363899231
1700162207.3942013,-0.38137590885162354,-0.3742402493953705,-1.47091543674469
1700162207.4575922,-0.38767749071121216,-0.35171177983283997,-1.4602930545806885
1700162207.5002189,-0.41112247109413147,-0.35327038168907166,-1.5003799200057983
1700162207.5433905,-0.4197104871273041,-0.3594285547733307,-1.52671217918396
1700162207.587453,-0.4241149127483368,-0.36865004897117615,-1.5485233068466187
1700162207.6315966,-0.4304244816303253,-0.3669044077396393,-1.5718637704849243
1700162207.674157,-0.43252599239349365,-0.36394330859184265,-1.5938297510147095
1700162207.7181494,-0.43369752168655396,-0.3633551001548767,-1.6081948280334473
1700162207.7630134,-0.4359997510910034,-0.3578990399837494,-1.6260836124420166
1700162207.8089726,-0.4337157607078552,-0.3580044209957123,-1.6260842084884644
1700162207.8575127,-0.432714581489563,-0.3578760027885437,-1.6250685453414917
1700162207.9049804,-0.4335676431655884,-0.3561924397945404,-1.6319034099578857
1700162207.948697,-0.43196234107017517,-0.3569094240665436,-1.63243567943573
1700162207.9913006,-0.42939844727516174,-0.35838013887405396,-1.6298867464065552
1700162208.0322392,-0.42170435190200806,-0.3636345863342285,-1.607797384262085
1700162208.0752969,-0.4213750660419464,-0.36521798372268677,-1.5996577739715576
1700162208.1163683,-0.4218686521053314,-0.36538293957710266,-1.6004406213760376
1700162208.1584406,-0.4229974150657654,-0.36434125900268555,-1.6042112112045288
1700162208.1999934,-0.4244488477706909,-0.3631816506385803,-1.607345461845398
1700162208.242058,-0.4258997440338135,-0.362647145986557,-1.6101224422454834
1700162208.2831028,-0.42695847153663635,-0.36224159598350525,-1.6138474941253662
1700162208.3232496,-0.4271021783351898,-0.3618868291378021,-1.6091134548187256
1700162208.3623285,-0.4257875680923462,-0.3622089624404907,-1.599643349647522
1700162208.405258,-0.4235139489173889,-0.3618660569190979,-1.6041260957717896
1700162208.4538157,-0.4232471287250519,-0.36072224378585815,-1.6106836795806885
1700162208.4833477,-0.4223783612251282,-0.3603345453739166,-1.6077920198440552
1700162208.5134597,-0.4215264618396759,-0.3604537546634674,-1.6060551404953003
1700162208.5415075,-0.42122405767440796,-0.3611143231391907,-1.6065304279327393
1700162208.5711184,-0.4208982586860657,-0.3617504835128784,-1.592901349067688
1700162208.5996659,-0.42043790221214294,-0.3631000518798828,-1.5826143026351929
1700162208.6282272,-0.4191407561302185,-0.36465486884117126,-1.5794644355773926
1700162208.6614058,-0.41786110401153564,-0.3656488060951233,-1.5733857154846191
1700162208.6941943,-0.4172377586364746,-0.3660094439983368,-1.5726460218429565
1700162208.7282898,-0.41738128662109375,-0.3670184016227722,-1.5824986696243286
1700162208.7611432,-0.4176693260669708,-0.36867812275886536,-1.5938470363616943
1700162208.7961917,-0.4174308776855469,-0.3685251474380493,-1.5966824293136597
1700162208.8304927,-0.4170348644256592,-0.36841481924057007,-1.599255084991455
1700162208.864146,-0.4167523980140686,-0.36766567826271057,-1.599683165550232
1700162208.8983047,-0.4175271987915039,-0.36680179834365845,-1.6021603345870972
1700162208.9313662,-0.41846203804016113,-0.3663485050201416,-1.6050796508789062
1700162208.9638958,-0.41920092701911926,-0.36590734124183655,-1.60641610622406
1700162208.9974222,-0.41969627141952515,-0.36524122953414917,-1.6039257049560547
1700162209.0319786,-0.4203168749809265,-0.3656982183456421,-1.6024606227874756
1700162209.0615304,-0.41934728622436523,-0.3658199608325958,-1.5922752618789673
1700162209.0980694,-0.4187007546424866,-0.36574071645736694,-1.587165117263794
1700162209.1311119,-0.41902071237564087,-0.36592957377433777,-1.5914809703826904
1700162209.1636534,-0.4184112250804901,-0.36610040068626404,-1.5947157144546509
1700162209.1981914,-0.41749683022499084,-0.36645594239234924,-1.5931787490844727
1700162209.2302651,-0.417836457490921,-0.3665322959423065,-1.5967131853103638
1700162209.2633455,-0.41800910234451294,-0.36660948395729065,-1.5966215133666992
1700162209.295869,-0.4176648259162903,-0.3663630783557892,-1.5915778875350952
1700162209.3304274,-0.41757139563560486,-0.3659980893135071,-1.5849127769470215
1700162209.3644881,-0.4178926944732666,-0.3656861186027527,-1.5846327543258667
1700162209.3980517,-0.419585645198822,-0.36528515815734863,-1.5887705087661743
1700162209.4301596,-0.42095205187797546,-0.36444368958473206,-1.5886584520339966
1700162209.4650857,-0.42229458689689636,-0.36405280232429504,-1.5908985137939453
1700162209.4976532,-0.42378169298171997,-0.36382633447647095,-1.5953092575073242
1700162209.5311449,-0.423820436000824,-0.36349213123321533,-1.5941390991210938
1700162209.5651994,-0.42388105392456055,-0.36326491832733154,-1.5945907831192017
1700162209.5987852,-0.4240047037601471,-0.36274492740631104,-1.5969327688217163
1700162209.6321037,-0.4240413308143616,-0.3624356985092163,-1.597571611404419
1700162209.6645179,-0.42359912395477295,-0.3625410795211792,-1.5918853282928467
1700162209.700196,-0.4229670763015747,-0.36224067211151123,-1.589900016784668
1700162209.732201,-0.4225839078426361,-0.3621743321418762,-1.5864262580871582
1700162209.7662976,-0.42199963331222534,-0.3623228669166565,-1.5795561075210571
1700162209.8003573,-0.42068615555763245,-0.36205166578292847,-1.5699505805969238
1700162209.8323636,-0.4190883934497833,-0.3614944815635681,-1.5600696802139282
1700162209.8659072,-0.4164920151233673,-0.36090564727783203,-1.54966139793396
1700162209.8984616,-0.4138108193874359,-0.3601921498775482,-1.5461987257003784
1700162209.932546,-0.4110613167285919,-0.3592660129070282,-1.5400358438491821
1700162209.967897,-0.40989235043525696,-0.35937008261680603,-1.5444271564483643
1700162210.0009663,-0.4101499915122986,-0.3599967062473297,-1.5546581745147705
1700162210.0341237,-0.41116198897361755,-0.3604949712753296,-1.5634956359863281
1700162210.067638,-0.4122481346130371,-0.36044690012931824,-1.5679773092269897
1700162210.099181,-0.4133148491382599,-0.3596172332763672,-1.5707529783248901
1700162210.1342907,-0.4146207869052887,-0.3588443696498871,-1.5712001323699951
1700162210.1674485,-0.41623571515083313,-0.35832011699676514,-1.5756769180297852
1700162210.200641,-0.41834864020347595,-0.35828617215156555,-1.5846048593521118
1700162210.2331922,-0.4193820655345917,-0.3580639362335205,-1.5908161401748657
1700162210.2712972,-0.41894158720970154,-0.3581624925136566,-1.5987329483032227
1700162210.3034198,-0.4179460406303406,-0.3583444356918335,-1.6034189462661743
1700162210.3345938,-0.4171048402786255,-0.3585301339626312,-1.6079387664794922
1700162210.368146,-0.4178416132926941,-0.3582709729671478,-1.6138800382614136
1700162210.4023607,-0.4187575578689575,-0.3577229976654053,-1.614519476890564
1700162210.4348857,-0.4200891852378845,-0.3572658598423004,-1.615637183189392
1700162210.4689984,-0.42132341861724854,-0.3572458326816559,-1.6166539192199707
1700162210.5031025,-0.4221493899822235,-0.3569304943084717,-1.6168135404586792
1700162210.5362058,-0.4220982789993286,-0.357089638710022,-1.6110765933990479
1700162210.56987,-0.42173540592193604,-0.3576226532459259,-1.6020524501800537
1700162210.6011326,-0.42110469937324524,-0.35851719975471497,-1.592499852180481
1700162210.636683,-0.4208628535270691,-0.3593267500400543,-1.5891234874725342
1700162210.6697428,-0.4199362099170685,-0.3598516285419464,-1.5891199111938477
1700162210.7024086,-0.4194490909576416,-0.36017993092536926,-1.5919312238693237
1700162210.7360718,-0.4178352355957031,-0.360526442527771,-1.5916297435760498
1700162210.7697728,-0.41696739196777344,-0.3612224757671356,-1.593997836112976
1700162210.8031347,-0.41731029748916626,-0.3618086874485016,-1.5930681228637695
1700162210.8374937,-0.4165991246700287,-0.36232537031173706,-1.5934221744537354
1700162210.8698893,-0.4169229567050934,-0.36277416348457336,-1.5989257097244263
1700162210.9024856,-0.4172707498073578,-0.362751305103302,-1.5991426706314087
1700162210.9370782,-0.4177095592021942,-0.3631821274757385,-1.5980465412139893
1700162210.9712417,-0.41830119490623474,-0.3631887435913086,-1.5971671342849731
1700162211.0045488,-0.4188646078109741,-0.3630160093307495,-1.6042218208312988
1700162211.0370836,-0.4198673665523529,-0.36199429631233215,-1.6043936014175415
1700162211.070409,-0.4199206233024597,-0.3616914451122284,-1.6044306755065918
1700162211.1060817,-0.41995787620544434,-0.36122018098831177,-1.6080000400543213
1700162211.1382003,-0.4198172092437744,-0.3609990179538727,-1.6137131452560425
1700162211.1711383,-0.4204138517379761,-0.3602053225040436,-1.6205953359603882
1700162211.2072642,-0.42109641432762146,-0.3595145344734192,-1.6269922256469727
1700162211.2388153,-0.42114853858947754,-0.35873597860336304,-1.631910800933838
1700162211.2833707,-0.42168185114860535,-0.3592141568660736,-1.6393049955368042
1700162211.3264952,-0.4211631715297699,-0.35873451828956604,-1.63978111743927
1700162211.372565,-0.42059481143951416,-0.3580617904663086,-1.6377476453781128
1700162211.414107,-0.4206739366054535,-0.3578377068042755,-1.6382861137390137
1700162211.45649,-0.4194214344024658,-0.35772332549095154,-1.633825659751892
1700162211.4980617,-0.4186992645263672,-0.35698726773262024,-1.6315648555755615
1700162211.5412068,-0.41862550377845764,-0.3563460111618042,-1.6322922706604004
1700162211.582268,-0.41967201232910156,-0.356182724237442,-1.6321395635604858
1700162211.6236107,-0.41878384351730347,-0.3575328588485718,-1.6246376037597656
1700162211.6646383,-0.4181773066520691,-0.35890281200408936,-1.6199283599853516
1700162211.7086756,-0.4187065660953522,-0.3603903353214264,-1.6175354719161987
1700162211.7497303,-0.4180258810520172,-0.36251720786094666,-1.6067794561386108
1700162211.7891543,-0.41871708631515503,-0.36318305134773254,-1.6051397323608398
1700162211.8287976,-0.4184982478618622,-0.36395618319511414,-1.604012131690979
1700162211.868421,-0.41750648617744446,-0.36409780383110046,-1.5993422269821167
1700162211.9124734,-0.41574424505233765,-0.3653864562511444,-1.59018874168396
1700162211.956417,-0.41397276520729065,-0.36495789885520935,-1.5763628482818604
1700162211.9961965,-0.4132158160209656,-0.3648167848587036,-1.5688971281051636
1700162212.0382771,-0.4142575263977051,-0.36484023928642273,-1.5696840286254883
1700162212.0793962,-0.4154799282550812,-0.3648047149181366,-1.577977180480957
1700162212.1215186,-0.41725465655326843,-0.3628612458705902,-1.5939419269561768
1700162212.1631284,-0.4186945855617523,-0.36095350980758667,-1.6029378175735474
1700162212.2059515,-0.4191338121891022,-0.35967695713043213,-1.6091705560684204
1700162216.6342676,-0.12244463711977005,-0.3988323211669922,-1.8734406232833862
1700162216.7064574,-0.11864984035491943,-0.39374372363090515,-1.8415443897247314
1700162216.7725403,-0.1148819550871849,-0.3948291540145874,-1.856945276260376
1700162216.8348947,-0.1195569857954979,-0.39258453249931335,-1.8576290607452393
1700162216.8978968,-0.12422018498182297,-0.3930206298828125,-1.864630103111267
1700162216.9612355,-0.12690672278404236,-0.3931540846824646,-1.8705862760543823
1700162217.021117,-0.12916137278079987,-0.39175015687942505,-1.8900951147079468
1700162217.0622618,-0.1248282939195633,-0.3922925591468811,-1.9329437017440796
1700162217.107231,-0.12327665090560913,-0.39114028215408325,-1.9539388418197632
1700162217.1512792,-0.12094780057668686,-0.38720399141311646,-1.9815593957901
1700162217.1935089,-0.12148775905370712,-0.3813852071762085,-1.997376561164856
1700162217.2366312,-0.12404878437519073,-0.3772810399532318,-1.9967364072799683
1700162217.2794566,-0.12553252279758453,-0.38125279545783997,-1.988674521446228
1700162217.3236368,-0.12610924243927002,-0.3861120641231537,-1.9845812320709229
1700162217.3667202,-0.1258692890405655,-0.39186400175094604,-1.9743162393569946
1700162217.4098957,-0.12535801529884338,-0.39568477869033813,-1.971209168434143
1700162217.4514823,-0.12427287548780441,-0.3996187746524811,-1.963931918144226
1700162217.4945006,-0.12486471235752106,-0.4018493890762329,-1.9521516561508179
1700162217.537639,-0.1274268478155136,-0.40747785568237305,-1.9336020946502686
1700162217.5812035,-0.1299891620874405,-0.40947607159614563,-1.9252009391784668
1700162217.6275804,-0.1312732696533203,-0.4115909934043884,-1.918289303779602
1700162217.6701763,-0.1342451125383377,-0.4137084484100342,-1.9013910293579102
1700162217.7153378,-0.13476088643074036,-0.4139705002307892,-1.9035122394561768
1700162217.7604115,-0.13380731642246246,-0.4127776026725769,-1.9140162467956543
1700162217.8016686,-0.1315726786851883,-0.4088738262653351,-1.9383059740066528
1700162217.8442051,-0.1301119476556778,-0.40410134196281433,-1.9555193185806274
1700162217.8863652,-0.12901920080184937,-0.4005834758281708,-1.9618521928787231
1700162217.933121,-0.12747155129909515,-0.3950378894805908,-1.968459963798523
1700162217.977827,-0.1271447241306305,-0.39526161551475525,-1.964411735534668
1700162218.0229466,-0.12745192646980286,-0.39541199803352356,-1.9632551670074463
1700162218.0666106,-0.1285790205001831,-0.3974322974681854,-1.9558383226394653
1700162218.109151,-0.13095606863498688,-0.401058554649353,-1.9471287727355957
1700162218.1501985,-0.1315876990556717,-0.40307939052581787,-1.94828462600708
1700162218.191328,-0.1318344622850418,-0.4043942093849182,-1.9514269828796387
1700162218.232924,-0.12852226197719574,-0.4067043960094452,-1.9587502479553223
1700162218.2634602,-0.1262316256761551,-0.4070555865764618,-1.9655508995056152
1700162218.2945087,-0.12502381205558777,-0.4075471758842468,-1.967755913734436
1700162218.327625,-0.12553830444812775,-0.4082261621952057,-1.9684548377990723
1700162218.3611696,-0.12809625267982483,-0.409970760345459,-1.9599437713623047
1700162218.3962486,-0.13065817952156067,-0.41106584668159485,-1.9536142349243164
1700162218.4293387,-0.13321411609649658,-0.4126974642276764,-1.9472284317016602
1700162218.463386,-0.1345786154270172,-0.41391459107398987,-1.94446861743927
1700162218.5064003,-0.1361314356327057,-0.41438210010528564,-1.9439195394515991
1700162218.5353432,-0.13635696470737457,-0.4140726327896118,-1.9449479579925537
1700162218.5658765,-0.13604989647865295,-0.4127320945262909,-1.9522403478622437
1700162218.5974033,-0.13422629237174988,-0.4105379283428192,-1.9576654434204102
1700162218.62921,-0.134078711271286,-0.4080660939216614,-1.9596362113952637
1700162218.6623273,-0.13405384123325348,-0.40524762868881226,-1.9618818759918213
1700162218.6958828,-0.13341979682445526,-0.40349945425987244,-1.9643847942352295
1700162218.7295666,-0.1327255368232727,-0.40027984976768494,-1.9726483821868896
1700162218.7631524,-0.12797832489013672,-0.39766424894332886,-1.983104944229126
1700162218.7992175,-0.12626387178897858,-0.393098920583725,-1.992439866065979
1700162218.8298116,-0.1265386939048767,-0.3914062976837158,-1.9975091218948364
1700162218.8644512,-0.1276126503944397,-0.3922916650772095,-1.9951937198638916
1700162218.8975275,-0.12845678627490997,-0.39587193727493286,-1.9920843839645386
1700162218.9311564,-0.12924955785274506,-0.4002012312412262,-1.9858803749084473
1700162218.964023,-0.13032881915569305,-0.4059116244316101,-1.9793553352355957
1700162218.9985845,-0.13145564496517181,-0.4101548194885254,-1.97122061252594
1700162219.0331159,-0.13283821940422058,-0.41363781690597534,-1.9596489667892456
1700162219.0656404,-0.13344043493270874,-0.41568610072135925,-1.942798137664795
1700162219.0991747,-0.13484174013137817,-0.4172039031982422,-1.9310694932937622
1700162219.131297,-0.13538572192192078,-0.41836610436439514,-1.928280234336853
1700162219.1649098,-0.1370846927165985,-0.4191606640815735,-1.9190007448196411
1700162219.1994414,-0.1381659209728241,-0.4193917512893677,-1.9099408388137817
1700162219.2340143,-0.1389603465795517,-0.4187887907028198,-1.9055063724517822
1700162219.2665677,-0.13952696323394775,-0.4175267815589905,-1.9090765714645386
1700162219.3001351,-0.13995712995529175,-0.41643571853637695,-1.9138370752334595
1700162219.334733,-0.1405470222234726,-0.41521134972572327,-1.916688323020935
1700162219.3644342,-0.14033722877502441,-0.4133584499359131,-1.9247376918792725
1700162219.3999739,-0.13903085887432098,-0.4129597544670105,-1.9251779317855835
1700162219.432571,-0.13821884989738464,-0.4135449230670929,-1.9223582744598389
1700162219.4661176,-0.13778340816497803,-0.4150647819042206,-1.9207522869110107
1700162219.4996617,-0.13824906945228577,-0.416401743888855,-1.920962929725647
1700162219.5322044,-0.13947927951812744,-0.41763514280319214,-1.920982837677002
1700162219.565717,-0.14033806324005127,-0.418373167514801,-1.924947738647461
1700162219.6012864,-0.14090000092983246,-0.4188425540924072,-1.9275245666503906
1700162219.6356027,-0.14168468117713928,-0.4188356399536133,-1.9273130893707275
1700162219.6671748,-0.1424090713262558,-0.41888710856437683,-1.9271725416183472
1700162219.6997328,-0.14288824796676636,-0.41830191016197205,-1.9287564754486084
1700162219.7342672,-0.14322228729724884,-0.417473167181015,-1.9297089576721191
1700162219.7668295,-0.1435425579547882,-0.4161922335624695,-1.9336254596710205
1700162219.801912,-0.14396242797374725,-0.4151693284511566,-1.9335384368896484
1700162219.8345199,-0.14400573074817657,-0.4143112599849701,-1.932157278060913
1700162219.8680978,-0.14343798160552979,-0.4133675694465637,-1.940969467163086
1700162219.9031522,-0.1428261250257492,-0.41307342052459717,-1.9409847259521484
1700162219.935199,-0.1415679156780243,-0.41236379742622375,-1.9468944072723389
1700162219.968736,-0.13939975202083588,-0.41052404046058655,-1.9576352834701538
1700162220.0002909,-0.13724415004253387,-0.4083804190158844,-1.9695720672607422
1700162220.0363472,-0.1360791027545929,-0.4060855507850647,-1.9816021919250488
1700162220.0794306,-0.1356041580438614,-0.4042213559150696,-1.9898436069488525
1700162220.1230738,-0.13543832302093506,-0.40216439962387085,-2.0006818771362305
1700162220.1634843,-0.13573943078517914,-0.4010164737701416,-2.0063090324401855
1700162220.2075257,-0.13810408115386963,-0.40053850412368774,-2.0018961429595947
1700162220.2481453,-0.14101359248161316,-0.40268412232398987,-1.9914371967315674
1700162220.278692,-0.1436436027288437,-0.4044114947319031,-1.9828236103057861
1700162220.3092346,-0.1436472088098526,-0.40543442964553833,-1.978838324546814
1700162220.340455,-0.14374348521232605,-0.408685564994812,-1.9652618169784546
1700162220.370005,-0.14389252662658691,-0.4119468629360199,-1.9579482078552246
1700162220.403076,-0.1434580683708191,-0.41455715894699097,-1.9543638229370117
1700162220.4366596,-0.14320401847362518,-0.41663914918899536,-1.9531195163726807
1700162220.470241,-0.14341643452644348,-0.4179498255252838,-1.9506473541259766
1700162220.504311,-0.14367160201072693,-0.41904860734939575,-1.9482955932617188
1700162220.5373423,-0.14491140842437744,-0.4183281660079956,-1.937718391418457
1700162220.5698986,-0.14574865996837616,-0.4199565052986145,-1.9296252727508545
1700162220.6035712,-0.14666827023029327,-0.4215431809425354,-1.9227453470230103
1700162220.636631,-0.14743830263614655,-0.422568678855896,-1.9167782068252563
1700162220.6701646,-0.14807617664337158,-0.4231332838535309,-1.914383053779602
1700162220.7042334,-0.1491045206785202,-0.42265406250953674,-1.9044189453125
1700162220.7383492,-0.15009883046150208,-0.4221033453941345,-1.8963040113449097
1700162220.7734663,-0.14982207119464874,-0.42277446389198303,-1.896228551864624
1700162220.8060088,-0.1484583020210266,-0.4232442080974579,-1.900809407234192
1700162220.8395834,-0.14718882739543915,-0.42285704612731934,-1.90993070602417
1700162220.8726707,-0.14621055126190186,-0.4215080440044403,-1.9227418899536133
1700162220.9072475,-0.1450662463903427,-0.41950735449790955,-1.9388145208358765
1700162220.9397705,-0.1440037488937378,-0.41807255148887634,-1.948678970336914
1700162220.97281,-0.144216850399971,-0.41717010736465454,-1.952228307723999
1700162221.0073814,-0.14434736967086792,-0.416648805141449,-1.9545221328735352
1700162221.0399613,-0.14394257962703705,-0.41686445474624634,-1.9527016878128052
1700162221.073045,-0.14361689984798431,-0.4169846773147583,-1.9540554285049438
1700162221.1075943,-0.14347414672374725,-0.41728976368904114,-1.9532512426376343
1700162221.1396928,-0.14331786334514618,-0.4179312288761139,-1.9515438079833984
1700162221.1732602,-0.14259594678878784,-0.4188481867313385,-1.9526376724243164
1700162221.2067852,-0.14162667095661163,-0.42035773396492004,-1.9473916292190552
1700162221.2414536,-0.14168259501457214,-0.42220887541770935,-1.9364944696426392
1700162221.2734628,-0.14275461435317993,-0.42336633801460266,-1.9263882637023926
1700162221.306998,-0.14297796785831451,-0.4243125319480896,-1.919155478477478
1700162221.3400743,-0.14275148510932922,-0.42410004138946533,-1.919638991355896
1700162221.3751717,-0.1427040547132492,-0.42332273721694946,-1.9252041578292847
1700162221.4067278,-0.14249373972415924,-0.42180201411247253,-1.935039758682251
1700162221.4419742,-0.14277315139770508,-0.42066383361816406,-1.939857840538025
1700162221.4745507,-0.14353691041469574,-0.4203256368637085,-1.9384257793426514
1700162221.508121,-0.14401987195014954,-0.4195486903190613,-1.939170241355896
1700162221.541192,-0.1437297761440277,-0.4188990592956543,-1.9429975748062134
1700162221.5748887,-0.14369630813598633,-0.41854023933410645,-1.9491143226623535
1700162221.609453,-0.14358706772327423,-0.41938459873199463,-1.9518200159072876
1700162221.6405082,-0.1422959715127945,-0.4203824996948242,-1.9498400688171387
1700162221.6775746,-0.14149276912212372,-0.42132577300071716,-1.948513388633728
1700162221.7091212,-0.14136071503162384,-0.421774297952652,-1.9513280391693115
1700162221.7421887,-0.14130228757858276,-0.4216589033603668,-1.9538003206253052
1700162221.7767308,-0.14151592552661896,-0.42112648487091064,-1.9541635513305664
1700162221.8092961,-0.14129260182380676,-0.4199373722076416,-1.9557181596755981
1700162225.8506193,-0.10538168251514435,-0.41086310148239136,-1.5353529453277588
1700162225.9223278,-0.09982895851135254,-0.42859160900115967,-1.6804218292236328
1700162225.9865813,-0.1079924926161766,-0.42257899045944214,-1.6253143548965454
1700162226.0599928,-0.11791655421257019,-0.4181702136993408,-1.5651739835739136
1700162226.1296477,-0.12434208393096924,-0.4173767864704132,-1.5622894763946533
1700162226.1897585,-0.12585927546024323,-0.4177994728088379,-1.5647376775741577
1700162226.2557983,-0.12553946673870087,-0.4180316925048828,-1.5648386478424072
1700162226.2973733,-0.1300855129957199,-0.4031996726989746,-1.6149303913116455
1700162226.33948,-0.12931619584560394,-0.4034835696220398,-1.6084551811218262
1700162226.3825934,-0.1249098852276802,-0.4044186770915985,-1.5896774530410767
1700162226.426822,-0.12013702839612961,-0.40532881021499634,-1.5694513320922852
1700162226.472406,-0.11323749274015427,-0.4048028588294983,-1.5456533432006836
1700162226.5154853,-0.10894747823476791,-0.4030552804470062,-1.5278685092926025
1700162226.5558977,-0.10115572810173035,-0.40240612626075745,-1.510515809059143
1700162226.5969398,-0.08558670431375504,-0.40237924456596375,-1.4947021007537842
1700162226.6419096,-0.08829604089260101,-0.4024231433868408,-1.4941763877868652
1700162226.6841896,-0.08571460098028183,-0.4028310179710388,-1.4896633625030518
1700162226.72858,-0.07572630047798157,-0.4029991924762726,-1.4877214431762695
1700162226.7713296,-0.0699215680360794,-0.40298232436180115,-1.4896901845932007
1700162226.8136907,-0.0678013265132904,-0.40281134843826294,-1.4918898344039917
1700162226.8563113,-0.07689405977725983,-0.40529683232307434,-1.5033719539642334
1700162226.8964443,-0.09384328871965408,-0.4055192768573761,-1.5105012655258179
1700162226.94131,-0.10466582328081131,-0.4059307873249054,-1.5169885158538818
1700162226.9853714,-0.11058713495731354,-0.40707162022590637,-1.5201040506362915
1700162227.027899,-0.11587876826524734,-0.4080660939216614,-1.5226880311965942
1700162227.0713472,-0.1258876472711563,-0.40915995836257935,-1.5200568437576294
1700162227.1145782,-0.12682321667671204,-0.4112664461135864,-1.5255271196365356
1700162227.1581628,-0.12259384244680405,-0.41213738918304443,-1.5265649557113647
1700162227.212253,-0.11867774277925491,-0.410895973443985,-1.5142974853515625
1700162227.2545195,-0.11416498571634293,-0.40999993681907654,-1.5061293840408325
1700162227.2974195,-0.09334474056959152,-0.4134993255138397,-1.4958893060684204
1700162227.3404071,-0.09281975030899048,-0.4138713777065277,-1.4958789348602295
1700162227.3814054,-0.08751875162124634,-0.4157552123069763,-1.4938764572143555
1700162227.425712,-0.08109120279550552,-0.41736143827438354,-1.4923954010009766
1700162227.4532888,-0.07571493089199066,-0.4198938012123108,-1.4935423135757446
1700162227.482839,-0.08032345771789551,-0.4213081896305084,-1.500648021697998
1700162227.5092773,-0.08082259446382523,-0.4222646951675415,-1.5000855922698975
1700162227.5388649,-0.07992000877857208,-0.42259469628334045,-1.5003353357315063
1700162227.5681791,-0.08350502699613571,-0.42442017793655396,-1.5045078992843628
1700162227.5963109,-0.08070292323827744,-0.424844890832901,-1.5010011196136475
1700162227.6295722,-0.07782690972089767,-0.4246426522731781,-1.4978550672531128
1700162227.6621432,-0.08391910046339035,-0.4256092607975006,-1.499664545059204
1700162227.6952093,-0.08456729352474213,-0.42573586106300354,-1.497453212738037
1700162227.731271,-0.09110336750745773,-0.4265582263469696,-1.499163269996643
1700162227.763375,-0.09969907253980637,-0.4265606999397278,-1.5007075071334839
1700162227.7969344,-0.10937266051769257,-0.39237821102142334,-1.4219237565994263
1700162227.828007,-0.11864959448575974,-0.3676026165485382,-1.3858153820037842
1700162227.8615737,-0.12442833930253983,-0.3520912528038025,-1.370977759361267
1700162227.8946252,-0.12161533534526825,-0.3473685383796692,-1.3674108982086182
1700162227.9301934,-0.12105099111795425,-0.34702974557876587,-1.3714350461959839
1700162227.9622557,-0.11799591034650803,-0.34876763820648193,-1.3759413957595825
1700162227.996878,-0.11510827392339706,-0.35095319151878357,-1.3804665803909302
1700162228.0314677,-0.11401329934597015,-0.35357093811035156,-1.3842638731002808
1700162228.0635324,-0.11372647434473038,-0.356218546628952,-1.388174295425415
1700162228.094769,-0.113303542137146,-0.357901930809021,-1.3917837142944336
1700162228.1328323,-0.10789962112903595,-0.3613723814487457,-1.3920010328292847
1700162228.16538,-0.10642917454242706,-0.36304977536201477,-1.3929699659347534
1700162228.1969414,-0.10632546246051788,-0.3633670210838318,-1.3933006525039673
1700162228.2319949,-0.10677716881036758,-0.36375048756599426,-1.3919543027877808
1700162228.26454,-0.10322903096675873,-0.3654887080192566,-1.3903179168701172
1700162228.2978098,-0.10277125984430313,-0.3646697998046875,-1.3907371759414673
1700162228.3318958,-0.09939178824424744,-0.3650257885456085,-1.3881381750106812
1700162228.364454,-0.10076190531253815,-0.36425185203552246,-1.3870476484298706
1700162228.3969808,-0.09897541254758835,-0.3639845550060272,-1.3852128982543945
1700162228.4315534,-0.09611070156097412,-0.36421647667884827,-1.383525013923645
1700162228.464635,-0.0912569910287857,-0.3646939694881439,-1.3825613260269165
1700162228.4991658,-0.0949973538517952,-0.3644767105579376,-1.3850488662719727
1700162228.5377486,-0.09352382272481918,-0.3652381896972656,-1.3840123414993286
1700162228.5673227,-0.09818814694881439,-0.36510205268859863,-1.3850399255752563
1700162228.5988905,-0.09858033806085587,-0.36506205797195435,-1.382145881652832
1700162228.6314914,-0.10342731326818466,-0.36346063017845154,-1.3812074661254883
1700162228.666034,-0.1086040586233139,-0.361589252948761,-1.378967523574829
1700162228.699585,-0.11393298208713531,-0.36017927527427673,-1.3773387670516968
1700162228.7321255,-0.11607283353805542,-0.3600655794143677,-1.3775956630706787
1700162228.7646544,-0.11772460490465164,-0.3605404198169708,-1.3790838718414307
1700162228.7992237,-0.11547471582889557,-0.3629361093044281,-1.3815076351165771
1700162228.8328774,-0.11115222424268723,-0.3650642931461334,-1.3834439516067505
1700162228.866468,-0.106692373752594,-0.3658381700515747,-1.3857688903808594
1700162228.8989918,-0.10178900510072708,-0.3659594655036926,-1.3863494396209717
1700162228.9340482,-0.0969948098063469,-0.3654543161392212,-1.3858574628829956
1700162228.9666185,-0.08946084976196289,-0.3648424744606018,-1.3827906847000122
1700162229.0012045,-0.09043218940496445,-0.36392560601234436,-1.381217122077942
1700162229.0337932,-0.08892744034528732,-0.3638874888420105,-1.3800506591796875
1700162229.0663426,-0.09625232964754105,-0.3627753257751465,-1.3810330629348755
1700162229.0998924,-0.10007411241531372,-0.3618832230567932,-1.3801002502441406
1700162229.1349785,-0.09737534075975418,-0.363691508769989,-1.3831762075424194
1700162229.1665292,-0.10259805619716644,-0.3655838370323181,-1.3876597881317139
1700162229.2025747,-0.1026611477136612,-0.3681776225566864,-1.390648603439331
1700162229.2341325,-0.09899866580963135,-0.37170544266700745,-1.3918864727020264
1700162229.2782357,-0.0953182727098465,-0.37421977519989014,-1.391242504119873
1700162229.3218775,-0.09206399321556091,-0.3750406801700592,-1.3894245624542236
1700162229.3627841,-0.08645331859588623,-0.37483352422714233,-1.3851884603500366
1700162229.4058902,-0.07838083803653717,-0.37302204966545105,-1.3775278329849243
1700162229.4460146,-0.08549562096595764,-0.3723030090332031,-1.3765246868133545
1700162229.4900472,-0.08496248722076416,-0.3731546998023987,-1.377177119255066
1700162229.5300777,-0.08420700579881668,-0.3729238212108612,-1.3780351877212524
1700162229.571642,-0.08582449704408646,-0.32054173946380615,-1.3250806331634521
1700162229.612695,-0.08393297344446182,-0.27833741903305054,-1.301058053970337
1700162229.6572475,-0.09486070275306702,-0.26604747772216797,-1.3020530939102173
1700162229.698463,-0.10720530897378922,-0.2624094784259796,-1.3054258823394775
1700162229.7400298,-0.12190476059913635,-0.2615036964416504,-1.3121838569641113
1700162229.7825894,-0.12994232773780823,-0.26928088068962097,-1.3189724683761597
1700162229.8246412,-0.13522005081176758,-0.2748053967952728,-1.3234665393829346
1700162229.8657157,-0.13892289996147156,-0.27957919239997864,-1.3285788297653198
1700162229.9058273,-0.1418447494506836,-0.2820643484592438,-1.3331574201583862
1700162229.946889,-0.12856200337409973,-0.2849893867969513,-1.328369140625
1700162229.9899762,-0.11561767011880875,-0.284953773021698,-1.3224775791168213
1700162230.031586,-0.11601047217845917,-0.28162312507629395,-1.3244750499725342
1700162230.0726752,-0.12044531852006912,-0.27843350172042847,-1.3256434202194214
1700162230.1138878,-0.12834163010120392,-0.2747249901294708,-1.3283909559249878
1700162230.1544645,-0.1346082091331482,-0.272909939289093,-1.3294637203216553
1700162230.1945176,-0.1387709528207779,-0.27282121777534485,-1.3299003839492798
1700162230.2380886,-0.14103278517723083,-0.27232620120048523,-1.328938364982605
1700162230.281628,-0.12516051530838013,-0.27467936277389526,-1.3237295150756836
1700162230.3262455,-0.12160874903202057,-0.27656328678131104,-1.325361967086792
1700162230.3653324,-0.12318173050880432,-0.27941417694091797,-1.3268311023712158
1700162230.410363,-0.10789087414741516,-0.28877517580986023,-1.328230857849121
1700162230.4544036,-0.09603317081928253,-0.2938600778579712,-1.3304085731506348
1700162230.4974256,-0.08621716499328613,-0.29569166898727417,-1.3299816846847534
1700162230.5382228,-0.07883735746145248,-0.2954832911491394,-1.3281974792480469
1700162230.579336,-0.08923014253377914,-0.29369309544563293,-1.3259221315383911
1700162230.6238751,-0.094571553170681,-0.29248857498168945,-1.3234214782714844
1700162230.6634881,-0.10160104930400848,-0.29095664620399475,-1.3255205154418945
1700162230.705674,-0.10270451009273529,-0.2908004820346832,-1.3253815174102783
1700162230.7462296,-0.09313931316137314,-0.2883290946483612,-1.3221824169158936
1700162230.7865436,-0.08547142893075943,-0.2871883809566498,-1.3221057653427124
1700162230.8290274,-0.09132439643144608,-0.28755658864974976,-1.3239771127700806
1700162230.858117,-0.09309964627027512,-0.28939303755760193,-1.3248876333236694
1700162230.8871872,-0.09138467907905579,-0.2910197377204895,-1.3258081674575806
1700162230.916256,-0.08661846071481705,-0.29234153032302856,-1.3229185342788696
1700162230.9444394,-0.08069948107004166,-0.2922389805316925,-1.3198477029800415
1700162230.9729147,-0.0748952254652977,-0.2917143702507019,-1.3189976215362549
1700162231.0064359,-0.0691390410065651,-0.29059192538261414,-1.317582368850708
A coordinates: -0.15064776 -1.2020231
B coordinates: -0.4198342 -1.5947163
