1698867367.9367058,0.3486391305923462,-0.13959604501724243,-2.0961670875549316
1698867368.0215557,0.35039594769477844,-0.14793749153614044,-2.0986320972442627
1698867368.1200867,0.35168683528900146,-0.15010109543800354,-2.099219560623169
1698867368.205828,0.3504401743412018,-0.15060940384864807,-2.09647536277771
1698867368.2814333,0.34716665744781494,-0.14990833401679993,-2.0923330783843994
1698867368.3105557,0.3449181616306305,-0.15025940537452698,-2.0900650024414062
1698867368.3399305,0.34292954206466675,-0.15066716074943542,-2.0882375240325928
1698867368.3674488,0.3423457145690918,-0.1514551341533661,-2.0893921852111816
1698867368.396188,0.3426244258880615,-0.1518196165561676,-2.091296672821045
1698867368.4288547,0.3425026834011078,-0.15187731385231018,-2.0907599925994873
1698867368.4624312,0.34295549988746643,-0.15121716260910034,-2.090583086013794
1698867368.4955177,0.34435349702835083,-0.15090474486351013,-2.0919926166534424
1698867368.5291884,0.3449268341064453,-0.1505027860403061,-2.0913987159729004
1698867368.5637176,0.34479406476020813,-0.15053699910640717,-2.0903306007385254
1698867368.5943732,0.3448629379272461,-0.15082795917987823,-2.090034246444702
1698867368.6419463,0.34467995166778564,-0.1509953737258911,-2.0895187854766846
1698867368.671264,0.34499531984329224,-0.15135636925697327,-2.0900485515594482
1698867368.703795,0.34552812576293945,-0.15136933326721191,-2.0903608798980713
1698867368.7360075,0.3458428978919983,-0.15147022902965546,-2.090219020843506
1698867368.7637365,0.34612181782722473,-0.15162014961242676,-2.0899527072906494
1698867368.7953582,0.3464261591434479,-0.15181981027126312,-2.0907418727874756
1698867368.8303545,0.34702637791633606,-0.15204322338104248,-2.0917882919311523
1698867368.8647835,0.34820640087127686,-0.15070880949497223,-2.094796895980835
1698867368.897344,0.34946876764297485,-0.15013425052165985,-2.097656488418579
1698867368.9298928,0.3495730459690094,-0.14981892704963684,-2.0975990295410156
1698867368.9646642,0.3491826355457306,-0.1490953117609024,-2.095824718475342
1698867368.9977396,0.348389208316803,-0.14900599420070648,-2.0941596031188965
1698867369.0300183,0.3472774028778076,-0.14919184148311615,-2.092334508895874
1698867369.0636625,0.34576401114463806,-0.1493256539106369,-2.089491605758667
1698867369.0972378,0.34473365545272827,-0.14954909682273865,-2.0883867740631104
1698867369.131461,0.3440742492675781,-0.149501770734787,-2.087458848953247
1698867369.1638672,0.3439163565635681,-0.14943593740463257,-2.087308883666992
1698867369.1987581,0.3443213999271393,-0.14951826632022858,-2.0880887508392334
1698867369.231413,0.34483420848846436,-0.14969515800476074,-2.0893778800964355
1698867369.265474,0.34560710191726685,-0.1498202085494995,-2.091717004776001
1698867369.2980185,0.34633445739746094,-0.1498960256576538,-2.093872547149658
1698867369.3305697,0.34713372588157654,-0.14987564086914062,-2.0957000255584717
1698867369.3656764,0.34850072860717773,-0.15032851696014404,-2.0987870693206787
1698867369.3980153,0.34881478548049927,-0.15032759308815002,-2.09913969039917
1698867369.4310968,0.3500595688819885,-0.1501886546611786,-2.101943016052246
1698867369.4643247,0.3509938716888428,-0.15006430447101593,-2.1045525074005127
1698867369.4997613,0.35141950845718384,-0.1504208743572235,-2.106464385986328
1698867369.5325062,0.3514307141304016,-0.1507694274187088,-2.1076765060424805
1698867369.565818,0.35123521089553833,-0.1508585661649704,-2.1083149909973145
1698867369.6001048,0.3504185974597931,-0.1501898318529129,-2.106271982192993
1698867369.6326509,0.35018375515937805,-0.14974728226661682,-2.1061534881591797
1698867369.666701,0.3503246009349823,-0.14963774383068085,-2.1064491271972656
1698867369.6998186,0.35060107707977295,-0.15017257630825043,-2.1074042320251465
1698867369.7345295,0.3504469394683838,-0.15064948797225952,-2.1072163581848145
1698867369.7670484,0.34989842772483826,-0.151185542345047,-2.1065051555633545
1698867369.799615,0.3490098714828491,-0.15169468522071838,-2.1050755977630615
1698867369.8327441,0.3482266366481781,-0.15173570811748505,-2.103238344192505
1698867369.8673377,0.3478424549102783,-0.15150167047977448,-2.1011269092559814
1698867369.9005842,0.3482675552368164,-0.15116754174232483,-2.1006901264190674
1698867369.9328787,0.348493754863739,-0.15084683895111084,-2.0991804599761963
1698867369.9677362,0.348172128200531,-0.1505054235458374,-2.09660267829895
1698867370.0003831,0.34777501225471497,-0.15004293620586395,-2.094001054763794
1698867370.0336165,0.34806591272354126,-0.14982683956623077,-2.0929627418518066
1698867370.0677288,0.3485773205757141,-0.14964735507965088,-2.0926461219787598
1698867370.102091,0.3491581678390503,-0.14931200444698334,-2.092024803161621
1698867370.1354437,0.34993064403533936,-0.14918670058250427,-2.092266082763672
1698867370.168606,0.35020849108695984,-0.14749690890312195,-2.0921695232391357
1698867370.2021759,0.3502449095249176,-0.1465134173631668,-2.0915818214416504
1698867370.2347393,0.35011351108551025,-0.14654983580112457,-2.0911903381347656
1698867370.2705243,0.3501831293106079,-0.14738720655441284,-2.0914766788482666
1698867370.3038063,0.35026735067367554,-0.14872796833515167,-2.092097759246826
1698867370.335866,0.3499012291431427,-0.14924980700016022,-2.0907371044158936
1698867370.370406,0.34922176599502563,-0.14927534759044647,-2.088733196258545
1698867370.4019606,0.3488006293773651,-0.14899665117263794,-2.087468147277832
1698867370.4381447,0.3484949469566345,-0.14876915514469147,-2.0871522426605225
1698867370.4692245,0.34787386655807495,-0.14835011959075928,-2.086904764175415
1698867370.50245,0.3478547930717468,-0.147785946726799,-2.087026596069336
1698867370.537836,0.34753066301345825,-0.1456986963748932,-2.0855579376220703
1698867370.5709605,0.3477522134780884,-0.14333897829055786,-2.085355043411255
1698867370.603546,0.34813690185546875,-0.140804260969162,-2.085373878479004
1698867370.637974,0.3487289249897003,-0.13846997916698456,-2.085812568664551
1698867370.6722867,0.34935688972473145,-0.1369522511959076,-2.086768627166748
1698867370.7038364,0.3490641117095947,-0.13606759905815125,-2.086153268814087
1698867370.7435584,0.3489900529384613,-0.13559970259666443,-2.0862863063812256
1698867370.7736406,0.3486430048942566,-0.13704326748847961,-2.085261583328247
1698867370.8056855,0.34844380617141724,-0.13955771923065186,-2.0835189819335938
1698867370.8417163,0.3474941849708557,-0.14100226759910583,-2.081592559814453
1698867370.872803,0.3470970392227173,-0.14299926161766052,-2.080925941467285
1698867370.9054112,0.34703680872917175,-0.14519841969013214,-2.0806736946105957
1698867370.9385746,0.3472781777381897,-0.14712437987327576,-2.080815553665161
1698867370.974277,0.3472718298435211,-0.1485271155834198,-2.0805110931396484
1698867371.0050402,0.3473818898200989,-0.14960898458957672,-2.0809597969055176
1698867371.0387373,0.34712743759155273,-0.14880724251270294,-2.0808255672454834
1698867371.0726323,0.3471587896347046,-0.14855104684829712,-2.081900119781494
1698867371.1069686,0.3471311628818512,-0.14845705032348633,-2.082571268081665
1698867371.139779,0.34689897298812866,-0.1485344022512436,-2.0829684734344482
1698867371.1728318,0.3465483784675598,-0.14717116951942444,-2.083077907562256
1698867371.208448,0.3465648591518402,-0.14501553773880005,-2.084038019180298
1698867371.2395554,0.3470388650894165,-0.14282163977622986,-2.0857009887695312
1698867371.2745817,0.34756749868392944,-0.14207559823989868,-2.0871405601501465
1698867371.307696,0.34834927320480347,-0.1408502161502838,-2.0891189575195312
1698867371.3418396,0.34869498014450073,-0.1396106779575348,-2.0902061462402344
1698867371.3762536,0.34887146949768066,-0.1384722888469696,-2.091012477874756
1698867371.408832,0.34920352697372437,-0.13774581253528595,-2.0923097133636475
1698867371.4409456,0.3477851152420044,-0.137572780251503,-2.0942769050598145
1698867371.474749,0.34725940227508545,-0.13793036341667175,-2.0961809158325195
1698867371.5097902,0.3470058739185333,-0.13864481449127197,-2.097025156021118
1698867371.541461,0.346946656703949,-0.13935065269470215,-2.0970051288604736
1698867371.575263,0.34558430314064026,-0.13981449604034424,-2.098015308380127
1698867371.6098459,0.3451926112174988,-0.14020788669586182,-2.099046468734741
1698867371.6424248,0.34554383158683777,-0.14027303457260132,-2.099999189376831
1698867371.6766713,0.3460906147956848,-0.1404501348733902,-2.0999069213867188
1698867371.709718,0.3462626039981842,-0.14100238680839539,-2.098695993423462
1698867371.7417016,0.3460463583469391,-0.14135277271270752,-2.0968732833862305
1698867371.7777984,0.34572693705558777,-0.14189887046813965,-2.0955588817596436
1698867371.8098674,0.34597620368003845,-0.14245834946632385,-2.0962440967559814
1698867371.8417823,0.3468030095100403,-0.14318187534809113,-2.098599672317505
1698867371.8767648,0.34761226177215576,-0.14377442002296448,-2.101577043533325
1698867371.909861,0.3486877381801605,-0.14461098611354828,-2.1054117679595947
1698867371.9425535,0.3488899767398834,-0.14504414796829224,-2.106794834136963
1698867371.976755,0.34863170981407166,-0.1450183391571045,-2.107687473297119
1698867372.0089464,0.34738558530807495,-0.1444099396467209,-2.1054303646087646
1698867372.041965,0.3458060622215271,-0.14328831434249878,-2.102142810821533
1698867372.0780172,0.3455137610435486,-0.14270779490470886,-2.1017394065856934
1698867372.1102223,0.34507080912590027,-0.14265307784080505,-2.100911855697632
1698867372.1442657,0.3448328375816345,-0.14274169504642487,-2.1003599166870117
1698867372.1798267,0.34414660930633545,-0.14262719452381134,-2.09903621673584
1698867372.2113826,0.3428608179092407,-0.1419479250907898,-2.0964157581329346
1698867372.2436032,0.34245559573173523,-0.14146246016025543,-2.0960824489593506
1698867372.2767918,0.34293416142463684,-0.14152748882770538,-2.0975587368011475
1698867372.3113685,0.34474387764930725,-0.14004576206207275,-2.0974836349487305
1698867372.3454435,0.34646350145339966,-0.13704665005207062,-2.0952460765838623
1698867372.3785238,0.3486782908439636,-0.13352230191230774,-2.093546152114868
1698867372.411062,0.34932374954223633,-0.13172993063926697,-2.0924854278564453
1698867372.445605,0.3488362729549408,-0.12972797453403473,-2.091963768005371
1698867372.4883146,0.34770825505256653,-0.12993521988391876,-2.0918569564819336
1698867372.532871,0.3463982343673706,-0.13171084225177765,-2.0926077365875244
1698867372.5762384,0.34505951404571533,-0.13466408848762512,-2.0942726135253906
1698867372.6172686,0.3429909348487854,-0.1394045650959015,-2.096463680267334
1698867372.6603613,0.34216779470443726,-0.13945773243904114,-2.097165107727051
1698867372.7044625,0.3416331112384796,-0.13973399996757507,-2.0972142219543457
1698867372.7480419,0.3419781029224396,-0.1406448930501938,-2.0991735458374023
1698867372.7891061,0.34264087677001953,-0.1428203284740448,-2.1010096073150635
1698867372.831762,0.3431036174297333,-0.14354208111763,-2.1002230644226074
1698867372.8768654,0.34262195229530334,-0.14288876950740814,-2.0966453552246094
1698867372.9184804,0.3425394594669342,-0.13807669281959534,-2.0942776203155518
1698867372.9604926,0.3432024419307709,-0.13453151285648346,-2.0947258472442627
1698867373.0042086,0.34407979249954224,-0.13168512284755707,-2.0958659648895264
1698867378.157931,0.053080011159181595,0.1863381266593933,-2.102802276611328
1698867378.2265828,0.047659728676080704,0.1841588318347931,-2.0870120525360107
1698867378.2836225,0.04780419543385506,0.18320533633232117,-2.108628511428833
1698867378.349569,0.05645168572664261,0.18313397467136383,-2.1058504581451416
1698867378.4106784,0.05885262414813042,0.1845875382423401,-2.102114200592041
1698867378.4720676,0.0604730062186718,0.1840076595544815,-2.0960261821746826
1698867378.5144324,0.06162746623158455,0.18361018598079681,-2.0949771404266357
1698867378.5567954,0.06285947561264038,0.18376924097537994,-2.095689535140991
1698867378.6004038,0.06392218172550201,0.18352414667606354,-2.097869396209717
1698867378.6428602,0.06604793667793274,0.18276937305927277,-2.101553440093994
1698867378.6871054,0.06614883244037628,0.18278373777866364,-2.1036410331726074
1698867378.7314463,0.06607718765735626,0.1831187903881073,-2.1051602363586426
1698867378.7753153,0.0650547593832016,0.18280038237571716,-2.1054279804229736
1698867378.8173563,0.0634094774723053,0.18232212960720062,-2.1030611991882324
1698867378.861012,0.05981147289276123,0.18317312002182007,-2.098580837249756
1698867378.9044354,0.056814633309841156,0.18230774998664856,-2.0929696559906006
1698867378.9455354,0.05553007498383522,0.18118450045585632,-2.090634346008301
1698867378.9896646,0.0551735945045948,0.1803625226020813,-2.089515209197998
1698867379.0304785,0.05599718168377876,0.17967762053012848,-2.089106559753418
1698867379.0745344,0.05705435574054718,0.1775810271501541,-2.088888645172119
1698867379.116619,0.05715993791818619,0.17637890577316284,-2.0895328521728516
1698867379.1598868,0.05665379762649536,0.17544475197792053,-2.0902819633483887
1698867379.2014425,0.056540410965681076,0.17439144849777222,-2.091364622116089
1698867379.2454805,0.058106809854507446,0.17346851527690887,-2.0945346355438232
1698867379.2892919,0.059134963899850845,0.17338772118091583,-2.096587657928467
1698867379.332035,0.06063857674598694,0.17285612225532532,-2.097827911376953
1698867379.3750887,0.06257930397987366,0.17166239023208618,-2.1017556190490723
1698867379.4192128,0.06409886479377747,0.17203456163406372,-2.103111505508423
1698867379.4607968,0.06460820138454437,0.17202959954738617,-2.1038012504577637
1698867379.5036862,0.06426316499710083,0.17217649519443512,-2.10577130317688
1698867379.5478587,0.06295591592788696,0.17121794819831848,-2.1073904037475586
1698867379.5898917,0.062294166535139084,0.1711025983095169,-2.108198642730713
1698867379.6279242,0.061299506574869156,0.17114481329917908,-2.1090891361236572
1698867379.669615,0.060850948095321655,0.17127087712287903,-2.110257863998413
1698867379.713928,0.05857531353831291,0.17131152749061584,-2.1133153438568115
1698867379.7577636,0.058073580265045166,0.17170113325119019,-2.1159183979034424
1698867379.7978342,0.05817992612719536,0.17150194942951202,-2.1167595386505127
1698867379.8397486,0.05836298316717148,0.1718973070383072,-2.1166553497314453
1698867379.8803747,0.05696815624833107,0.17308683693408966,-2.117692232131958
1698867379.925918,0.05529637634754181,0.1729324758052826,-2.1176881790161133
1698867379.967475,0.05346260592341423,0.17288056015968323,-2.1171185970306396
1698867380.0085628,0.05110873281955719,0.1725911796092987,-2.1146867275238037
1698867380.0491736,0.05107170715928078,0.17360883951187134,-2.112055540084839
1698867380.0786958,0.05069519579410553,0.17450520396232605,-2.1105740070343018
1698867380.1088786,0.04959237575531006,0.17483080923557281,-2.109370470046997
1698867380.1365592,0.0490441732108593,0.17457561194896698,-2.1091461181640625
1698867380.1716056,0.04856255650520325,0.17378082871437073,-2.1079704761505127
1698867380.2042372,0.048728130757808685,0.17355671525001526,-2.105546712875366
1698867380.2368484,0.04894374683499336,0.1739349067211151,-2.103994846343994
1698867380.271839,0.04996590316295624,0.17474837601184845,-2.1038434505462646
1698867380.3045406,0.05072314664721489,0.17560094594955444,-2.1033360958099365
1698867380.338077,0.05046160891652107,0.1762838363647461,-2.102484941482544
1698867380.3706238,0.05052677169442177,0.1767183393239975,-2.1029975414276123
1698867380.404726,0.04990105703473091,0.17642898857593536,-2.1030185222625732
1698867380.4422648,0.04906414821743965,0.17590847611427307,-2.1021203994750977
1698867380.4743054,0.04803202301263809,0.17492030560970306,-2.101527690887451
1698867380.5048685,0.04726176708936691,0.17432589828968048,-2.101585626602173
1698867380.538419,0.046543315052986145,0.1737510710954666,-2.1021411418914795
1698867380.5719392,0.04632893577218056,0.17394044995307922,-2.1030681133270264
1698867380.6062424,0.045670829713344574,0.17347969114780426,-2.1038594245910645
1698867380.6392906,0.044825199991464615,0.17318978905677795,-2.104945182800293
1698867380.6708288,0.0445861853659153,0.17279112339019775,-2.106203556060791
1698867380.70688,0.044844213873147964,0.17316997051239014,-2.1074001789093018
1698867380.7414143,0.04333314299583435,0.1745004653930664,-2.1062653064727783
1698867380.7774796,0.040786415338516235,0.1751895546913147,-2.10418701171875
1698867380.80939,0.0388803705573082,0.175477534532547,-2.103382110595703
1698867380.8395152,0.03752386197447777,0.17537538707256317,-2.103544235229492
1698867380.8752527,0.037279825657606125,0.17497174441814423,-2.104355573654175
1698867380.9078207,0.03775725141167641,0.17481814324855804,-2.1050069332122803
1698867380.938857,0.03874192014336586,0.1751222312450409,-2.104914665222168
1698867380.9754043,0.040129441767930984,0.1758626103401184,-2.1038715839385986
1698867381.0061953,0.041721586138010025,0.17649231851100922,-2.1038713455200195
1698867381.041739,0.043786805123090744,0.17666953802108765,-2.1035163402557373
1698867381.0738676,0.0452888160943985,0.17625032365322113,-2.103304624557495
1698867381.108779,0.045663680881261826,0.17567558586597443,-2.1039106845855713
1698867381.140842,0.046051986515522,0.1754988133907318,-2.104987382888794
1698867381.1734052,0.04663630947470665,0.17498958110809326,-2.105433225631714
1698867381.209658,0.04607696086168289,0.1746744066476822,-2.1055734157562256
1698867381.2414198,0.0451115183532238,0.1742028146982193,-2.1068274974823
1698867381.2754457,0.044474516063928604,0.17426323890686035,-2.1073367595672607
1698867381.3076375,0.04388173297047615,0.1735401302576065,-2.107649326324463
1698867381.3421974,0.0429200679063797,0.172395259141922,-2.107947587966919
1698867381.3747766,0.042271655052900314,0.17177726328372955,-2.108334541320801
1698867381.4068112,0.04218122735619545,0.17109166085720062,-2.109121561050415
1698867381.4421537,0.042533762753009796,0.1702306568622589,-2.10931658744812
1698867381.4757283,0.04332723841071129,0.16982391476631165,-2.1097915172576904
1698867381.5088189,0.04489843174815178,0.16936086118221283,-2.109269857406616
1698867381.5419497,0.0460832417011261,0.16951756179332733,-2.1070830821990967
1698867381.575575,0.04715334624052048,0.169399693608284,-2.1056344509124756
1698867381.6091287,0.047595828771591187,0.1697336584329605,-2.1065239906311035
1698867381.6427205,0.04696325585246086,0.17055007815361023,-2.107682466506958
1698867381.6757634,0.04664801433682442,0.1708831489086151,-2.1087701320648193
1698867381.7092955,0.045717716217041016,0.17182400822639465,-2.1098062992095947
1698867381.7443354,0.046061187982559204,0.17327040433883667,-2.110109806060791
1698867381.776895,0.04617466777563095,0.17570596933364868,-2.1092424392700195
1698867381.810246,0.045500122010707855,0.17822135984897614,-2.1056904792785645
1698867381.8453472,0.04731067642569542,0.17966067790985107,-2.1041321754455566
1698867381.8888483,0.05011683329939842,0.18047772347927094,-2.101443290710449
1698867381.9297884,0.052806224673986435,0.18094642460346222,-2.099339485168457
1698867381.9744036,0.054325204342603683,0.18131506443023682,-2.0968844890594482
1698867382.016437,0.05527716130018234,0.18285861611366272,-2.0923728942871094
1698867382.0586898,0.05575293302536011,0.1824619472026825,-2.0943403244018555
1698867382.0896115,0.05615495890378952,0.1816927194595337,-2.097318410873413
1698867382.1199553,0.05706307291984558,0.18101362884044647,-2.1006014347076416
1698867382.148622,0.058348678052425385,0.1804351806640625,-2.1024985313415527
1698867382.177857,0.059494055807590485,0.18021166324615479,-2.1035115718841553
1698867382.211796,0.06025918573141098,0.17971104383468628,-2.1044366359710693
1698867382.2445672,0.0599520318210125,0.1791408210992813,-2.1040894985198975
1698867382.277729,0.05946870520710945,0.1780562400817871,-2.1053414344787598
1698867382.3117802,0.05974118784070015,0.17757326364517212,-2.1073153018951416
1698867382.3463125,0.05944492667913437,0.1770414113998413,-2.1071207523345947
1698867382.3788497,0.059730321168899536,0.17729274928569794,-2.108952522277832
1698867382.4123917,0.058891043066978455,0.1769576370716095,-2.110459089279175
1698867382.4449756,0.05812795087695122,0.17647740244865417,-2.1126654148101807
1698867382.4784985,0.05672530084848404,0.1762407124042511,-2.1138274669647217
1698867382.5135992,0.0549594946205616,0.17628243565559387,-2.1146414279937744
1698867382.5469604,0.05368351936340332,0.17684593796730042,-2.115537405014038
1698867382.5814965,0.05294058471918106,0.1778230518102646,-2.115471363067627
1698867382.6138144,0.052774664014577866,0.17876270413398743,-2.1136789321899414
1698867382.647983,0.053610991686582565,0.17852984368801117,-2.1129767894744873
1698867382.6805108,0.05247410014271736,0.1790207326412201,-2.109774351119995
1698867382.7127824,0.05285117030143738,0.17944583296775818,-2.110593557357788
1698867382.7473724,0.05343019217252731,0.18011385202407837,-2.111926555633545
1698867382.7806497,0.05315246805548668,0.18038278818130493,-2.113232374191284
1698867382.814743,0.052772026509046555,0.17942176759243011,-2.113910675048828
1698867382.846791,0.052333809435367584,0.1778370589017868,-2.114331007003784
1698867382.8803136,0.050278354436159134,0.17690034210681915,-2.1110737323760986
1698867382.9164226,0.04923839867115021,0.17573969066143036,-2.1102728843688965
1698867382.9479656,0.048913903534412384,0.174026757478714,-2.1085705757141113
1698867382.9815238,0.04907337948679924,0.172550231218338,-2.1064062118530273
1698867383.015836,0.050051409751176834,0.17136427760124207,-2.1054179668426514
1698867383.04886,0.0518450029194355,0.17024396359920502,-2.103698253631592
1698867383.0817766,0.05416562408208847,0.16864371299743652,-2.1004552841186523
1698867383.1157913,0.05475091189146042,0.16828928887844086,-2.099112033843994
1698867383.148931,0.05663818493485451,0.168768972158432,-2.0968434810638428
1698867383.1814582,0.05824507027864456,0.16920532286167145,-2.0958354473114014
1698867383.2155218,0.06021588295698166,0.16980141401290894,-2.0943784713745117
1698867383.2835207,0.06180696189403534,0.17055994272232056,-2.0934107303619385
1698867390.2387285,-0.24952363967895508,-0.1491359919309616,-2.0580554008483887
1698867390.312925,-0.24517175555229187,-0.15272676944732666,-2.055224895477295
1698867390.3808005,-0.22263813018798828,-0.1384728103876114,-2.071479320526123
1698867390.439894,-0.22193226218223572,-0.13980086147785187,-2.071194648742676
1698867390.4770775,-0.22180253267288208,-0.13850697875022888,-2.0767662525177
1698867390.521186,-0.2211460918188095,-0.13794870674610138,-2.0779247283935547
1698867390.5658457,-0.22012275457382202,-0.13757498562335968,-2.0771396160125732
1698867390.6104698,-0.2190864086151123,-0.13708984851837158,-2.0771942138671875
1698867390.6555288,-0.2175983339548111,-0.13679084181785583,-2.0766851902008057
1698867390.6977594,-0.21814179420471191,-0.13643625378608704,-2.0779824256896973
1698867390.7413409,-0.21997225284576416,-0.13623128831386566,-2.0779500007629395
1698867390.7839503,-0.2239084541797638,-0.1366005837917328,-2.0788259506225586
1698867390.827988,-0.22613848745822906,-0.13625651597976685,-2.079056978225708
1698867390.8723423,-0.2268645167350769,-0.13552241027355194,-2.079869270324707
1698867390.918705,-0.2268761694431305,-0.13517029583454132,-2.0794975757598877
1698867390.963796,-0.22639119625091553,-0.13402822613716125,-2.078356981277466
1698867391.007897,-0.22534489631652832,-0.13289771974086761,-2.0771076679229736
1698867391.0522363,-0.22404859960079193,-0.13219556212425232,-2.076258420944214
1698867391.0948184,-0.22270116209983826,-0.13266205787658691,-2.0754523277282715
1698867391.1368933,-0.22114092111587524,-0.13343855738639832,-2.074775218963623
1698867391.1809332,-0.21987177431583405,-0.13576705753803253,-2.075622320175171
1698867391.2246182,-0.21917055547237396,-0.1375182718038559,-2.076580762863159
1698867391.266773,-0.21923337876796722,-0.13861529529094696,-2.0776023864746094
1698867391.308865,-0.21933352947235107,-0.13903604447841644,-2.078702211380005
1698867391.3527348,-0.2183316946029663,-0.1390957534313202,-2.0770866870880127
1698867391.3944354,-0.21806591749191284,-0.13846056163311005,-2.075284242630005
1698867391.437586,-0.21746544539928436,-0.13725140690803528,-2.0743584632873535
1698867391.481787,-0.21764494478702545,-0.1358705759048462,-2.076272964477539
1698867391.525503,-0.2182280570268631,-0.1356905698776245,-2.077266216278076
1698867391.5675488,-0.21970941126346588,-0.13591353595256805,-2.0770797729492188
1698867391.6106143,-0.22234398126602173,-0.13603229820728302,-2.077489137649536
1698867391.6528106,-0.22619988024234772,-0.1357637196779251,-2.0779008865356445
1698867391.6955297,-0.22851626574993134,-0.1356833577156067,-2.0801172256469727
1698867391.7375915,-0.23061972856521606,-0.13545557856559753,-2.080805540084839
1698867391.779327,-0.23114676773548126,-0.13468283414840698,-2.0817699432373047
1698867391.8218236,-0.23187677562236786,-0.13333506882190704,-2.0826101303100586
1698867391.863415,-0.2319098711013794,-0.13351918756961823,-2.0836410522460938
1698867391.905428,-0.23226843774318695,-0.13331066071987152,-2.084076404571533
1698867391.9476051,-0.23294103145599365,-0.1333319991827011,-2.085042715072632
1698867391.9898176,-0.23186741769313812,-0.1334208995103836,-2.0870471000671387
1698867392.0304482,-0.23049363493919373,-0.1337924599647522,-2.0876214504241943
1698867392.0735,-0.23018550872802734,-0.13382740318775177,-2.0887441635131836
1698867392.1025496,-0.22845089435577393,-0.13370151817798615,-2.08793044090271
1698867392.133762,-0.22676092386245728,-0.13392409682273865,-2.0866098403930664
1698867392.163636,-0.22544029355049133,-0.13418209552764893,-2.0850582122802734
1698867392.1926782,-0.22511832416057587,-0.1348470151424408,-2.0840470790863037
1698867392.223829,-0.2293158769607544,-0.13677462935447693,-2.084167003631592
1698867392.2537534,-0.2312975823879242,-0.13627533614635468,-2.0818393230438232
1698867392.284801,-0.23217813670635223,-0.13568802177906036,-2.079216241836548
1698867392.315347,-0.23349474370479584,-0.13528414070606232,-2.077298402786255
1698867392.347886,-0.2345522940158844,-0.13511037826538086,-2.0761213302612305
1698867392.3797207,-0.23527482151985168,-0.13487346470355988,-2.0751941204071045
1698867392.4138594,-0.23567548394203186,-0.13483424484729767,-2.0747878551483154
1698867392.4468665,-0.23582673072814941,-0.13501349091529846,-2.0746846199035645
1698867392.4789722,-0.23611481487751007,-0.1351121962070465,-2.074124336242676
1698867392.514577,-0.23567739129066467,-0.13477884232997894,-2.0728845596313477
1698867392.5466495,-0.2349858582019806,-0.13432997465133667,-2.0715434551239014
1698867392.5818844,-0.23405645787715912,-0.13462089002132416,-2.0708298683166504
1698867392.6137555,-0.23302285373210907,-0.13498252630233765,-2.0703682899475098
1698867392.647871,-0.23191291093826294,-0.13573211431503296,-2.070544958114624
1698867392.6817372,-0.23108653724193573,-0.13646231591701508,-2.0712571144104004
1698867392.7158496,-0.2304898202419281,-0.13712912797927856,-2.0714354515075684
1698867392.7484188,-0.23088788986206055,-0.13799221813678741,-2.0722484588623047
1698867392.781953,-0.23180481791496277,-0.13903462886810303,-2.0732767581939697
1698867392.8159862,-0.23255164921283722,-0.13968785107135773,-2.0736966133117676
1698867392.8485346,-0.23310230672359467,-0.14057163894176483,-2.0736451148986816
1698867392.8820677,-0.23358061909675598,-0.14121992886066437,-2.073293924331665
1698867392.9168932,-0.23470252752304077,-0.14144682884216309,-2.073667526245117
1698867392.9484403,-0.23571453988552094,-0.14105094969272614,-2.073887348175049
1698867392.9819846,-0.23649093508720398,-0.14094896614551544,-2.074162483215332
1698867393.0170307,-0.2360001802444458,-0.14131386578083038,-2.0739080905914307
1698867393.0503428,-0.2357698678970337,-0.14192847907543182,-2.0738794803619385
1698867393.0825307,-0.23536548018455505,-0.1423853486776352,-2.0738515853881836
1698867393.1176023,-0.23578505218029022,-0.14273002743721008,-2.0744376182556152
1698867393.149956,-0.23621788620948792,-0.1426846981048584,-2.0746874809265137
1698867393.1836526,-0.2362898588180542,-0.14236688613891602,-2.0742695331573486
1698867393.218873,-0.23694729804992676,-0.14216288924217224,-2.073925256729126
1698867393.25043,-0.23738011717796326,-0.14239846169948578,-2.0737006664276123
1698867393.3195546,-0.23765499889850616,-0.14179334044456482,-2.0737104415893555
1698867393.3523853,-0.23686417937278748,-0.14174030721187592,-2.072852611541748
1698867393.3837337,-0.2357875257730484,-0.14175888895988464,-2.0720033645629883
1698867393.4173312,-0.23594209551811218,-0.14189566671848297,-2.071024179458618
1698867393.4508529,-0.23571695387363434,-0.14202925562858582,-2.0718119144439697
1698867393.4855065,-0.23594564199447632,-0.1420609951019287,-2.0719923973083496
1698867393.5175626,-0.2364930808544159,-0.14183780550956726,-2.071847438812256
1698867393.5508797,-0.2358720600605011,-0.1409168690443039,-2.0734055042266846
1698867393.584771,-0.23554320633411407,-0.14001841843128204,-2.0743155479431152
1698867393.6193287,-0.23505741357803345,-0.13924063742160797,-2.0743963718414307
1698867393.6509025,-0.23477576673030853,-0.13856685161590576,-2.074453115463257
1698867393.6869013,-0.23526500165462494,-0.13797496259212494,-2.0747570991516113
1698867393.7184672,-0.2357935607433319,-0.1379702240228653,-2.07543683052063
1698867393.7527342,-0.23570384085178375,-0.13776014745235443,-2.0762054920196533
1698867393.7848644,-0.23504489660263062,-0.1380682736635208,-2.0765039920806885
1698867393.8189025,-0.23433656990528107,-0.13848598301410675,-2.0755910873413086
1698867393.8520918,-0.2332405000925064,-0.13907617330551147,-2.0751514434814453
1698867393.8866708,-0.23345902562141418,-0.13934361934661865,-2.0748467445373535
1698867393.920243,-0.23446184396743774,-0.13936106860637665,-2.074981212615967
1698867393.9534516,-0.23520588874816895,-0.1393774151802063,-2.0751054286956787
1698867393.9870265,-0.2356816530227661,-0.13896477222442627,-2.074887990951538
1698867394.0185993,-0.23588654398918152,-0.13825280964374542,-2.074118137359619
1698867394.054612,-0.23580986261367798,-0.13776785135269165,-2.075141429901123
1698867394.0981839,-0.2361954003572464,-0.13710610568523407,-2.0758352279663086
1698867394.1408129,-0.23570287227630615,-0.1369687169790268,-2.076385736465454
1698867394.1845863,-0.23576438426971436,-0.1366208791732788,-2.077249765396118
1698867394.2256136,-0.23531553149223328,-0.137065589427948,-2.0801033973693848
1698867394.266865,-0.2348560243844986,-0.13690589368343353,-2.081390619277954
1698867394.3089447,-0.23374472558498383,-0.1370348185300827,-2.081073045730591
1698867394.3529222,-0.23185613751411438,-0.13746851682662964,-2.0794365406036377
1698867394.3956127,-0.2289653718471527,-0.1381050944328308,-2.0769598484039307
1698867394.4385116,-0.22751173377037048,-0.13895486295223236,-2.076434373855591
1698867394.4775624,-0.22650817036628723,-0.1395334154367447,-2.076317310333252
1698867394.5196502,-0.22623386979103088,-0.13971777260303497,-2.076734781265259
1698867394.5623627,-0.22826369106769562,-0.1420758068561554,-2.0783774852752686
1698867394.6107316,-0.23009921610355377,-0.1432868093252182,-2.077922821044922
1698867394.652915,-0.23120473325252533,-0.1436409056186676,-2.0777220726013184
1698867394.6940317,-0.23247027397155762,-0.1448231041431427,-2.0794012546539307
1698867394.7350633,-0.23224109411239624,-0.1448177546262741,-2.080045223236084
1698867394.7766285,-0.23116812109947205,-0.14453990757465363,-2.079230785369873
1698867394.8167346,-0.23009631037712097,-0.1446501463651657,-2.0786166191101074
1698867394.862331,-0.2291632741689682,-0.14425534009933472,-2.0771288871765137
1698867394.9024296,-0.22940939664840698,-0.14366281032562256,-2.07623553276062
1698867394.9446528,-0.2299700677394867,-0.1428651213645935,-2.0759329795837402
1698867394.9868,-0.23116625845432281,-0.1418963223695755,-2.076606512069702
1698867395.0284333,-0.23145398497581482,-0.1408160775899887,-2.078040838241577
1698867395.070901,-0.23064112663269043,-0.14075182378292084,-2.0794107913970947
1698867395.1129308,-0.22912245988845825,-0.14009642601013184,-2.0804219245910645
1698867395.156931,-0.2287474125623703,-0.13949817419052124,-2.0803492069244385
1698867395.1965404,-0.22814184427261353,-0.1386568397283554,-2.0789260864257812
1698867395.2380483,-0.22864167392253876,-0.139006569981575,-2.077481269836426
1698867395.2791374,-0.22900208830833435,-0.13933104276657104,-2.0764904022216797
1698867395.3202274,-0.22730378806591034,-0.1413602977991104,-2.07588267326355
1698867395.3623097,-0.22692681849002838,-0.14176996052265167,-2.0768494606018066
1698867399.7266603,0.129461407661438,-0.4182058274745941,-2.098350763320923
1698867400.07829,0.11723504960536957,-0.43491512537002563,-2.1207547187805176
1698867400.107557,0.11453654617071152,-0.4341600239276886,-2.1224565505981445
1698867400.1406734,0.11313210427761078,-0.43300291895866394,-2.118513822555542
1698867400.1747465,0.11328431963920593,-0.43211010098457336,-2.1133666038513184
1698867400.2072842,0.11598615348339081,-0.43192175030708313,-2.1092257499694824
1698867400.241805,0.11816995590925217,-0.4312296509742737,-2.104555606842041
1698867400.2728338,0.12124665826559067,-0.4308425188064575,-2.1021790504455566
1698867400.307943,0.12353438138961792,-0.4307611882686615,-2.100933313369751
1698867400.3414986,0.1244668960571289,-0.430591881275177,-2.1004176139831543
1698867400.3737803,0.12441962212324142,-0.430454820394516,-2.1002440452575684
1698867400.4071655,0.12367711216211319,-0.4295714497566223,-2.0999467372894287
1698867400.4389486,0.12279224395751953,-0.42940753698349,-2.099634885787964
1698867400.474539,0.12191839516162872,-0.42925724387168884,-2.0987937450408936
1698867400.5066104,0.12107395380735397,-0.42896798253059387,-2.0972416400909424
1698867400.54073,0.11988253146409988,-0.4293119013309479,-2.095980405807495
1698867400.5743446,0.11864835023880005,-0.4301043450832367,-2.094691276550293
1698867400.6089008,0.11826292425394058,-0.43133214116096497,-2.0930590629577637
1698867400.640463,0.1177273690700531,-0.43213653564453125,-2.091972589492798
1698867400.674808,0.11858567595481873,-0.43302103877067566,-2.091332197189331
1698867400.7069101,0.12024896591901779,-0.4336332082748413,-2.091834306716919
1698867400.7414615,0.12172761559486389,-0.4345454275608063,-2.0946767330169678
1698867400.7757013,0.12299704551696777,-0.4351527988910675,-2.098802328109741
1698867400.8102605,0.12367191165685654,-0.43561118841171265,-2.1024351119995117
1698867400.841822,0.12262770533561707,-0.43493324518203735,-2.1050524711608887
1698867400.8769293,0.12103717774152756,-0.434421569108963,-2.1061224937438965
1698867400.91224,0.11858117580413818,-0.4335722327232361,-2.1061298847198486
1698867400.9425457,0.11668886244297028,-0.4329833984375,-2.1051762104034424
1698867400.9758897,0.1155654788017273,-0.4324253499507904,-2.1033294200897217
1698867401.0114236,0.11494363844394684,-0.4320477545261383,-2.10101580619812
1698867401.0434954,0.11428044736385345,-0.4316989779472351,-2.100295066833496
1698867401.0765684,0.11296446621417999,-0.4316699504852295,-2.1018097400665283
1698867401.1091373,0.11250481009483337,-0.4320319592952728,-2.102637767791748
1698867401.1425204,0.11241120100021362,-0.43268394470214844,-2.10368275642395
1698867401.1767023,0.11267516016960144,-0.432592511177063,-2.10410213470459
1698867401.2102237,0.11219397932291031,-0.4320014715194702,-2.10400128364563
1698867401.2425234,0.11135637015104294,-0.4311782717704773,-2.1046078205108643
1698867401.2768645,0.10859653353691101,-0.4322679340839386,-2.109710693359375
1698867401.3452485,0.10701434314250946,-0.43312352895736694,-2.1130692958831787
1698867401.377327,0.10582493245601654,-0.4338611662387848,-2.114884614944458
1698867401.4106584,0.10529933124780655,-0.4340113699436188,-2.1148011684417725
1698867401.4446182,0.10612260550260544,-0.4334214925765991,-2.114389181137085
1698867401.4782238,0.10696347802877426,-0.4326021373271942,-2.1131131649017334
1698867401.5115182,0.1074598878622055,-0.4320363998413086,-2.1111443042755127
1698867401.543608,0.1074158251285553,-0.43192049860954285,-2.1091043949127197
1698867401.5767322,0.10698366910219193,-0.43232595920562744,-2.106665849685669
1698867401.611302,0.10762062668800354,-0.43247345089912415,-2.1045260429382324
1698867401.646691,0.10904990136623383,-0.4324060380458832,-2.101844072341919
1698867401.6778357,0.11000043153762817,-0.43207255005836487,-2.1011805534362793
1698867401.7117305,0.11099760234355927,-0.4320065379142761,-2.1003828048706055
1698867401.7458608,0.11194100975990295,-0.43260425329208374,-2.099951982498169
1698867401.7786725,0.11272741109132767,-0.43341588973999023,-2.0993356704711914
1698867401.81221,0.11329410970211029,-0.43386754393577576,-2.0982072353363037
1698867401.847751,0.1133357360959053,-0.43407779932022095,-2.095790147781372
1698867401.8798962,0.11281561851501465,-0.4337537884712219,-2.0947132110595703
1698867401.9149516,0.11240623891353607,-0.43294134736061096,-2.094177722930908
1698867401.948539,0.11228178441524506,-0.43208885192871094,-2.0943851470947266
1698867401.9805942,0.11257961392402649,-0.43128183484077454,-2.094485282897949
1698867402.0137444,0.11210066080093384,-0.4308222532272339,-2.09549880027771
1698867402.0488796,0.11204560846090317,-0.43074217438697815,-2.0964012145996094
1698867402.0839202,0.11235595494508743,-0.43142959475517273,-2.0972094535827637
1698867402.1157658,0.11251772195100784,-0.43204861879348755,-2.097604274749756
1698867402.1488051,0.11194782704114914,-0.4321734309196472,-2.099605083465576
1698867402.1819804,0.11152388155460358,-0.43209126591682434,-2.1020009517669678
1698867402.2162359,0.111422598361969,-0.4318314492702484,-2.103959560394287
1698867402.2483263,0.11167819052934647,-0.4311072826385498,-2.104140043258667
1698867402.2838678,0.1115717962384224,-0.4308093190193176,-2.1032721996307373
1698867402.3156502,0.11081013083457947,-0.4309140741825104,-2.102020740509033
1698867402.3492112,0.10965454578399658,-0.4310303032398224,-2.1010026931762695
1698867402.38283,0.10926470905542374,-0.43149861693382263,-2.1001644134521484
1698867402.4170597,0.10961101204156876,-0.43158408999443054,-2.1010677814483643
1698867402.4516435,0.11008034646511078,-0.43243181705474854,-2.102165937423706
1698867402.4851904,0.10955595225095749,-0.4331987798213959,-2.1042916774749756
1698867402.519771,0.10891769826412201,-0.43447795510292053,-2.105618715286255
1698867402.551298,0.10890746116638184,-0.4355383515357971,-2.105788230895996
1698867402.5855036,0.10944702476263046,-0.43618443608283997,-2.1046853065490723
1698867402.617049,0.11011093109846115,-0.4360099136829376,-2.102287769317627
1698867402.6505902,0.11106975376605988,-0.43514904379844666,-2.0995450019836426
1698867402.684647,0.11214844882488251,-0.43352010846138,-2.096575975418091
1698867402.7181885,0.11254315078258514,-0.4323902428150177,-2.0966033935546875
1698867402.7507124,0.1127910166978836,-0.4317353069782257,-2.096243381500244
1698867402.7849236,0.11286308616399765,-0.43134257197380066,-2.0971593856811523
1698867402.817482,0.1128053143620491,-0.43095239996910095,-2.0973803997039795
1698867402.853537,0.11283136159181595,-0.4309121072292328,-2.0980348587036133
1698867402.8865693,0.11353687196969986,-0.43067941069602966,-2.097533702850342
1698867402.918123,0.11419208347797394,-0.4308226704597473,-2.096621036529541
1698867402.9526753,0.11473844945430756,-0.4312816262245178,-2.0960638523101807
1698867402.9888432,0.1152924969792366,-0.43132510781288147,-2.0968501567840576
1698867403.018941,0.1129978820681572,-0.43252912163734436,-2.0957579612731934
1698867403.052422,0.11227905005216599,-0.43443095684051514,-2.0988316535949707
1698867403.0869598,0.11193662881851196,-0.4362770617008209,-2.100705623626709
1698867403.1191876,0.11012034118175507,-0.4388843774795532,-2.0999112129211426
1698867403.1518528,0.10840436816215515,-0.440850168466568,-2.1018078327178955
1698867403.1857128,0.10874170064926147,-0.44127121567726135,-2.103358745574951
1698867403.220849,0.10848218202590942,-0.44134923815727234,-2.1010520458221436
1698867403.2524095,0.10969629138708115,-0.440371572971344,-2.0993869304656982
1698867403.2870045,0.11125142127275467,-0.4388652741909027,-2.0969512462615967
1698867403.321548,0.11221219599246979,-0.4372817277908325,-2.0953991413116455
1698867403.3527286,0.11266292631626129,-0.43604397773742676,-2.0955820083618164
1698867403.386803,0.11121074855327606,-0.43586266040802,-2.0943565368652344
1698867403.4223616,0.10998460650444031,-0.4366075396537781,-2.0953431129455566
1698867403.4529366,0.10913334786891937,-0.4372457265853882,-2.096111536026001
1698867403.4885724,0.10998330265283585,-0.4372329115867615,-2.096975803375244
1698867403.5191264,0.1111333966255188,-0.4368274509906769,-2.0968074798583984
1698867403.5546863,0.11291160434484482,-0.43532758951187134,-2.0953257083892822
1698867403.5887718,0.11353570222854614,-0.4338705539703369,-2.0915262699127197
1698867403.6203387,0.11499764025211334,-0.43199247121810913,-2.090977191925049
1698867403.6546648,0.1147063747048378,-0.43107008934020996,-2.0897693634033203
1698867403.6874752,0.11507703363895416,-0.4304502606391907,-2.0918469429016113
1698867403.7227304,0.11528689414262772,-0.42988014221191406,-2.094052314758301
1698867403.7543623,0.11389628052711487,-0.430299311876297,-2.0968072414398193
1698867403.7889671,0.11352322995662689,-0.4306517541408539,-2.1005563735961914
1698867403.8217998,0.11384651809930801,-0.4303983747959137,-2.102736473083496
1698867403.8548405,0.11397102475166321,-0.4299509525299072,-2.1028332710266113
1698867403.88951,0.11434947699308395,-0.4292071759700775,-2.102273464202881
1698867403.921075,0.11447653919458389,-0.42829185724258423,-2.100595474243164
1698867403.9566708,0.11421725153923035,-0.4278299808502197,-2.0993313789367676
1698867403.9896731,0.11386475712060928,-0.42702555656433105,-2.0978384017944336
1698867404.0222237,0.1134551465511322,-0.4269447922706604,-2.0967907905578613
1698867404.0557952,0.11305394023656845,-0.4271182715892792,-2.096203327178955
1698867404.0908291,0.11268709599971771,-0.4276956617832184,-2.0962917804718018
1698867404.122379,0.11245841532945633,-0.42792651057243347,-2.0963149070739746
1698867404.157412,0.1120876669883728,-0.42891740798950195,-2.0963892936706543
1698867404.1914678,0.11157050728797913,-0.42986297607421875,-2.095843553543091
1698867404.2252362,0.11087726056575775,-0.43059661984443665,-2.094731569290161
1698867404.2578025,0.11072267591953278,-0.43156498670578003,-2.0939621925354004
1698867404.2909353,0.11101578921079636,-0.43176260590553284,-2.0927517414093018
1698867404.3247457,0.11141394078731537,-0.43154555559158325,-2.0915839672088623
1698867404.3566513,0.11140938848257065,-0.431152880191803,-2.0907528400421143
1698867404.3917239,0.11154894530773163,-0.4310125410556793,-2.091233730316162
1698867404.4247916,0.11142206937074661,-0.4310571551322937,-2.0918450355529785
1698867404.458348,0.11136265844106674,-0.43067023158073425,-2.0918824672698975
1698867404.4920576,0.11071835458278656,-0.4295787215232849,-2.0919477939605713
1698867404.5237713,0.11012003570795059,-0.42960289120674133,-2.0924270153045654
1698867404.5568218,0.11006700247526169,-0.4296603500843048,-2.0929300785064697
1698867404.5919733,0.11020822823047638,-0.4308156967163086,-2.0941426753997803
1698867404.627519,0.11059798300266266,-0.4321172535419464,-2.095827341079712
1698867404.6588714,0.11120020598173141,-0.43346020579338074,-2.0958304405212402
1698867404.692048,0.11175272613763809,-0.43451496958732605,-2.0947089195251465
1698867404.7268755,0.11228707432746887,-0.4354438781738281,-2.093597412109375
1698867404.7584193,0.11267951130867004,-0.4360104501247406,-2.092163562774658
1698867404.7925203,0.11281228065490723,-0.4359564781188965,-2.090247392654419
1698867410.3999257,0.02984745427966118,-0.16818585991859436,-2.093999147415161
1698867410.4735453,0.03093748912215233,-0.16572320461273193,-2.092325448989868
1698867410.5476847,0.03149911016225815,-0.16227838397026062,-2.0846619606018066
1698867410.611239,0.03213667869567871,-0.16259154677391052,-2.0820460319519043
1698867410.673528,0.033293720334768295,-0.16263160109519958,-2.080709218978882
1698867410.8806732,0.029545273631811142,-0.15917551517486572,-2.0721352100372314
1698867410.9077742,0.030185222625732422,-0.16221368312835693,-2.0857810974121094
1698867410.9352992,0.03187503293156624,-0.16310086846351624,-2.0929911136627197
1698867410.9638565,0.03225409984588623,-0.16314686834812164,-2.0986814498901367
1698867410.990416,0.03212922066450119,-0.16142641007900238,-2.102438449859619
1698867411.0465395,0.03116055577993393,-0.1610964834690094,-2.102806329727173
1698867411.0776682,0.02993050217628479,-0.1615094691514969,-2.1032917499542236
1698867411.1107805,0.02893492579460144,-0.16146712005138397,-2.1028695106506348
1698867411.144881,0.02842562273144722,-0.1621394157409668,-2.102280616760254
1698867411.1769807,0.027841154485940933,-0.16384552419185638,-2.1028783321380615
1698867411.210555,0.0272226519882679,-0.16524763405323029,-2.102753162384033
1698867411.2456713,0.027227628976106644,-0.1669626533985138,-2.1017680168151855
1698867411.2777238,0.027751635760068893,-0.16792115569114685,-2.0999755859375
1698867411.3129094,0.028307147324085236,-0.1692238599061966,-2.0992541313171387
1698867411.3467846,0.02810492366552353,-0.16992223262786865,-2.098405361175537
1698867411.3813195,0.02799857035279274,-0.16999830305576324,-2.0975358486175537
1698867411.4128857,0.02842354029417038,-0.1698322743177414,-2.0960307121276855
1698867411.4459698,0.028993867337703705,-0.16906967759132385,-2.094569444656372
1698867411.4780397,0.029065191745758057,-0.16923029720783234,-2.0940568447113037
1698867411.5126479,0.02893582358956337,-0.16981782019138336,-2.0943429470062256
1698867411.5477226,0.028908472508192062,-0.1703190952539444,-2.094501256942749
1698867411.580808,0.02914700284600258,-0.1702282875776291,-2.0939300060272217
1698867411.6129606,0.02855745702981949,-0.16887959837913513,-2.0933117866516113
1698867411.6467612,0.028681457042694092,-0.16767004132270813,-2.0937705039978027
1698867411.6797884,0.029887326061725616,-0.16713829338550568,-2.093953847885132
1698867411.7139401,0.03098892793059349,-0.16724446415901184,-2.0942022800445557
1698867411.7473829,0.03248821571469307,-0.16777411103248596,-2.094069004058838
1698867411.7805681,0.033437225967645645,-0.16892209649085999,-2.095275640487671
1698867411.8147755,0.033990442752838135,-0.1707657128572464,-2.095282793045044
1698867411.8478322,0.034332044422626495,-0.1718216836452484,-2.0943710803985596
1698867411.8799572,0.03458752855658531,-0.17226843535900116,-2.09399151802063
1698867411.914041,0.035637371242046356,-0.1717793345451355,-2.092224359512329
1698867411.9471786,0.036316223442554474,-0.17032773792743683,-2.0881567001342773
1698867411.9817872,0.037419382482767105,-0.16863834857940674,-2.0857107639312744
1698867412.0149167,0.03865081071853638,-0.16638362407684326,-2.083766222000122
1698867412.0489519,0.03924666345119476,-0.16437794268131256,-2.0831258296966553
1698867412.0816224,0.04049896076321602,-0.16249015927314758,-2.0833969116210938
1698867412.1173606,0.0415688082575798,-0.16048578917980194,-2.0840823650360107
1698867412.1489205,0.04305485263466835,-0.15913169085979462,-2.0840468406677246
1698867412.1828604,0.04495624452829361,-0.1585347056388855,-2.084468364715576
1698867412.2160008,0.04562243074178696,-0.1591571420431137,-2.0853631496429443
1698867412.2505221,0.04665469378232956,-0.1588822901248932,-2.0856692790985107
1698867412.2847977,0.04814451187849045,-0.15864288806915283,-2.084611654281616
1698867412.3168228,0.049666158854961395,-0.1578037291765213,-2.086416482925415
1698867412.3490076,0.049967210739851,-0.15885373950004578,-2.089442253112793
1698867412.3835948,0.04981799051165581,-0.1601223200559616,-2.0906178951263428
1698867412.4161572,0.04929649829864502,-0.16168729960918427,-2.0919504165649414
1698867412.4488752,0.04881833866238594,-0.16269290447235107,-2.0927975177764893
1698867412.482912,0.048091813921928406,-0.16299106180667877,-2.092848539352417
1698867412.5175564,0.04773618280887604,-0.1619037687778473,-2.092528820037842
1698867412.5497906,0.047258973121643066,-0.15970131754875183,-2.0922064781188965
1698867412.582612,0.04605623707175255,-0.15856026113033295,-2.0922720432281494
1698867412.6172814,0.04412691295146942,-0.1596316695213318,-2.092639446258545
1698867412.6506913,0.04262903332710266,-0.16036272048950195,-2.091798782348633
1698867412.6872883,0.04153694584965706,-0.15993715822696686,-2.0897610187530518
1698867412.7175024,0.040646743029356,-0.15887923538684845,-2.087773323059082
1698867412.7535915,0.03940385580062866,-0.15902821719646454,-2.0880744457244873
1698867412.7865138,0.038594894111156464,-0.1585409939289093,-2.0886218547821045
1698867412.819038,0.03782280161976814,-0.1577267199754715,-2.089432716369629
1698867412.8516102,0.03714567422866821,-0.15738970041275024,-2.0909883975982666
1698867412.886803,0.036558959633111954,-0.16025187075138092,-2.0939388275146484
1698867412.9219315,0.03568297252058983,-0.16415327787399292,-2.09743332862854
1698867412.9548256,0.03514116257429123,-0.1683911681175232,-2.100062370300293
1698867412.9889052,0.035659998655319214,-0.17110221087932587,-2.101247787475586
1698867413.023981,0.03627170994877815,-0.17298243939876556,-2.1023175716400146
1698867413.054673,0.036515865474939346,-0.1739768534898758,-2.1033573150634766
1698867413.0877783,0.037016045302152634,-0.1727788895368576,-2.1025121212005615
1698867413.1203887,0.036898501217365265,-0.17165006697177887,-2.101633071899414
1698867413.1545613,0.03689105436205864,-0.17131993174552917,-2.101450204849243
1698867413.1864882,0.0366690494120121,-0.17097428441047668,-2.101062774658203
1698867413.220527,0.03672179952263832,-0.17068015038967133,-2.1006908416748047
1698867413.2545536,0.036758482456207275,-0.17038597166538239,-2.1009297370910645
1698867413.2872653,0.03635692223906517,-0.1706962287425995,-2.1016736030578613
1698867413.3207998,0.03611745685338974,-0.17057251930236816,-2.1013870239257812
1698867413.354793,0.036145854741334915,-0.17014369368553162,-2.101128101348877
1698867413.3879645,0.03596187010407448,-0.16993558406829834,-2.1008927822113037
1698867413.4205613,0.03563470020890236,-0.16928589344024658,-2.099355697631836
1698867413.4552627,0.03511462360620499,-0.168094202876091,-2.098437547683716
1698867413.487816,0.03494398668408394,-0.16754283010959625,-2.098775863647461
1698867413.5203755,0.03455851599574089,-0.1676805019378662,-2.099170684814453
1698867413.554513,0.03427911549806595,-0.16776806116104126,-2.0991499423980713
1698867413.5895703,0.03382813185453415,-0.16822610795497894,-2.0987842082977295
1698867413.6221478,0.03335327282547951,-0.1685979813337326,-2.1002962589263916
1698867413.6545634,0.033373985439538956,-0.16856032609939575,-2.100975751876831
1698867413.6891375,0.033072371035814285,-0.16728563606739044,-2.101921558380127
1698867413.723737,0.033210717141628265,-0.1657879799604416,-2.1023690700531006
1698867413.7548,0.033706892281770706,-0.16457435488700867,-2.1023662090301514
1698867413.7898319,0.03428979963064194,-0.1641836166381836,-2.1025550365448
1698867413.823874,0.03529836982488632,-0.16360189020633698,-2.102261781692505
1698867413.855183,0.036646850407123566,-0.16323839128017426,-2.101118803024292
1698867413.8902814,0.03800693154335022,-0.16372038424015045,-2.0999186038970947
1698867413.9228222,0.03848094865679741,-0.1641596108675003,-2.0993869304656982
1698867413.9565997,0.038739364594221115,-0.16471797227859497,-2.098761558532715
1698867413.9903166,0.03854140639305115,-0.1651657670736313,-2.098313093185425
1698867414.0238004,0.03800240159034729,-0.16507814824581146,-2.098010301589966
1698867414.0567436,0.03734710440039635,-0.165183886885643,-2.096766948699951
1698867414.091815,0.03697136789560318,-0.16552984714508057,-2.096773624420166
1698867414.125618,0.03686583414673805,-0.16566503047943115,-2.097506523132324
1698867414.157165,0.03681552782654762,-0.16555576026439667,-2.097428560256958
1698867414.191802,0.03699939325451851,-0.16530220210552216,-2.096649646759033
1698867414.2238977,0.037108924239873886,-0.16522449254989624,-2.0961852073669434
1698867414.2590115,0.036685120314359665,-0.1650693714618683,-2.0960285663604736
1698867414.2910924,0.03594129905104637,-0.16501015424728394,-2.094008445739746
1698867414.3247058,0.035318631678819656,-0.16430778801441193,-2.0929219722747803
1698867414.3592453,0.03484901040792465,-0.16328167915344238,-2.0924410820007324
1698867414.391295,0.035112541168928146,-0.16306792199611664,-2.091365098953247
1698867414.4248676,0.03561249375343323,-0.16263210773468018,-2.0898468494415283
1698867414.457503,0.03619195148348808,-0.1623198390007019,-2.0895192623138428
1698867414.4917274,0.03674015775322914,-0.16183291375637054,-2.08967924118042
1698867414.5261714,0.03728577867150307,-0.16154851019382477,-2.089887857437134
1698867414.5593035,0.0374719575047493,-0.1612817496061325,-2.0908596515655518
1698867414.5923774,0.03808123990893364,-0.16153207421302795,-2.091634511947632
1698867414.6270673,0.038644079118967056,-0.1619310826063156,-2.0919413566589355
1698867414.659467,0.038632582873106,-0.1623666137456894,-2.092907667160034
1698867414.6935303,0.03840043768286705,-0.1629335582256317,-2.0932743549346924
1698867414.7278116,0.03795725107192993,-0.1631363034248352,-2.0939974784851074
1698867414.7603922,0.03712524101138115,-0.1640481799840927,-2.095475912094116
1698867414.793966,0.03578302636742592,-0.16488344967365265,-2.0968363285064697
1698867414.8265314,0.03454357013106346,-0.16589802503585815,-2.098442316055298
1698867414.8603263,0.033876001834869385,-0.166500523686409,-2.0994324684143066
1698867414.8948796,0.03373333066701889,-0.16699707508087158,-2.099367380142212
1698867414.9279313,0.0340317077934742,-0.16709616780281067,-2.099224805831909
1698867414.9624639,0.03448513150215149,-0.1665545403957367,-2.098087787628174
1698867414.995733,0.03428001329302788,-0.1658492535352707,-2.0979108810424805
1698867415.0275009,0.03396084904670715,-0.16554893553256989,-2.0981616973876953
1698867415.06058,0.03359202668070793,-0.16537369787693024,-2.0979843139648438
1698867415.095137,0.033523112535476685,-0.16541218757629395,-2.0974159240722656
1698867415.1276708,0.033742956817150116,-0.16571198403835297,-2.0965752601623535
1698867415.1612236,0.03354722633957863,-0.16620033979415894,-2.0958878993988037
1698867415.1968172,0.03356071561574936,-0.16631954908370972,-2.094930410385132
1698867415.2288768,0.03298448026180267,-0.1665135622024536,-2.0952606201171875
1698867415.2614062,0.03189188241958618,-0.16683778166770935,-2.095757246017456
1698867415.2949598,0.03099128231406212,-0.16675540804862976,-2.096463203430176
1698867415.3290224,0.031077764928340912,-0.16633710265159607,-2.096445083618164
1698867415.362548,0.031361985951662064,-0.16549091041088104,-2.095633029937744
1698867415.3956535,0.0322466678917408,-0.16401882469654083,-2.094327688217163
1698867415.4298477,0.033227674663066864,-0.1631273776292801,-2.093010902404785
1698867415.462918,0.03485604748129845,-0.16225840151309967,-2.09208345413208
1698867415.496989,0.035831429064273834,-0.1620597541332245,-2.0920071601867676
A coordinates: 0.054752484 0.17411557
B coordinates: -0.23184921 -0.13855064
