1701289019.3609173,0.1370818316936493,-0.47076138854026794,-2.2074551582336426
1701289019.4452875,0.23324958980083466,-0.4139365553855896,-2.5793819427490234
1701289019.5320466,0.24905726313591003,-0.3736840486526489,-2.5898306369781494
1701289019.6112769,0.22439752519130707,-0.40375298261642456,-2.7128498554229736
1701289019.6892042,0.16384628415107727,-0.5293780565261841,-2.3310365676879883
1701289019.7183414,0.21720576286315918,-0.5112060904502869,-2.3886985778808594
1701289019.7473826,0.20864956080913544,-0.5097913146018982,-2.261248826980591
1701289019.7814124,0.17772555351257324,-0.47507163882255554,-2.164397716522217
1701289019.8132823,0.144998699426651,-0.4482578933238983,-2.1223833560943604
1701289019.8479836,0.12508432567119598,-0.4195587933063507,-2.084686040878296
1701289019.8802817,0.22451885044574738,-0.489055335521698,-2.1849491596221924
1701289019.9123437,0.2692526876926422,-0.504065752029419,-2.3154137134552
1701289019.9448779,0.2837103009223938,-0.4830327332019806,-2.451171636581421
1701289019.978468,0.2780764400959015,-0.43985259532928467,-2.5449676513671875
1701289020.010588,0.2664932608604431,-0.39478251338005066,-2.6127288341522217
1701289020.0492299,0.2534363269805908,-0.35377028584480286,-2.645223617553711
1701289020.080697,0.24525023996829987,-0.3226909637451172,-2.6661126613616943
1701289020.1147292,0.22405588626861572,-0.33806154131889343,-2.643036365509033
1701289020.147252,0.22526021301746368,-0.3238460421562195,-2.6494994163513184
1701289020.177808,0.22864903509616852,-0.3147595226764679,-2.6559221744537354
1701289020.2133608,0.23237179219722748,-0.31204038858413696,-2.660281181335449
1701289020.2468805,0.23559345304965973,-0.31444695591926575,-2.6623685359954834
1701289020.280934,0.2233894020318985,-0.3558984100818634,-2.6246931552886963
1701289020.313964,0.21231232583522797,-0.39615216851234436,-2.5802512168884277
1701289020.3456876,0.21954230964183807,-0.39403262734413147,-2.5878336429595947
1701289020.3814132,0.21380461752414703,-0.4135931134223938,-2.563075542449951
1701289020.4134908,0.218744695186615,-0.40666353702545166,-2.5771050453186035
1701289020.4465363,0.2220027595758438,-0.39590391516685486,-2.595055341720581
1701289020.481308,0.22355642914772034,-0.3866071105003357,-2.6183524131774902
1701289020.5143406,0.22395619750022888,-0.3775304853916168,-2.6393442153930664
1701289020.5486155,0.22386358678340912,-0.3713408410549164,-2.657454013824463
1701289020.5793107,0.22324496507644653,-0.36759456992149353,-2.6702115535736084
1701289020.6143794,0.22260528802871704,-0.36644697189331055,-2.683993339538574
1701289020.6471431,0.22287389636039734,-0.3647649586200714,-2.685344696044922
1701289020.68037,0.224180206656456,-0.3623949885368347,-2.6797258853912354
1701289020.7144227,0.22615504264831543,-0.36054670810699463,-2.6793901920318604
1701289020.7476404,0.2285892516374588,-0.3589300513267517,-2.679611921310425
1701289020.7814226,0.22971893846988678,-0.36124420166015625,-2.6799209117889404
1701289020.8178391,0.23255030810832977,-0.3620886504650116,-2.6787607669830322
1701289020.8479822,0.23268432915210724,-0.364945650100708,-2.680468797683716
1701289020.8805597,0.23346000909805298,-0.36593008041381836,-2.6658921241760254
1701289020.9156332,0.2362348735332489,-0.3665674924850464,-2.6596896648406982
1701289020.949183,0.23933285474777222,-0.3652639389038086,-2.6473214626312256
1701289020.982267,0.24314995110034943,-0.36357057094573975,-2.6402323246002197
1701289021.0163255,0.24816708266735077,-0.360339879989624,-2.631861448287964
1701289021.0495024,0.25152283906936646,-0.3565708100795746,-2.626012086868286
1701289021.0824628,0.25338730216026306,-0.3538496792316437,-2.622664213180542
1701289021.1200643,0.2535181939601898,-0.3518153727054596,-2.622173547744751
1701289021.1495843,0.25633203983306885,-0.34909331798553467,-2.6309616565704346
1701289021.1831222,0.2561827600002289,-0.3465890884399414,-2.631037712097168
1701289021.2162206,0.2547450363636017,-0.3443302810192108,-2.6290252208709717
1701289021.2483854,0.2516769468784332,-0.34575629234313965,-2.6304681301116943
1701289021.285498,0.2346155345439911,-0.37653443217277527,-2.6105334758758545
1701289021.3165398,0.23209692537784576,-0.37370556592941284,-2.628269672393799
1701289021.3486192,0.2284383624792099,-0.37329956889152527,-2.6385881900787354
1701289021.3843448,0.2256099283695221,-0.3742859363555908,-2.6456027030944824
1701289021.4181056,0.22467319667339325,-0.3734525442123413,-2.6596851348876953
1701289021.4511628,0.22516922652721405,-0.3722267150878906,-2.667229652404785
1701289021.486712,0.22601181268692017,-0.3676687777042389,-2.669832468032837
1701289021.5194976,0.23043179512023926,-0.36406075954437256,-2.674464702606201
1701289021.5533483,0.23405073583126068,-0.36070773005485535,-2.675469160079956
1701289021.5859168,0.23564070463180542,-0.3596588671207428,-2.6724772453308105
1701289021.6192727,0.2360576093196869,-0.3606520891189575,-2.6694259643554688
1701289021.6523037,0.23620697855949402,-0.3602122664451599,-2.668569326400757
1701289021.686883,0.2374703288078308,-0.361706018447876,-2.6707770824432373
1701289021.7204788,0.23773159086704254,-0.36301079392433167,-2.6722888946533203
1701289021.7555482,0.23691990971565247,-0.3638163208961487,-2.6707725524902344
1701289021.78808,0.23457393050193787,-0.3654819130897522,-2.671208620071411
1701289021.8202674,0.23253823816776276,-0.367684543132782,-2.67307710647583
1701289021.8537912,0.23160864412784576,-0.37046700716018677,-2.6724071502685547
1701289021.8863635,0.2303794026374817,-0.3738481104373932,-2.668609619140625
1701289021.921632,0.22761553525924683,-0.37767788767814636,-2.6604464054107666
1701289021.9554868,0.22764155268669128,-0.37890294194221497,-2.665433406829834
1701289021.9880514,0.2283780723810196,-0.3786379396915436,-2.6698906421661377
1701289022.0211787,0.22768403589725494,-0.37785011529922485,-2.670430898666382
1701289022.0544634,0.2257702797651291,-0.37723836302757263,-2.6583123207092285
1701289022.0895417,0.2256697714328766,-0.37587234377861023,-2.6464858055114746
1701289022.1213737,0.22787006199359894,-0.3741641342639923,-2.6530213356018066
1701289022.1554613,0.22921080887317657,-0.37208986282348633,-2.6658270359039307
1701289022.1895084,0.23121432960033417,-0.36900627613067627,-2.686255693435669
1701289022.2215645,0.2318735122680664,-0.36649227142333984,-2.7051258087158203
1701289022.2556689,0.23107148706912994,-0.36623328924179077,-2.717402935028076
1701289022.2892032,0.23248633742332458,-0.3674522638320923,-2.719935894012451
1701289022.322403,0.2362251579761505,-0.37066811323165894,-2.714726209640503
1701289022.3549597,0.23656336963176727,-0.3730626702308655,-2.7017054557800293
1701289022.3916173,0.2342110425233841,-0.375751256942749,-2.6853485107421875
1701289022.4224896,0.22981442511081696,-0.37706467509269714,-2.663494348526001
1701289022.4570158,0.22546935081481934,-0.37860745191574097,-2.6423404216766357
1701289022.490596,0.2221851646900177,-0.3792021870613098,-2.6251602172851562
1701289022.5242364,0.21987755596637726,-0.3782794177532196,-2.6125717163085938
1701289022.5565262,0.2201845943927765,-0.3785342574119568,-2.620861291885376
1701289022.590577,0.22130423784255981,-0.37753158807754517,-2.6328258514404297
1701289022.625323,0.22246791422367096,-0.3751108646392822,-2.6380653381347656
1701289022.657542,0.22437159717082977,-0.372056782245636,-2.642470359802246
1701289022.6906059,0.22595098614692688,-0.37053319811820984,-2.6454906463623047
1701289022.7246377,0.22740256786346436,-0.37118351459503174,-2.649287700653076
1701289022.7561564,0.22777482867240906,-0.3718079924583435,-2.6461081504821777
1701289022.7912161,0.22791114449501038,-0.37293770909309387,-2.6443305015563965
1701289022.824742,0.2285088300704956,-0.37230437994003296,-2.6443185806274414
1701289022.8583243,0.22991588711738586,-0.3695487082004547,-2.6485941410064697
1701289022.892529,0.23043818771839142,-0.3675956428050995,-2.650094509124756
1701289022.9245803,0.23308956623077393,-0.36469191312789917,-2.657184600830078
1701289022.9581268,0.2351081520318985,-0.3618628680706024,-2.6668620109558105
1701289022.9917488,0.23741690814495087,-0.3592085838317871,-2.6788337230682373
1701289023.0238323,0.23761196434497833,-0.3574337363243103,-2.684969186782837
1701289023.05839,0.239497572183609,-0.3547559082508087,-2.678915500640869
1701289023.0950449,0.24206982553005219,-0.3540199100971222,-2.688769817352295
1701289023.127116,0.2454124540090561,-0.35424235463142395,-2.6947009563446045
1701289023.1621513,0.24662251770496368,-0.3529433608055115,-2.6933751106262207
1701289023.1931918,0.2461664229631424,-0.3535727560520172,-2.6950936317443848
1701289023.2303114,0.24496948719024658,-0.35748016834259033,-2.693527936935425
1701289023.2611141,0.24394281208515167,-0.3636440336704254,-2.687706470489502
1701289023.2942421,0.24297937750816345,-0.3696310818195343,-2.6811091899871826
1701289023.3268416,0.24036791920661926,-0.3758571445941925,-2.6772818565368652
1701289023.3608828,0.2395310252904892,-0.3800515830516815,-2.673811197280884
1701289023.3944387,0.23872996866703033,-0.38055920600891113,-2.671151876449585
1701289023.4296446,0.23894836008548737,-0.378980815410614,-2.666616916656494
1701289023.4602046,0.24077510833740234,-0.3776814639568329,-2.6654083728790283
1701289023.4942608,0.2409542053937912,-0.37488651275634766,-2.6629183292388916
1701289023.527321,0.24298477172851562,-0.37229377031326294,-2.667222738265991
1701289023.5614958,0.24304775893688202,-0.369046688079834,-2.6675772666931152
1701289023.59431,0.24318569898605347,-0.3673378825187683,-2.6667330265045166
1701289023.6284297,0.24319204688072205,-0.367405503988266,-2.6649882793426514
1701289023.6606581,0.24160873889923096,-0.3681681156158447,-2.661785840988159
1701289023.6952488,0.23991377651691437,-0.37285205721855164,-2.653970956802368
1701289023.7278354,0.2419833540916443,-0.3755354881286621,-2.654496431350708
1701289023.762885,0.24513472616672516,-0.377221941947937,-2.655400037765503
1701289023.7959912,0.24738581478595734,-0.3762815594673157,-2.655137062072754
1701289023.829766,0.24804094433784485,-0.3748672604560852,-2.656215190887451
1701289023.863203,0.2467954158782959,-0.3729485273361206,-2.6625046730041504
1701289023.8977678,0.24350354075431824,-0.37387052178382874,-2.659424066543579
1701289023.9299762,0.23971782624721527,-0.37620776891708374,-2.659451484680176
1701289023.9645216,0.23758304119110107,-0.37986046075820923,-2.6553518772125244
1701289023.9965653,0.23744405806064606,-0.3824368715286255,-2.6428372859954834
1701289024.0296402,0.23523780703544617,-0.3818724453449249,-2.6366703510284424
1701289024.0642095,0.23419031500816345,-0.38286229968070984,-2.6381685733795166
1701289024.097424,0.23596452176570892,-0.38245606422424316,-2.6394317150115967
1701289024.1315107,0.23864448070526123,-0.37988707423210144,-2.643954277038574
1701289024.16427,0.23904624581336975,-0.3753485083580017,-2.6503829956054688
1701289024.1958137,0.23756977915763855,-0.37280765175819397,-2.6523237228393555
1701289024.2326396,0.23654410243034363,-0.3689710199832916,-2.660778284072876
1701289024.2647736,0.23579566180706024,-0.364899605512619,-2.667494297027588
1701289024.2984867,0.2374064028263092,-0.3625904321670532,-2.671633720397949
1701289024.332205,0.2376297563314438,-0.3676599860191345,-2.664668560028076
1701289024.3731554,0.23889859020709991,-0.3711245656013489,-2.65907883644104
1701289024.404614,0.24129945039749146,-0.3749811053276062,-2.6525909900665283
1701289024.4372594,0.24309253692626953,-0.3756399154663086,-2.647623062133789
1701289042.9757895,-0.18332161009311676,-0.003801132319495082,-2.0077505111694336
1701289043.0456638,-0.21581825613975525,0.003746230620890856,-2.0274431705474854
1701289043.113409,-0.18306291103363037,-0.003799701575189829,-2.024071216583252
1701289043.1745608,-0.18951362371444702,-0.0054983412846922874,-2.017364025115967
1701289043.228531,-0.18965287506580353,-0.005161441396921873,-2.0161798000335693
1701289043.2941706,-0.18899177014827728,-0.004547435790300369,-2.0172786712646484
1701289043.3383083,-0.19234946370124817,-0.0035611886996775866,-2.0245847702026367
1701289043.382363,-0.19515326619148254,-0.0027572941035032272,-2.0267813205718994
1701289043.4262114,-0.19558651745319366,-0.0027821387629956007,-2.027369260787964
1701289043.4695444,-0.19027237594127655,-0.0021575193386524916,-2.027132749557495
1701289043.5107043,-0.18706251680850983,-0.001641799695789814,-2.027228832244873
1701289043.555433,-0.18523064255714417,-0.0006328154704533517,-2.027012825012207
1701289043.599464,-0.18417373299598694,-7.274682866409421e-05,-2.027510404586792
1701289043.6415832,-0.18458868563175201,-0.00012187520042061806,-2.026864528656006
1701289043.6866639,-0.1855010688304901,-0.0003279385273344815,-2.0279722213745117
1701289043.7293203,-0.18599161505699158,-0.0010869859252125025,-2.0313310623168945
1701289043.775566,-0.1855798065662384,-0.0027469617780297995,-2.034086227416992
1701289043.8192372,-0.18805193901062012,-0.00296383211389184,-2.036245107650757
1701289043.8595788,-0.18915076553821564,-0.0032037661876529455,-2.0357155799865723
1701289043.9014847,-0.18639041483402252,-0.0019241564441472292,-2.031836986541748
1701289043.943287,-0.18195699155330658,-0.0029504415579140186,-2.0274524688720703
1701289043.9869301,-0.178605854511261,-0.004624978173524141,-2.0254414081573486
1701289044.0281613,-0.17686285078525543,-0.0069993482902646065,-2.0263638496398926
1701289044.0719564,-0.17371627688407898,-0.009242687374353409,-2.0258255004882812
1701289044.1135209,-0.17376767098903656,-0.008848611265420914,-2.025935649871826
1701289044.1583676,-0.17326106131076813,-0.011876934207975864,-2.025193214416504
1701289044.1984313,-0.17365746200084686,-0.013811987824738026,-2.025200605392456
1701289044.2440858,-0.19007442891597748,-0.11087219417095184,-2.0406620502471924
1701289044.2857773,-0.18623733520507812,-0.08897696435451508,-2.0317749977111816
1701289044.3294814,-0.18581649661064148,-0.06946472078561783,-2.0278937816619873
1701289044.3703918,-0.1905055046081543,-0.050183091312646866,-2.0284688472747803
1701289044.4154265,-0.19193525612354279,-0.036283232271671295,-2.0265657901763916
1701289044.4575696,-0.1927168369293213,-0.026497650891542435,-2.024651527404785
1701289044.4978,-0.19013641774654388,-0.020441317930817604,-2.020012617111206
1701289044.5414574,-0.19101262092590332,-0.014603477902710438,-2.02046799659729
1701289044.5845973,-0.199792742729187,-0.08570919930934906,-2.037780523300171
1701289044.6271927,-0.19702033698558807,-0.07246526330709457,-2.035979747772217
1701289044.6712584,-0.1943584829568863,-0.05563274770975113,-2.031972646713257
1701289044.7132826,-0.19171176850795746,-0.0413639172911644,-2.0280933380126953
1701289044.752491,-0.18963438272476196,-0.03179609030485153,-2.0260775089263916
1701289044.7940774,-0.1883891373872757,-0.025152375921607018,-2.025357723236084
1701289044.8396723,-0.19080519676208496,-0.01779980957508087,-2.03033185005188
1701289044.8824513,-0.19417330622673035,-0.015877561643719673,-2.0336904525756836
1701289044.9250767,-0.1963261067867279,-0.014912021346390247,-2.0359463691711426
1701289044.9653318,-0.19765624403953552,-0.0157095305621624,-2.0381057262420654
1701289045.009534,-0.20012596249580383,-0.01779206283390522,-2.0411376953125
1701289045.0506675,-0.20127128064632416,-0.020556751638650894,-2.042468309402466
1701289045.0923114,-0.2012413740158081,-0.021665701642632484,-2.0430748462677
1701289045.132849,-0.1989700049161911,-0.02218020148575306,-2.0419018268585205
1701289045.175579,-0.19526435434818268,-0.02369299717247486,-2.0395922660827637
1701289045.2181737,-0.19366063177585602,-0.02380494587123394,-2.0388543605804443
1701289045.2584417,-0.19333122670650482,-0.024105099961161613,-2.0389280319213867
1701289045.2877848,-0.19328835606575012,-0.023528873920440674,-2.0386500358581543
1701289045.31735,-0.19336426258087158,-0.023024186491966248,-2.0383260250091553
1701289045.3455658,-0.19336681067943573,-0.02251538820564747,-2.037586212158203
1701289045.3747098,-0.19418865442276,-0.02292848564684391,-2.0375161170959473
1701289045.4040477,-0.19384267926216125,-0.02251451648771763,-2.0369110107421875
1701289045.4370878,-0.19346722960472107,-0.022066669538617134,-2.0368001461029053
1701289045.469618,-0.19324667751789093,-0.021824710071086884,-2.0374414920806885
1701289045.5042944,-0.1930122971534729,-0.02266223356127739,-2.0384018421173096
1701289045.5373616,-0.19277042150497437,-0.023830406367778778,-2.0394046306610107
1701289045.5694995,-0.19239607453346252,-0.025447852909564972,-2.0409581661224365
1701289045.6032398,-0.19241373240947723,-0.026615004986524582,-2.042658805847168
1701289045.6358628,-0.19214579463005066,-0.027042921632528305,-2.0418777465820312
1701289045.6702728,-0.19188421964645386,-0.02690323069691658,-2.0409786701202393
1701289045.703419,-0.19134128093719482,-0.02699560485780239,-2.0395045280456543
1701289045.7367566,-0.19124366343021393,-0.02702200599014759,-2.039715051651001
1701289045.77031,-0.19199098646640778,-0.027436666190624237,-2.0413339138031006
1701289045.8053691,-0.19213448464870453,-0.028413517400622368,-2.0421388149261475
1701289045.8375118,-0.19277462363243103,-0.029541082680225372,-2.0429844856262207
1701289045.871577,-0.19385671615600586,-0.030131226405501366,-2.04443359375
1701289045.9041214,-0.1943792849779129,-0.03132983669638634,-2.045487642288208
1701289045.9381475,-0.194880872964859,-0.03234643489122391,-2.046184539794922
1701289045.971211,-0.19520506262779236,-0.033086344599723816,-2.0466995239257812
1701289046.0040882,-0.1951351910829544,-0.0330343097448349,-2.047286033630371
1701289046.0392337,-0.19462467730045319,-0.032884836196899414,-2.047692060470581
1701289046.0715873,-0.19431662559509277,-0.03186605125665665,-2.047980785369873
1701289046.1046445,-0.19366714358329773,-0.030620204284787178,-2.047558069229126
1701289046.138542,-0.19161896407604218,-0.029727810993790627,-2.046433210372925
1701289046.1714802,-0.19037167727947235,-0.02894107811152935,-2.0458173751831055
1701289046.204545,-0.18953320384025574,-0.028611507266759872,-2.0450241565704346
1701289046.2400827,-0.18940582871437073,-0.028295107185840607,-2.04472017288208
1701289046.274306,-0.19014424085617065,-0.0277869775891304,-2.045109272003174
1701289046.3053901,-0.19087448716163635,-0.027312785387039185,-2.0454649925231934
1701289046.338157,-0.19176211953163147,-0.02705843187868595,-2.0460333824157715
1701289046.3716185,-0.19252680242061615,-0.02692394331097603,-2.046632766723633
1701289046.4081888,-0.1928994506597519,-0.026177020743489265,-2.047436237335205
1701289046.4392984,-0.19350866973400116,-0.024667443707585335,-2.048192024230957
1701289046.4733634,-0.19386281073093414,-0.023389330133795738,-2.0485751628875732
1701289046.507406,-0.19401563704013824,-0.022366182878613472,-2.048780679702759
1701289046.5394714,-0.1923687607049942,-0.022051408886909485,-2.046931505203247
1701289046.5727198,-0.19053418934345245,-0.02220640517771244,-2.0444326400756836
1701289046.6068654,-0.18795517086982727,-0.023397773504257202,-2.0417003631591797
1701289046.6398337,-0.18680121004581451,-0.024461522698402405,-2.039931535720825
1701289046.6743836,-0.18703769147396088,-0.024611925706267357,-2.0401017665863037
1701289046.7075098,-0.18756134808063507,-0.02507629245519638,-2.0407471656799316
1701289046.7408044,-0.18861331045627594,-0.024480946362018585,-2.042360782623291
1701289046.7743473,-0.1932755559682846,-0.07703345268964767,-2.052913188934326
1701289046.8076644,-0.19138845801353455,-0.0710509717464447,-2.0523476600646973
1701289046.841488,-0.19135425984859467,-0.062116168439388275,-2.0511372089385986
1701289046.8746026,-0.1916678249835968,-0.05362357199192047,-2.049659013748169
1701289046.90792,-0.19250530004501343,-0.045869532972574234,-2.0491244792938232
1701289046.9426844,-0.19158682227134705,-0.038105737417936325,-2.047215223312378
1701289046.9742968,-0.18987871706485748,-0.03207401931285858,-2.046308755874634
1701289047.0085378,-0.18724268674850464,-0.02806219458580017,-2.045278549194336
1701289047.0406723,-0.18462425470352173,-0.024875901639461517,-2.0441441535949707
1701289047.077448,-0.18250302970409393,-0.022658836096525192,-2.0436997413635254
1701289047.1108422,-0.18075506389141083,-0.021520355716347694,-2.0426106452941895
1701289047.144963,-0.18014998733997345,-0.02065451815724373,-2.0421783924102783
1701289047.1777189,-0.1793733537197113,-0.021331805735826492,-2.0421273708343506
1701289047.2107544,-0.17891919612884521,-0.02060787007212639,-2.042262077331543
1701289047.2433753,-0.17912228405475616,-0.021035086363554,-2.04219388961792
1701289047.2794256,-0.17793168127536774,-0.022056695073843002,-2.039109468460083
1701289047.3110385,-0.17756113409996033,-0.02306235022842884,-2.038478374481201
1701289047.3461013,-0.17813530564308167,-0.02413170039653778,-2.0392510890960693
1701289047.3780725,-0.1773114651441574,-0.02455814555287361,-2.0367066860198975
1701289047.4131994,-0.18474534153938293,-0.07886112481355667,-2.0455570220947266
1701289047.4472778,-0.1833212822675705,-0.07208889722824097,-2.0444324016571045
1701289047.4813163,-0.1834820657968521,-0.06242348253726959,-2.042281150817871
1701289047.513398,-0.1850316822528839,-0.05317489430308342,-2.0413405895233154
1701289047.5456915,-0.18711301684379578,-0.04534577950835228,-2.0413644313812256
1701289047.5793293,-0.19547495245933533,-0.09298163652420044,-2.0556282997131348
1701289047.6124382,-0.19478586316108704,-0.08100010454654694,-2.0535240173339844
1701289047.6450684,-0.19260089099407196,-0.06626230478286743,-2.049854040145874
1701289047.6878803,-0.1923614740371704,-0.05354877561330795,-2.0485856533050537
1701289047.722937,-0.19343259930610657,-0.04338989406824112,-2.0492377281188965
1701289047.7555516,-0.19506555795669556,-0.03555652126669884,-2.050076723098755
1701289047.7860808,-0.19698907434940338,-0.0304538756608963,-2.0518269538879395
1701289047.8196247,-0.1987064927816391,-0.026768334209918976,-2.053403615951538
1701289047.8508654,-0.20028378069400787,-0.02470097877085209,-2.0547828674316406
1701289047.882443,-0.20114246010780334,-0.0238006841391325,-2.055410861968994
1701289047.9155543,-0.20005403459072113,-0.02367713674902916,-2.0545220375061035
1701289047.948214,-0.1985795944929123,-0.023991653695702553,-2.0531938076019287
1701289047.9802501,-0.19670507311820984,-0.024760082364082336,-2.0513978004455566
1701289048.0153124,-0.1939621865749359,-0.025278029963374138,-2.0492477416992188
1701289048.0476642,-0.19209541380405426,-0.02559797093272209,-2.0475473403930664
1701289048.0817914,-0.18993385136127472,-0.025911830365657806,-2.0456650257110596
