1701288860.241562,0.13767267763614655,-0.4732952117919922,-2.131655216217041
1701288860.3105576,0.18667341768741608,-0.22859996557235718,-1.7741340398788452
1701288860.4353945,0.2531428039073944,-0.19165466725826263,-2.035360813140869
1701288860.4669673,0.2686294913291931,-0.2160739153623581,-1.8647921085357666
1701288860.4964871,0.24239838123321533,-0.18827223777770996,-1.8026131391525269
1701288860.5275574,0.21551728248596191,-0.19228117167949677,-1.8086555004119873
1701288860.5590901,0.1874728798866272,-0.19734768569469452,-1.856674075126648
1701288860.5896142,0.16943542659282684,-0.17807021737098694,-1.8496320247650146
1701288860.6216536,0.15426450967788696,-0.16440927982330322,-1.842118740081787
1701288860.6556907,0.14509239792823792,-0.15846148133277893,-1.8593825101852417
1701288860.6892238,0.13760516047477722,-0.14383256435394287,-1.8799583911895752
1701288860.723765,0.1271994262933731,-0.1312137097120285,-1.8583991527557373
1701288860.7542958,0.12248751521110535,-0.11858373880386353,-1.8566292524337769
1701288860.7868211,0.12585146725177765,-0.1091662272810936,-1.8885668516159058
1701288860.824374,0.11846895515918732,-0.09821949899196625,-1.8614554405212402
1701288860.8549051,0.11414089798927307,-0.09861275553703308,-1.863521695137024
1701288860.888426,0.11292383074760437,-0.10393442958593369,-1.872159481048584
1701288860.9299958,0.10887200385332108,-0.10420705378055573,-1.8831619024276733
1701288860.960545,0.10830675065517426,-0.10315387696027756,-1.897054672241211
1701288860.99007,0.11098191887140274,-0.10342467576265335,-1.9219005107879639
1701288861.0211375,0.11528153717517853,-0.10825347900390625,-1.9577302932739258
1701288861.055241,0.1254647970199585,-0.11744201183319092,-2.0181357860565186
1701288861.0903032,0.13207417726516724,-0.12533777952194214,-2.0623419284820557
1701288861.1238732,0.13734585046768188,-0.1357833594083786,-2.1048219203948975
1701288861.158428,0.1420830935239792,-0.14394760131835938,-2.142076253890991
1701288861.188488,0.1465808004140854,-0.15167763829231262,-2.1759843826293945
1701288861.221544,0.1512412130832672,-0.15425458550453186,-2.205343008041382
1701288861.2567377,0.15495842695236206,-0.15594393014907837,-2.233529567718506
1701288861.2902732,0.15691789984703064,-0.15672235190868378,-2.2589218616485596
1701288861.3218594,0.15767095983028412,-0.1544191837310791,-2.2809154987335205
1701288861.3574054,0.15686261653900146,-0.15127696096897125,-2.296645164489746
1701288861.3917286,0.15364202857017517,-0.14606988430023193,-2.306900978088379
1701288861.4255154,0.14867544174194336,-0.13870808482170105,-2.3110885620117188
1701288861.4580388,0.14095717668533325,-0.13329510390758514,-2.3112571239471436
1701288861.4926088,0.13120034337043762,-0.12563449144363403,-2.301889419555664
1701288861.525814,0.12071393430233002,-0.11727994680404663,-2.295009136199951
1701288861.5613735,0.10840722918510437,-0.10757704824209213,-2.2809078693389893
1701288861.5939813,0.09465982019901276,-0.09894781559705734,-2.2776808738708496
1701288861.6255794,0.081368088722229,-0.09275256842374802,-2.271259069442749
1701288861.6591377,0.06921237707138062,-0.0880240648984909,-2.2603096961975098
1701288861.6927028,0.058730073273181915,-0.08361488580703735,-2.2535452842712402
1701288861.7283008,0.04831919074058533,-0.07964278757572174,-2.2463934421539307
1701288861.7598453,0.039587754756212234,-0.07662349939346313,-2.237579822540283
1701288861.7942445,0.03552630543708801,-0.07112513482570648,-2.228983163833618
1701288861.8275719,0.034101516008377075,-0.06068351864814758,-2.2237942218780518
1701288861.861295,0.03469150513410568,-0.05021664500236511,-2.219881772994995
1701288861.8941174,0.041043080389499664,-0.046898871660232544,-2.2166662216186523
1701288861.927705,0.054278433322906494,-0.05473776161670685,-2.2218117713928223
1701288861.9610624,0.07493661344051361,-0.07220019400119781,-2.2245595455169678
1701288861.9946477,0.09803979098796844,-0.09399106353521347,-2.2269287109375
1701288862.029272,0.11899226158857346,-0.11486154794692993,-2.224886655807495
1701288862.0614781,0.1355668008327484,-0.13505014777183533,-2.218642473220825
1701288862.0937,0.1486188918352127,-0.15225908160209656,-2.206740140914917
1701288862.1284103,0.15657608211040497,-0.16626986861228943,-2.1858601570129395
1701288862.1633031,0.1591910719871521,-0.1759950816631317,-2.159773826599121
1701288862.196483,0.16306006908416748,-0.17922189831733704,-2.131932258605957
1701288862.2276895,0.16509759426116943,-0.1761222779750824,-2.1042420864105225
1701288862.2632966,0.1656089574098587,-0.16941964626312256,-2.078791618347168
1701288862.297222,0.1636168658733368,-0.15798945724964142,-2.0581860542297363
1701288862.3298802,0.1599692553281784,-0.14668914675712585,-2.0390007495880127
1701288862.3619974,0.15572558343410492,-0.1371535211801529,-2.023203134536743
1701288862.3960536,0.15098103880882263,-0.13098859786987305,-2.010517120361328
1701288862.4290752,0.14579914510250092,-0.12595418095588684,-2.000418186187744
1701288862.4626098,0.14217378199100494,-0.12032254040241241,-1.991321325302124
1701288862.497289,0.13972614705562592,-0.1104746162891388,-1.9758986234664917
1701288862.5309098,0.13841059803962708,-0.10383465886116028,-1.9617022275924683
1701288862.5623434,0.1391402930021286,-0.09923522174358368,-1.949676752090454
1701288862.5983524,0.1415262073278427,-0.09733611345291138,-1.9382604360580444
1701288862.6309226,0.14481373131275177,-0.09692507982254028,-1.9312392473220825
1701288862.662473,0.15020951628684998,-0.09957830607891083,-1.9260485172271729
1701288862.6992533,0.1563938409090042,-0.10377855598926544,-1.9231520891189575
1701288862.730457,0.16263039410114288,-0.10930230468511581,-1.923500418663025
1701288862.7746634,0.16955767571926117,-0.11723245680332184,-1.9247530698776245
1701288862.8164315,0.17844811081886292,-0.12515537440776825,-1.9266213178634644
1701288862.858462,0.188984677195549,-0.1331603080034256,-1.9327256679534912
1701288862.9026165,0.20127080380916595,-0.17055387794971466,-1.9479351043701172
1701288862.943464,0.20374782383441925,-0.1889401078224182,-1.9585471153259277
1701288862.9842324,0.20911939442157745,-0.21706053614616394,-1.9711366891860962
1701288863.0243316,0.21487991511821747,-0.24379700422286987,-1.9841197729110718
1701288863.0659876,0.21759957075119019,-0.2676204741001129,-1.9896575212478638
1701288863.1110487,0.2105511575937271,-0.2792462110519409,-1.9856960773468018
1701288863.1536026,0.20597121119499207,-0.2805338203907013,-1.977911353111267
1701288863.1959624,0.2030089646577835,-0.27682092785835266,-1.964755892753601
1701288863.23908,0.1931942105293274,-0.25569161772727966,-1.9320464134216309
1701288863.2811568,0.18771260976791382,-0.24055485427379608,-1.9162312746047974
1701288863.3252375,0.18593370914459229,-0.2338743954896927,-1.9060012102127075
1701288863.367058,0.1862947642803192,-0.22836849093437195,-1.8973078727722168
1701288863.4071085,0.19103483855724335,-0.22369803488254547,-1.8851782083511353
1701288863.4497006,0.198700413107872,-0.22892716526985168,-1.8849236965179443
1701288863.4921353,0.20403799414634705,-0.23553769290447235,-1.889106273651123
1701288863.5336733,0.20687861740589142,-0.2383221834897995,-1.8904037475585938
1701288863.5762603,0.21392855048179626,-0.24827027320861816,-1.9047551155090332
1701288863.617295,0.2109009176492691,-0.24793212115764618,-1.9124584197998047
1701288863.658419,0.20792706310749054,-0.246396005153656,-1.9180210828781128
1701288863.7016726,0.20204280316829681,-0.2451440542936325,-1.924626350402832
1701288863.7424576,0.19107870757579803,-0.2437952607870102,-1.9305634498596191
1701288863.7836914,0.18397115170955658,-0.2390885055065155,-1.9262773990631104
1701288863.8252828,0.1765151470899582,-0.23464298248291016,-1.926731824874878
1701288863.8678832,0.17095869779586792,-0.23537811636924744,-1.9231511354446411
1701288863.9095628,0.16306257247924805,-0.23507435619831085,-1.9141662120819092
1701288863.950148,0.16463550925254822,-0.2335672378540039,-1.9054064750671387
1701288863.9917943,0.16633783280849457,-0.23017281293869019,-1.899725079536438
1701288864.0333657,0.16604304313659668,-0.22424903512001038,-1.8959370851516724
1701288864.0755298,0.16719505190849304,-0.20810215175151825,-1.8776190280914307
1701288864.1178806,0.16923674941062927,-0.20081299543380737,-1.8604031801223755
1701288864.1595228,0.17225852608680725,-0.19912119209766388,-1.84591805934906
1701288864.2005527,0.1771300882101059,-0.2002970278263092,-1.841127634048462
1701288864.241855,0.18258459866046906,-0.2038632482290268,-1.8284333944320679
1701288864.2840722,0.18601882457733154,-0.20822881162166595,-1.8163738250732422
1701288864.3244534,0.18901358544826508,-0.21042270958423615,-1.807660460472107
1701288864.3695161,0.18971370160579681,-0.21065957844257355,-1.7989001274108887
1701288864.4109993,0.19228142499923706,-0.2103782594203949,-1.7903200387954712
1701288864.4505653,0.1927131861448288,-0.20962153375148773,-1.784819483757019
1701288864.4925177,0.1951025277376175,-0.21367625892162323,-1.7948671579360962
1701288864.5345333,0.19825121760368347,-0.21681231260299683,-1.8044058084487915
1701288864.575616,0.20227313041687012,-0.2216498702764511,-1.812902808189392
1701288864.6176553,0.2010919451713562,-0.2245560586452484,-1.8199498653411865
1701288864.657204,0.20132848620414734,-0.22642362117767334,-1.8279266357421875
1701288864.6992972,0.19956326484680176,-0.2270575612783432,-1.8341734409332275
1701288864.7404368,0.2011684626340866,-0.2328912913799286,-1.8458147048950195
1701288864.7815607,0.20014528930187225,-0.2334020733833313,-1.8522071838378906
1701288864.8236995,0.19564422965049744,-0.22918684780597687,-1.8476518392562866
1701288864.8658688,0.19297349452972412,-0.22567126154899597,-1.8493114709854126
1701288864.9079156,0.18897506594657898,-0.21675091981887817,-1.845189094543457
1701288864.938545,0.18707269430160522,-0.21056248247623444,-1.8429678678512573
1701288864.9716394,0.1866036057472229,-0.20794452726840973,-1.8446272611618042
1701288865.003322,0.18615156412124634,-0.20816488564014435,-1.8453316688537598
1701288865.0377333,0.18600110709667206,-0.20802277326583862,-1.8464714288711548
1701288865.0699594,0.18731309473514557,-0.2120794653892517,-1.8509280681610107
1701288865.1032665,0.18814966082572937,-0.21481642127037048,-1.8534330129623413
1701288865.1377394,0.1888805329799652,-0.2180892825126648,-1.8576987981796265
1701288865.170287,0.18702802062034607,-0.21673212945461273,-1.8500488996505737
1701288865.2024608,0.18448175489902496,-0.21543501317501068,-1.8407783508300781
1701288865.239403,0.18127505481243134,-0.21403340995311737,-1.828548550605774
1701288865.2704628,0.18042060732841492,-0.21551984548568726,-1.826464295387268
1701288865.3056777,0.18106432259082794,-0.2193320095539093,-1.8288456201553345
1701288865.3397324,0.18204720318317413,-0.22042138874530792,-1.822075605392456
1701288865.370282,0.18212959170341492,-0.21940280497074127,-1.8109400272369385
1701288865.40656,0.1830260157585144,-0.2196372151374817,-1.7987977266311646
1701288865.4397836,0.18475350737571716,-0.2199038416147232,-1.7874022722244263
1701288875.4086754,-0.16672812402248383,0.1478167474269867,-2.103311061859131
1701288875.479681,-0.17612464725971222,0.13099193572998047,-2.1014349460601807
1701288875.5444615,-0.17681363224983215,0.14996005594730377,-2.1089463233947754
1701288875.609821,-0.1773415505886078,0.15887950360774994,-2.1125361919403076
1701288875.672411,-0.17937250435352325,0.16794592142105103,-2.1166610717773438
1701288875.7345011,-0.1749400496482849,0.16589586436748505,-2.112870931625366
1701288875.776539,-0.17172907292842865,0.16215965151786804,-2.1093671321868896
1701288875.8195803,-0.1670886129140854,0.15954136848449707,-2.1049177646636963
1701288875.8646362,-0.1643390953540802,0.15709581971168518,-2.1021218299865723
1701288875.9086874,-0.1642664521932602,0.1563223898410797,-2.1028361320495605
1701288875.9547856,-0.16710270941257477,0.1575624942779541,-2.10538911819458
1701288875.9988365,-0.16983425617218018,0.15901502966880798,-2.107806921005249
1701288876.041405,-0.17048189043998718,0.15878534317016602,-2.1081316471099854
1701288876.0859568,-0.1722017526626587,0.1598215103149414,-2.110102891921997
1701288876.128522,-0.1731056272983551,0.1595950722694397,-2.111135482788086
1701288876.1735795,-0.17289388179779053,0.1581304371356964,-2.1110198497772217
1701288876.2181354,-0.17257893085479736,0.15702852606773376,-2.111193895339966
1701288876.2617016,-0.17242157459259033,0.15614494681358337,-2.114849328994751
1701288876.30625,-0.17359161376953125,0.15701474249362946,-2.116687059402466
1701288876.3497975,-0.17066511511802673,0.15579922497272491,-2.1130642890930176
1701288876.3908334,-0.16954229772090912,0.15550263226032257,-2.1108553409576416
1701288876.4369066,-0.1685478836297989,0.15606316924095154,-2.1098639965057373
1701288876.479946,-0.16799074411392212,0.15668362379074097,-2.1088857650756836
1701288876.5219798,-0.16502369940280914,0.15605905652046204,-2.1081790924072266
1701288876.5650911,-0.164385125041008,0.15657860040664673,-2.109391689300537
1701288876.6081266,-0.16467241942882538,0.1562739759683609,-2.110480308532715
1701288876.6516726,-0.16443592309951782,0.15632528066635132,-2.1093509197235107
1701288876.6942136,-0.164150208234787,0.15677228569984436,-2.1086316108703613
1701288876.7367609,-0.16181053221225739,0.1561255156993866,-2.1065452098846436
1701288876.779794,-0.16151727735996246,0.1572752594947815,-2.1066339015960693
1701288876.8278382,-0.1623649150133133,0.1594465672969818,-2.1078524589538574
1701288876.8708754,-0.16180464625358582,0.16002711653709412,-2.1082711219787598
1701288876.9144292,-0.16084709763526917,0.15953756868839264,-2.1081631183624268
1701288876.9589725,-0.15876708924770355,0.1570408046245575,-2.110212564468384
1701288877.003514,-0.16034261882305145,0.15705330669879913,-2.115147590637207
1701288877.049653,-0.16089048981666565,0.15577355027198792,-2.1183693408966064
1701288877.0913644,-0.1633557826280594,0.15570902824401855,-2.1231231689453125
1701288877.1334765,-0.16364732384681702,0.15363308787345886,-2.123997926712036
1701288877.1745102,-0.16422489285469055,0.15212950110435486,-2.1257686614990234
1701288877.2172945,-0.1634577065706253,0.14975649118423462,-2.1254055500030518
1701288877.2578368,-0.16431382298469543,0.14805522561073303,-2.1235697269439697
1701288877.2998738,-0.16230972111225128,0.14767873287200928,-2.1177053451538086
1701288877.3424127,-0.16035738587379456,0.14716877043247223,-2.112974166870117
1701288877.3859646,-0.15551963448524475,0.14823538064956665,-2.110450267791748
1701288877.427498,-0.15375562012195587,0.1497582346200943,-2.1106486320495605
1701288877.4685385,-0.15268070995807648,0.1501779556274414,-2.1099853515625
1701288877.5095785,-0.15318499505519867,0.15067815780639648,-2.1107780933380127
1701288877.5517764,-0.1578751504421234,0.15404435992240906,-2.1129698753356934
1701288877.5993505,-0.16027066111564636,0.15700118243694305,-2.1150119304656982
1701288877.6434236,-0.1611790508031845,0.1582825779914856,-2.11492919921875
1701288877.6889806,-0.16081266105175018,0.1586393266916275,-2.1111695766448975
1701288877.7285275,-0.15935273468494415,0.15715903043746948,-2.1071887016296387
1701288877.7696068,-0.15915414690971375,0.15647418797016144,-2.105512857437134
1701288877.809679,-0.15921734273433685,0.155914768576622,-2.1051220893859863
1701288877.853448,-0.15639330446720123,0.15694177150726318,-2.105145215988159
1701288877.8936284,-0.15511547029018402,0.15700474381446838,-2.1073930263519287
1701288877.9352055,-0.1547624170780182,0.15687619149684906,-2.107896327972412
1701288877.9772487,-0.1553284227848053,0.1560048609972,-2.107909679412842
1701288878.019279,-0.15538913011550903,0.1527029275894165,-2.106213092803955
1701288878.0595675,-0.15705201029777527,0.15157371759414673,-2.1055617332458496
1701288878.101828,-0.15829353034496307,0.15099847316741943,-2.104306936264038
1701288878.1363676,-0.1596175879240036,0.15026573836803436,-2.102806568145752
1701288878.1644197,-0.16198191046714783,0.15043991804122925,-2.1029093265533447
1701288878.1944675,-0.16288526356220245,0.15065881609916687,-2.1024513244628906
1701288878.222487,-0.16270126402378082,0.1511819064617157,-2.1014647483825684
1701288878.2523234,-0.16176369786262512,0.15134331583976746,-2.099578380584717
1701288878.2825606,-0.15994974970817566,0.15169258415699005,-2.097224235534668
1701288878.316486,-0.15648111701011658,0.15178664028644562,-2.095379590988159
1701288878.3501463,-0.15382933616638184,0.1522461473941803,-2.094299793243408
1701288878.3847704,-0.15279775857925415,0.15393173694610596,-2.0957818031311035
1701288878.4178965,-0.1518012434244156,0.15494826436042786,-2.0977821350097656
1701288878.4504628,-0.1521032750606537,0.15586361289024353,-2.099947929382324
1701288878.483517,-0.15369516611099243,0.1562952995300293,-2.101224184036255
1701288878.5171545,-0.15427127480506897,0.15637542307376862,-2.102015256881714
1701288878.551973,-0.15571844577789307,0.1572853922843933,-2.105380058288574
1701288878.585016,-0.15811532735824585,0.15807227790355682,-2.1097822189331055
1701288878.617574,-0.1606825292110443,0.15789219737052917,-2.1140809059143066
1701288878.6506305,-0.16294759511947632,0.15709173679351807,-2.1165900230407715
1701288878.6867337,-0.16352194547653198,0.1561591923236847,-2.116518259048462
1701288878.718351,-0.16384972631931305,0.15464133024215698,-2.116248369216919
1701288878.7509344,-0.16185635328292847,0.15289317071437836,-2.1138341426849365
1701288878.7836764,-0.1595202088356018,0.15146291255950928,-2.1109485626220703
1701288878.8173223,-0.15797507762908936,0.15063735842704773,-2.1100378036499023
1701288878.8527596,-0.15677525103092194,0.15057721734046936,-2.1100881099700928
1701288878.886525,-0.15618538856506348,0.1510249823331833,-2.110872745513916
1701288878.9186118,-0.15435823798179626,0.15115711092948914,-2.109426975250244
1701288878.9534664,-0.15382005274295807,0.15192756056785583,-2.1089742183685303
1701288878.9875102,-0.15463292598724365,0.15314559638500214,-2.109055519104004
1701288879.0205896,-0.15483415126800537,0.15393824875354767,-2.1098473072052
1701288879.0537107,-0.1537947952747345,0.1541331708431244,-2.1094675064086914
1701288879.087604,-0.15501904487609863,0.15460549294948578,-2.1088297367095947
1701288879.1200864,-0.1557774692773819,0.15472380816936493,-2.109025716781616
1701288879.1533923,-0.15602117776870728,0.1540830433368683,-2.1091599464416504
1701288879.185469,-0.15634311735630035,0.15300798416137695,-2.1093039512634277
1701288879.2215457,-0.15759561955928802,0.1517697125673294,-2.1096854209899902
1701288879.2517464,-0.16007651388645172,0.15177716314792633,-2.112103223800659
1701288879.2865477,-0.1627911925315857,0.1514916568994522,-2.11403489112854
1701288879.320534,-0.16592948138713837,0.15189558267593384,-2.1153078079223633
1701288879.3534312,-0.1687822788953781,0.15245498716831207,-2.115957260131836
1701288879.3867953,-0.1677582561969757,0.1520131379365921,-2.113410711288452
1701288879.4203477,-0.16627192497253418,0.1522907316684723,-2.1122169494628906
1701288879.4594858,-0.16267237067222595,0.152555912733078,-2.1112215518951416
1701288879.4885898,-0.16022583842277527,0.15336333215236664,-2.1107707023620605
1701288879.52145,-0.1583068072795868,0.15407694876194,-2.1101319789886475
1701288879.5550396,-0.15667890012264252,0.15381024777889252,-2.107487678527832
1701288879.5887077,-0.15581639111042023,0.15361309051513672,-2.1060872077941895
1701288879.6215217,-0.1553546041250229,0.15299153327941895,-2.104473829269409
1701288879.6551197,-0.15547019243240356,0.1520550698041916,-2.102898359298706
1701288879.687666,-0.15468807518482208,0.1508345603942871,-2.1020336151123047
1701288879.72208,-0.15456905961036682,0.15020854771137238,-2.1024744510650635
1701288879.7576272,-0.15307645499706268,0.1495564579963684,-2.1035659313201904
1701288879.7877145,-0.15394990146160126,0.15040886402130127,-2.105908155441284
1701288879.820798,-0.15432994067668915,0.15064199268817902,-2.1081788539886475
1701288879.8543704,-0.1538483202457428,0.15077948570251465,-2.1098201274871826
1701288879.8894203,-0.15308773517608643,0.15040841698646545,-2.111072301864624
1701288879.9234824,-0.15306244790554047,0.14964286983013153,-2.111797571182251
1701288879.9585688,-0.1532648801803589,0.14950406551361084,-2.113189220428467
1701288879.9913235,-0.15504151582717896,0.15063823759555817,-2.116363525390625
1701288880.0252223,-0.15800811350345612,0.15159878134727478,-2.1194612979888916
1701288880.0568237,-0.15922412276268005,0.15196800231933594,-2.1204235553741455
1701288880.0913973,-0.1591757833957672,0.1522233784198761,-2.1204044818878174
1701288880.1245565,-0.15876717865467072,0.15212419629096985,-2.1197917461395264
1701288880.1694303,-0.15786275267601013,0.1519782692193985,-2.1188929080963135
1701288880.2089922,-0.1580120474100113,0.15200677514076233,-2.1186740398406982
1701288880.252664,-0.15867607295513153,0.1522606760263443,-2.1191704273223877
1701288880.292509,-0.15916447341442108,0.15178270637989044,-2.1190693378448486
1701288880.3374648,-0.15866513550281525,0.1501857191324234,-2.115349292755127
1701288880.3787374,-0.15792769193649292,0.14982467889785767,-2.115952968597412
1701288880.418786,-0.15602760016918182,0.14940711855888367,-2.116119623184204
1701288880.4583197,-0.15395823121070862,0.14916777610778809,-2.116084098815918
1701288880.5019295,-0.1503029763698578,0.14922772347927094,-2.115628719329834
1701288880.5415142,-0.14730969071388245,0.15029898285865784,-2.1153738498687744
1701288880.5847247,-0.14697735011577606,0.15074168145656586,-2.116358995437622
1701288885.3137803,-0.42655324935913086,-0.18471047282218933,-2.0167202949523926
1701288885.3836513,-0.41944459080696106,-0.187642902135849,-2.0209155082702637
1701288885.4545507,-0.40921369194984436,-0.1896742284297943,-2.0160622596740723
1701288885.5225224,-0.40011340379714966,-0.18906530737876892,-2.0125794410705566
1701288885.5927913,-0.3926771879196167,-0.1879647970199585,-2.0096051692962646
1701288885.6585238,-0.3857901990413666,-0.18080449104309082,-2.0063915252685547
1701288885.7222166,-0.3821961581707001,-0.16535784304141998,-2.003286123275757
1701288885.7677853,-0.3836789131164551,-0.16097179055213928,-1.9984103441238403
1701288885.8088703,-0.38832342624664307,-0.16228680312633514,-1.9991590976715088
1701288885.8556764,-0.39416980743408203,-0.17147648334503174,-2.001962184906006
1701288885.8987243,-0.39895763993263245,-0.16668640077114105,-2.0057077407836914
1701288885.9423091,-0.40223267674446106,-0.16608048975467682,-2.008079767227173
1701288885.9880047,-0.4054543673992157,-0.16635262966156006,-2.010467529296875
1701288886.0365653,-0.4064949154853821,-0.16370372474193573,-2.0102949142456055
1701288886.0835977,-0.4119971990585327,-0.16120509803295135,-2.044771194458008
1701288886.1258051,-0.41036316752433777,-0.15118466317653656,-2.0536513328552246
1701288886.1684265,-0.40784454345703125,-0.13829253613948822,-2.0569992065429688
1701288886.2159593,-0.405477911233902,-0.12414154410362244,-2.0568909645080566
1701288886.2635067,-0.40785157680511475,-0.13839970529079437,-2.046433210372925
1701288886.3063912,-0.40621379017829895,-0.15210968255996704,-2.0362648963928223
1701288886.347139,-0.4049554169178009,-0.16058054566383362,-2.0302608013153076
1701288886.3900008,-0.40361249446868896,-0.1685662418603897,-2.0256340503692627
1701288886.4297078,-0.4013593792915344,-0.17020578682422638,-2.024951696395874
1701288886.4712152,-0.3988494575023651,-0.17008189857006073,-2.0239083766937256
1701288886.516321,-0.3963034451007843,-0.1684480458498001,-2.022771120071411
1701288886.5595198,-0.3978697657585144,-0.16702716052532196,-2.0221662521362305
1701288886.6035767,-0.39782193303108215,-0.1644613891839981,-2.0222394466400146
1701288886.643327,-0.40010911226272583,-0.16346360743045807,-2.0230231285095215
1701288886.6874228,-0.39855143427848816,-0.16265565156936646,-2.021690607070923
1701288886.7286155,-0.39610058069229126,-0.16459879279136658,-2.0191023349761963
1701288886.7699943,-0.39594462513923645,-0.16746917366981506,-2.0154836177825928
1701288886.8165612,-0.3952394723892212,-0.16852904856204987,-2.0131123065948486
1701288886.8566167,-0.3954065442085266,-0.1765890270471573,-2.002401113510132
1701288886.9007115,-0.3947727382183075,-0.18243013322353363,-1.9999425411224365
1701288886.941469,-0.3928107023239136,-0.18147887289524078,-1.9973419904708862
1701288886.9815145,-0.39153730869293213,-0.18092122673988342,-1.9961824417114258
1701288887.0246406,-0.38757777214050293,-0.17180506885051727,-1.993043303489685
1701288887.0669312,-0.3863895535469055,-0.1636551469564438,-1.9917374849319458
1701288887.1074715,-0.3865072429180145,-0.16425567865371704,-1.9878954887390137
1701288887.1357174,-0.39082425832748413,-0.16931919753551483,-1.9849456548690796
1701288887.1657133,-0.3947727084159851,-0.17477436363697052,-1.9829607009887695
1701288887.194867,-0.3978990316390991,-0.17932356894016266,-1.9815119504928589
1701288887.2234383,-0.400039941072464,-0.18264184892177582,-1.9807971715927124
1701288887.2519732,-0.39922720193862915,-0.18263745307922363,-1.9783247709274292
1701288887.2835302,-0.3981582522392273,-0.1800657957792282,-1.9760346412658691
1701288887.315365,-0.3969134986400604,-0.17791688442230225,-1.9737154245376587
1701288887.3488665,-0.3935363292694092,-0.1760834902524948,-1.9701175689697266
1701288887.3833268,-0.38896167278289795,-0.17295223474502563,-1.9652186632156372
1701288887.415576,-0.38574910163879395,-0.17072588205337524,-1.9603017568588257
1701288887.4485278,-0.38358843326568604,-0.16913175582885742,-1.955137014389038
1701288887.4826505,-0.3808057904243469,-0.16694627702236176,-1.9503235816955566
1701288887.517392,-0.37797027826309204,-0.1643047332763672,-1.9458948373794556
1701288887.548623,-0.3756266236305237,-0.1617020219564438,-1.9429988861083984
1701288887.5837245,-0.37676459550857544,-0.168142631649971,-1.94780433177948
1701288887.615835,-0.3755875527858734,-0.1657211035490036,-1.9486634731292725
1701288887.6520364,-0.374575138092041,-0.16375914216041565,-1.9484937191009521
1701288887.6836114,-0.37400180101394653,-0.16252723336219788,-1.9476879835128784
1701288887.7159956,-0.3739415407180786,-0.16405555605888367,-1.946671485900879
1701288887.7537727,-0.3743513822555542,-0.1669313907623291,-1.945650577545166
1701288887.7842746,-0.3750319480895996,-0.1704607605934143,-1.9451704025268555
1701288887.815316,-0.3753930628299713,-0.17191199958324432,-1.944014549255371
1701288887.8495219,-0.37585097551345825,-0.17180109024047852,-1.9425944089889526
1701288887.8854034,-0.37618470191955566,-0.17044681310653687,-1.9418549537658691
1701288887.9189308,-0.3763277530670166,-0.16847148537635803,-1.9418480396270752
1701288887.9516475,-0.37656140327453613,-0.16667133569717407,-1.9423664808273315
1701288887.9847913,-0.37706753611564636,-0.165421262383461,-1.943174123764038
1701288888.0183852,-0.37751179933547974,-0.16471907496452332,-1.9441713094711304
1701288888.0519059,-0.37800586223602295,-0.1644672155380249,-1.944384217262268
1701288888.0855565,-0.3785165548324585,-0.16493339836597443,-1.9442098140716553
1701288888.1188428,-0.37901392579078674,-0.16542461514472961,-1.9441487789154053
1701288888.1525233,-0.3814217150211334,-0.16774258017539978,-1.9456795454025269
1701288888.1854033,-0.3875885307788849,-0.16882191598415375,-1.9516136646270752
1701288888.2189245,-0.3937838077545166,-0.16873082518577576,-1.9625492095947266
1701288888.254492,-0.3987571895122528,-0.16754990816116333,-1.9743744134902954
1701288888.2870197,-0.40229830145835876,-0.1658971607685089,-1.9863249063491821
1701288888.3208978,-0.40494969487190247,-0.16470396518707275,-1.9971801042556763
1701288888.3535233,-0.40894749760627747,-0.1642584502696991,-2.007067918777466
1701288888.385859,-0.4111906886100769,-0.16437770426273346,-2.0140976905822754
1701288888.419442,-0.41226160526275635,-0.16508440673351288,-2.018507719039917
1701288888.4534504,-0.41286802291870117,-0.16655029356479645,-2.0209407806396484
1701288888.4875135,-0.41344279050827026,-0.16841299831867218,-2.02256178855896
1701288888.5206475,-0.41371771693229675,-0.17027859389781952,-2.023516893386841
1701288888.554275,-0.4116612374782562,-0.1714300662279129,-2.021470546722412
1701288888.5864034,-0.4082486629486084,-0.17192000150680542,-2.016871213912964
1701288888.6205227,-0.4059579074382782,-0.1718621701002121,-2.012455701828003
1701288888.6546686,-0.40426313877105713,-0.1712937206029892,-2.0079896450042725
1701288888.6878521,-0.4028047025203705,-0.170183464884758,-2.0045077800750732
1701288888.721378,-0.4014735221862793,-0.1687602549791336,-2.001743793487549
1701288888.7534888,-0.4019032120704651,-0.16703703999519348,-2.0015029907226562
1701288888.7868986,-0.40310055017471313,-0.16509830951690674,-2.002229690551758
1701288888.8196478,-0.4044939875602722,-0.16304777562618256,-2.003190279006958
1701288888.8545992,-0.40151041746139526,-0.16116754710674286,-1.9995696544647217
1701288888.888876,-0.3981234133243561,-0.15982282161712646,-1.9958981275558472
1701288888.9224215,-0.39550378918647766,-0.15926285088062286,-1.9940779209136963
1701288888.9562802,-0.3954750895500183,-0.1581830382347107,-1.9925278425216675
1701288888.9884043,-0.39864227175712585,-0.15746408700942993,-1.9928765296936035
1701288889.021997,-0.39953523874282837,-0.15696606040000916,-1.9934887886047363
1701288889.0556705,-0.3990679979324341,-0.15674997866153717,-1.9947260618209839
1701288889.0897117,-0.3997509181499481,-0.1569080501794815,-1.9972262382507324
1701288889.123736,-0.3990800082683563,-0.15699003636837006,-1.9992351531982422
1701288889.1679065,-0.40129467844963074,-0.15875664353370667,-2.002180576324463
1701288889.2085574,-0.40123337507247925,-0.1596086621284485,-2.004157066345215
1701288889.2541502,-0.3997391164302826,-0.1597011834383011,-2.0052244663238525
1701288889.2947872,-0.3998385965824127,-0.15941926836967468,-2.006772994995117
1701288889.3374355,-0.3990511894226074,-0.15947839617729187,-2.0061700344085693
1701288889.3785412,-0.397989422082901,-0.1595064252614975,-2.005089521408081
1701288889.4201558,-0.3988058567047119,-0.16136962175369263,-2.003077745437622
1701288889.4626844,-0.4019176959991455,-0.16241823136806488,-2.003521203994751
1701288889.5057347,-0.4050731956958771,-0.16204053163528442,-2.0043222904205322
1701288889.5465896,-0.40584713220596313,-0.16212408244609833,-2.004737615585327
1701288889.5885432,-0.4069356620311737,-0.16564352810382843,-2.002753257751465
1701288889.6295717,-0.4052833020687103,-0.17097939550876617,-1.9906437397003174
1701288889.6727328,-0.40410366654396057,-0.1700967252254486,-1.9835562705993652
1701288889.7147915,-0.4032666087150574,-0.1672966331243515,-1.979042887687683
1701288889.7564151,-0.40077030658721924,-0.16380023956298828,-1.9769020080566406
1701288889.7994432,-0.4002353847026825,-0.15840250253677368,-1.982753872871399
1701288889.8405952,-0.3976249098777771,-0.15629321336746216,-1.9859038591384888
1701288889.881191,-0.3953888416290283,-0.1559365689754486,-1.9883356094360352
1701288889.9237738,-0.39394572377204895,-0.1563216894865036,-1.9919021129608154
1701288889.9669058,-0.39268267154693604,-0.15655191242694855,-2.0000500679016113
1701288890.009509,-0.39153510332107544,-0.15922307968139648,-1.997771978378296
1701288890.0507727,-0.39010530710220337,-0.16269850730895996,-1.9912229776382446
1701288890.091403,-0.3869503140449524,-0.16616059839725494,-1.9822282791137695
1701288890.135661,-0.3813437819480896,-0.17144379019737244,-1.9664703607559204
1701288890.1757913,-0.37773144245147705,-0.1715993583202362,-1.9588654041290283
1701288890.218403,-0.37538719177246094,-0.17062732577323914,-1.9538285732269287
1701288890.2586741,-0.3779737949371338,-0.1698083132505417,-1.9523494243621826
1701288890.304422,-0.3843395709991455,-0.16745337843894958,-1.9558755159378052
1701288890.3446648,-0.3845820426940918,-0.16514842212200165,-1.9574576616287231
1701288890.3857958,-0.38402634859085083,-0.1635236144065857,-1.9569296836853027
1701288890.42642,-0.3815215229988098,-0.1624821275472641,-1.9557926654815674
1701288890.4680083,-0.3805435001850128,-0.157020702958107,-1.961283564567566
1701288896.17585,-0.06419117003679276,-0.44691333174705505,-2.1753299236297607
1701288896.243892,-0.059920839965343475,-0.4453390836715698,-2.168384552001953
1701288896.3005235,-0.04087552800774574,-0.4172289967536926,-2.17045259475708
1701288896.363528,-0.04845704138278961,-0.41947248578071594,-2.1706724166870117
1701288896.4226487,-0.047115907073020935,-0.42191123962402344,-2.171495199203491
1701288896.4865475,-0.047923147678375244,-0.4221491813659668,-2.1726343631744385
1701288896.5437927,-0.04921641945838928,-0.42154425382614136,-2.173539161682129
1701288896.5885458,-0.05089456960558891,-0.420238733291626,-2.176335573196411
1701288896.6336842,-0.05137138068675995,-0.41962724924087524,-2.1782588958740234
1701288896.6772668,-0.05133185163140297,-0.41944581270217896,-2.1794750690460205
1701288896.7238927,-0.04929526895284653,-0.41974586248397827,-2.177305221557617
1701288896.7669678,-0.04862138628959656,-0.4203060567378998,-2.1763298511505127
1701288896.8120563,-0.047663792967796326,-0.42093101143836975,-2.1778929233551025
1701288896.856247,-0.04546143859624863,-0.4217880368232727,-2.180285930633545
1701288896.8993251,-0.04557792469859123,-0.42326122522354126,-2.183098554611206
1701288896.9433687,-0.044786810874938965,-0.4235144853591919,-2.1824142932891846
1701288896.986405,-0.04429087042808533,-0.4238891303539276,-2.1855149269104004
1701288897.0284717,-0.042740482836961746,-0.423020601272583,-2.1864211559295654
1701288897.0733843,-0.041677698493003845,-0.4232167601585388,-2.188190460205078
1701288897.1157506,-0.04085308313369751,-0.42401883006095886,-2.189213752746582
1701288897.1575296,-0.04221037030220032,-0.42851510643959045,-2.196169376373291
1701288897.2041645,-0.04349035769701004,-0.430887907743454,-2.1989243030548096
1701288897.2465267,-0.044313084334135056,-0.4320674538612366,-2.200965166091919
1701288897.2881536,-0.04718869552016258,-0.4309682250022888,-2.199366331100464
1701288897.3297734,-0.04953273758292198,-0.42770230770111084,-2.195826292037964
1701288897.3724685,-0.05111553892493248,-0.42411866784095764,-2.1881141662597656
1701288897.4157856,-0.05223754420876503,-0.42195606231689453,-2.179753065109253
1701288897.4564388,-0.053316064178943634,-0.4216005206108093,-2.17625093460083
1701288897.5005274,-0.0535462461411953,-0.4223293364048004,-2.175248861312866
1701288897.5419292,-0.05426712706685066,-0.4231850504875183,-2.175718069076538
1701288897.5870285,-0.054816748946905136,-0.42420095205307007,-2.1749846935272217
1701288897.627854,-0.055574629455804825,-0.42433688044548035,-2.1721363067626953
1701288897.669391,-0.05417516455054283,-0.42460036277770996,-2.1718225479125977
1701288897.711648,-0.052746035158634186,-0.42400091886520386,-2.1728804111480713
1701288897.756036,-0.05122224614024162,-0.4219648241996765,-2.169686794281006
1701288897.7978303,-0.049501221626996994,-0.4204300045967102,-2.1687333583831787
1701288897.84003,-0.04813208803534508,-0.41985586285591125,-2.1684579849243164
1701288897.881681,-0.04730498045682907,-0.4196773171424866,-2.166926145553589
1701288897.9233782,-0.046366967260837555,-0.41978007555007935,-2.164841651916504
1701288897.9676204,-0.04600366950035095,-0.420596718788147,-2.1635916233062744
1701288898.0096357,-0.04570135474205017,-0.42118367552757263,-2.163045883178711
1701288898.053668,-0.045542359352111816,-0.42100808024406433,-2.163800001144409
1701288898.0947857,-0.04466627538204193,-0.42113831639289856,-2.165806531906128
1701288898.1364186,-0.04438745975494385,-0.4216117560863495,-2.167330026626587
1701288898.1764665,-0.04454677924513817,-0.4216008484363556,-2.1681971549987793
1701288898.2180188,-0.044893912971019745,-0.4217689335346222,-2.16884708404541
1701288898.2627738,-0.04492143914103508,-0.4211980402469635,-2.169912815093994
1701288898.3049011,-0.045163508504629135,-0.4205962121486664,-2.17057728767395
1701288898.343886,-0.04471709206700325,-0.41994509100914,-2.171515941619873
1701288898.386909,-0.04516918212175369,-0.41971760988235474,-2.171849012374878
1701288898.4297779,-0.045896414667367935,-0.4202560484409332,-2.173799514770508
1701288898.472523,-0.04664996638894081,-0.4206836223602295,-2.1747007369995117
1701288898.513552,-0.047625988721847534,-0.4210726320743561,-2.175046682357788
1701288898.5554206,-0.04813273996114731,-0.42096543312072754,-2.175830841064453
1701288898.5990329,-0.04911626875400543,-0.4200802445411682,-2.1753551959991455
1701288898.6378362,-0.049977660179138184,-0.4191281497478485,-2.176039218902588
1701288898.6779284,-0.05040008947253227,-0.41815072298049927,-2.176034688949585
1701288898.719507,-0.050746362656354904,-0.4174492359161377,-2.1738085746765137
1701288898.7587922,-0.05132513865828514,-0.4184737503528595,-2.172606945037842
1701288898.8018773,-0.05069740116596222,-0.4201553463935852,-2.1724679470062256
1701288898.8404574,-0.050234355032444,-0.42124152183532715,-2.1733462810516357
1701288898.883535,-0.04947425797581673,-0.42225271463394165,-2.174257516860962
1701288898.9235935,-0.04935722053050995,-0.42291057109832764,-2.1745543479919434
1701288898.9647517,-0.050005000084638596,-0.42349547147750854,-2.1742961406707764
1701288899.0078259,-0.05024139583110809,-0.42414727807044983,-2.1746397018432617
1701288899.049372,-0.05037719011306763,-0.42462828755378723,-2.1764540672302246
1701288899.091423,-0.050998326390981674,-0.4250616431236267,-2.178356885910034
1701288899.1324766,-0.05221728980541229,-0.4245314300060272,-2.1801164150238037
1701288899.174578,-0.05286411941051483,-0.4240904152393341,-2.180589437484741
1701288899.2175288,-0.05377854406833649,-0.4242554306983948,-2.1802051067352295
1701288899.257078,-0.05405157059431076,-0.4251033663749695,-2.180206060409546
1701288899.2991333,-0.05574500933289528,-0.4252909719944,-2.179164409637451
1701288899.340709,-0.055371031165122986,-0.42540431022644043,-2.1799726486206055
1701288899.384314,-0.05459785461425781,-0.4251222610473633,-2.1796321868896484
1701288899.4244113,-0.05330749228596687,-0.4245527386665344,-2.17875075340271
1701288899.467797,-0.051200125366449356,-0.4267403781414032,-2.180105209350586
1701288899.509857,-0.049027327448129654,-0.42809829115867615,-2.181408166885376
1701288899.5539718,-0.047471437603235245,-0.4294561445713043,-2.181898355484009
1701288899.5950263,-0.0440208800137043,-0.432384192943573,-2.1836886405944824
1701288899.6368737,-0.043356191366910934,-0.4331662654876709,-2.1828560829162598
1701288899.67645,-0.04237281531095505,-0.4340125322341919,-2.1828649044036865
1701288899.7195423,-0.04160894453525543,-0.4343690276145935,-2.1824519634246826
1701288899.7591543,-0.04073289409279823,-0.43436065316200256,-2.1817262172698975
1701288899.8037903,-0.03959967568516731,-0.4342021644115448,-2.180063247680664
1701288899.8427978,-0.040207166224718094,-0.4327356815338135,-2.178725481033325
1701288899.8864026,-0.04170626029372215,-0.4312168061733246,-2.17887806892395
1701288899.9264584,-0.042155347764492035,-0.430497944355011,-2.179434061050415
1701288899.9700472,-0.043867699801921844,-0.43019071221351624,-2.180640459060669
1701288900.0111363,-0.04562710225582123,-0.4296584725379944,-2.1809232234954834
1701288900.0542488,-0.04707523435354233,-0.42871639132499695,-2.181955099105835
1701288900.0953126,-0.04849040135741234,-0.4273054301738739,-2.183051109313965
1701288900.1278443,-0.04975321516394615,-0.42598575353622437,-2.1846861839294434
1701288900.159974,-0.05057453364133835,-0.4253960847854614,-2.185824155807495
1701288900.1895127,-0.0512845516204834,-0.4250398278236389,-2.185711145401001
1701288900.2198164,-0.05203549563884735,-0.425322949886322,-2.1853485107421875
1701288900.2489061,-0.052289772778749466,-0.42624589800834656,-2.1853134632110596
1701288900.2794461,-0.05207078158855438,-0.42694801092147827,-2.1869661808013916
1701288900.307974,-0.051828812807798386,-0.4271286725997925,-2.1869192123413086
1701288900.338502,-0.051078177988529205,-0.4274422526359558,-2.187258005142212
1701288900.367551,-0.05008718743920326,-0.42731910943984985,-2.187905788421631
1701288900.39808,-0.04944414645433426,-0.4267756938934326,-2.188279867172241
1701288900.4296498,-0.0487469844520092,-0.4260196387767792,-2.188164472579956
1701288900.463731,-0.04821611940860748,-0.42545410990715027,-2.1888391971588135
1701288900.4957848,-0.04787660390138626,-0.4246872663497925,-2.189875841140747
1701288900.5293307,-0.047750718891620636,-0.4236423075199127,-2.1909563541412354
1701288900.5639079,-0.047402143478393555,-0.4228847324848175,-2.1916656494140625
1701288900.5974483,-0.046919409185647964,-0.42241770029067993,-2.1923491954803467
1701288900.6289847,-0.04622131586074829,-0.4223744571208954,-2.192817449569702
1701288900.6621444,-0.045415736734867096,-0.4225631654262543,-2.19321346282959
1701288900.6977918,-0.04509047046303749,-0.4227848947048187,-2.193153142929077
1701288900.7293417,-0.04536037519574165,-0.4226582646369934,-2.1924588680267334
1701288900.7633789,-0.04569489136338234,-0.42235976457595825,-2.1917505264282227
1701288900.797451,-0.046125661581754684,-0.4220168888568878,-2.190368175506592
1701288900.8300054,-0.04595807194709778,-0.42194271087646484,-2.1901206970214844
1701288900.8621645,-0.046020012348890305,-0.422201931476593,-2.1898186206817627
1701288900.8982477,-0.04632740840315819,-0.42259714007377625,-2.189892530441284
1701288900.9318063,-0.04601811245083809,-0.4233320355415344,-2.1894783973693848
1701288900.9648962,-0.045929841697216034,-0.4232023060321808,-2.188173770904541
1701288900.9984376,-0.0460175983607769,-0.42350444197654724,-2.1868748664855957
1701288901.0309935,-0.04626220837235451,-0.42382365465164185,-2.185969114303589
1701288901.0635545,-0.04633861035108566,-0.4240872859954834,-2.185661792755127
1701288901.1001048,-0.04650430753827095,-0.42465558648109436,-2.1851253509521484
1701288901.130664,-0.04691368341445923,-0.4244304299354553,-2.1842472553253174
1701288901.1627595,-0.04765797406435013,-0.42401936650276184,-2.182908773422241
1701288901.1968157,-0.048279114067554474,-0.42394551634788513,-2.181739330291748
1701288901.2303665,-0.0483979694545269,-0.4241226613521576,-2.1812844276428223
1701288901.265483,-0.048752445727586746,-0.423685222864151,-2.1805996894836426
1701288901.2990272,-0.04876789078116417,-0.4227598309516907,-2.18033766746521
1701288901.3315485,-0.048827581107616425,-0.421744167804718,-2.1789979934692383
1701288901.3646257,-0.04897458851337433,-0.4212736487388611,-2.1784422397613525
1701288901.3971493,-0.04925401508808136,-0.4205593466758728,-2.177480459213257
1701288901.4328623,-0.049540095031261444,-0.420595645904541,-2.1772565841674805
1701288914.815826,-0.08246944099664688,-0.24583862721920013,-2.149047374725342
1701288914.8892806,-0.08301883190870285,-0.24471387267112732,-2.16099214553833
1701288914.94444,-0.05061517283320427,-0.4402563273906708,-2.345864772796631
1701288915.005889,-0.051731329411268234,-0.438565194606781,-2.3454246520996094
1701288915.0612297,-0.05423516035079956,-0.4380131661891937,-2.3454015254974365
1701288915.1359003,-0.054518923163414,-0.43734681606292725,-2.3462204933166504
1701288915.1775823,-0.054387662559747696,-0.43757495284080505,-2.346846342086792
1701288915.2226958,-0.053587138652801514,-0.4384869337081909,-2.3479905128479004
1701288915.2682164,-0.05317280441522598,-0.43889471888542175,-2.348897695541382
1701288915.3137972,-0.05246824026107788,-0.4390370845794678,-2.349543809890747
1701288915.355955,-0.05292527750134468,-0.43967464566230774,-2.3506622314453125
1701288915.3990402,-0.05360669642686844,-0.44053828716278076,-2.3517472743988037
1701288915.446557,-0.05371186137199402,-0.44113457202911377,-2.352674722671509
1701288915.4916272,-0.054109662771224976,-0.44153133034706116,-2.3536884784698486
1701288915.5358222,-0.054622385650873184,-0.44171032309532166,-2.3546223640441895
1701288915.577014,-0.05489534139633179,-0.4415649175643921,-2.3565914630889893
1701288915.6197276,-0.05522962659597397,-0.44170841574668884,-2.3583245277404785
1701288915.6634479,-0.05399530008435249,-0.4415282607078552,-2.3575170040130615
1701288915.7065182,-0.05309641361236572,-0.44115757942199707,-2.357028007507324
1701288915.751584,-0.051875628530979156,-0.4409714639186859,-2.355626106262207
1701288915.7936263,-0.05018752068281174,-0.4413604438304901,-2.354661464691162
1701288915.8352149,-0.050261881202459335,-0.4416659474372864,-2.35439395904541
1701288915.8765244,-0.05006857216358185,-0.4415280818939209,-2.353785753250122
1701288915.9196525,-0.04958503320813179,-0.4411165714263916,-2.352735996246338
1701288915.96032,-0.05054081976413727,-0.4405975043773651,-2.352370023727417
1701288916.0024247,-0.05200449004769325,-0.4398786723613739,-2.3522891998291016
1701288916.045025,-0.05365828424692154,-0.4391311705112457,-2.3522555828094482
1701288916.0897756,-0.05478047579526901,-0.4389082193374634,-2.351736068725586
1701288916.1343415,-0.055506426841020584,-0.43946027755737305,-2.3516969680786133
1701288916.1749694,-0.056693438440561295,-0.4400278925895691,-2.352168083190918
1701288916.2190423,-0.056832510977983475,-0.4403879940509796,-2.3535263538360596
1701288916.259081,-0.0578874871134758,-0.44001805782318115,-2.3536643981933594
1701288916.3036616,-0.058332547545433044,-0.43949010968208313,-2.3535726070404053
1701288916.3467236,-0.058713145554065704,-0.43990153074264526,-2.3544681072235107
1701288916.3897738,-0.06001652404665947,-0.44120660424232483,-2.3581595420837402
1701288916.4328523,-0.06167839467525482,-0.4415202736854553,-2.3583786487579346
1701288916.4955094,-0.06330873817205429,-0.4416097104549408,-2.3575456142425537
1701288916.5375898,-0.06375599652528763,-0.4403420090675354,-2.357085943222046
1701288916.578153,-0.06414416432380676,-0.4395377039909363,-2.357435703277588
1701288916.6192534,-0.0637471079826355,-0.43893635272979736,-2.35921311378479
1701288916.6598127,-0.06335477530956268,-0.43940049409866333,-2.3638229370117188
1701288916.7018785,-0.06343258172273636,-0.440051794052124,-2.3673739433288574
1701288916.7420254,-0.06322118639945984,-0.4403883218765259,-2.368412971496582
1701288916.784148,-0.06272196024656296,-0.44031742215156555,-2.368577003479004
1701288916.8228068,-0.060992106795310974,-0.4404551088809967,-2.369368553161621
1701288916.8678882,-0.061221644282341,-0.439913272857666,-2.368427276611328
1701288916.9100049,-0.06438063085079193,-0.43890276551246643,-2.365433931350708
1701288916.952071,-0.06718921661376953,-0.4383787214756012,-2.3621180057525635
1701288916.9916131,-0.0718078762292862,-0.4373506009578705,-2.3589229583740234
1701288917.033746,-0.0736999586224556,-0.43682748079299927,-2.357372522354126
1701288917.0738657,-0.07407710701227188,-0.4367792308330536,-2.3570353984832764
1701288917.1160088,-0.07388993352651596,-0.436612069606781,-2.3552982807159424
1701288917.1560853,-0.072820283472538,-0.43693411350250244,-2.3544487953186035
1701288917.1976566,-0.07284779101610184,-0.43681517243385315,-2.352022409439087
1701288917.2417912,-0.0708051547408104,-0.43621575832366943,-2.352344036102295
1701288917.2839787,-0.06802903115749359,-0.4361880123615265,-2.3530750274658203
1701288917.325938,-0.06412914395332336,-0.43645018339157104,-2.3526904582977295
1701288917.367538,-0.062131643295288086,-0.4378198981285095,-2.3549492359161377
1701288917.4076207,-0.061564940959215164,-0.43913957476615906,-2.3575966358184814
1701288917.4496856,-0.06265466660261154,-0.4401809275150299,-2.3613576889038086
1701288917.4902527,-0.06458846479654312,-0.4411425292491913,-2.3640434741973877
1701288917.5228338,-0.06774303317070007,-0.4414491355419159,-2.3651137351989746
1701288917.5523782,-0.07073672115802765,-0.4420276880264282,-2.365262508392334
1701288917.5824487,-0.07749335467815399,-0.35902515053749084,-2.2310261726379395
1701288917.611787,-0.0865081325173378,-0.25734618306159973,-2.171501398086548
1701288917.642354,-0.0917365550994873,-0.177686870098114,-2.155184268951416
1701288917.6749423,-0.09400690346956253,-0.12632499635219574,-2.155320167541504
1701288917.7044687,-0.09719853848218918,-0.0978042408823967,-2.157710313796997
1701288917.733505,-0.10102928429841995,-0.08297814428806305,-2.1564602851867676
1701288917.7641237,-0.10640772432088852,-0.07899512350559235,-2.149789810180664
1701288917.7921426,-0.1123196929693222,-0.08235374093055725,-2.1429362297058105
1701288917.8216758,-0.11597494781017303,-0.08989450335502625,-2.135603666305542
1701288917.8567538,-0.1156756803393364,-0.0986911803483963,-2.129251718521118
1701288917.8888419,-0.1114281564950943,-0.10907916724681854,-2.1249945163726807
1701288917.9239185,-0.10497673600912094,-0.12141330540180206,-2.1217620372772217
1701288917.9574406,-0.09894277155399323,-0.13417978584766388,-2.121796131134033
1701288917.989498,-0.09271015226840973,-0.14822717010974884,-2.1230669021606445
1701288918.023633,-0.08699837327003479,-0.15949390828609467,-2.1235713958740234
1701288918.0566669,-0.08249181509017944,-0.16730104386806488,-2.125514030456543
1701288918.0897553,-0.08101464807987213,-0.17152445018291473,-2.1288034915924072
1701288918.122285,-0.08181477338075638,-0.17281532287597656,-2.13309383392334
1701288918.1550777,-0.0839785635471344,-0.17208462953567505,-2.137223958969116
1701288918.1901252,-0.08649559319019318,-0.17109158635139465,-2.1400833129882812
1701288918.22617,-0.0892835259437561,-0.16988661885261536,-2.141646146774292
1701288918.2576869,-0.09245351701974869,-0.16882142424583435,-2.143010377883911
1701288918.29006,-0.09519213438034058,-0.16769695281982422,-2.1430370807647705
1701288918.3248928,-0.09717698395252228,-0.1648402363061905,-2.1424081325531006
1701288918.359544,-0.09819622337818146,-0.16110259294509888,-2.142841100692749
1701288918.3926506,-0.0988326370716095,-0.1572989672422409,-2.1447315216064453
1701288918.4242775,-0.09907078742980957,-0.15403832495212555,-2.147259473800659
1701288918.4584324,-0.09913964569568634,-0.14980921149253845,-2.149178981781006
1701288918.4919558,-0.09923793375492096,-0.1459866166114807,-2.149139642715454
1701288918.5246787,-0.10072393715381622,-0.14306560158729553,-2.1482012271881104
1701288918.5587637,-0.1026773750782013,-0.14145612716674805,-2.1475303173065186
1701288918.5938733,-0.10284453630447388,-0.1407213807106018,-2.146986722946167
1701288918.6255357,-0.10344565659761429,-0.14017049968242645,-2.1461970806121826
1701288918.6586704,-0.10412915796041489,-0.13988836109638214,-2.145228147506714
1701288918.6929157,-0.10398434102535248,-0.13862164318561554,-2.1442155838012695
1701288918.7256045,-0.10360074043273926,-0.13593299686908722,-2.1438374519348145
1701288918.7590241,-0.10369693487882614,-0.13197331130504608,-2.142347812652588
1701288918.7925866,-0.10352296382188797,-0.12835252285003662,-2.14113712310791
1701288918.825686,-0.10321271419525146,-0.12571506202220917,-2.1402013301849365
1701288918.8589149,-0.10226935893297195,-0.1240641176700592,-2.1400208473205566
1701288918.8928843,-0.1015322133898735,-0.12340497225522995,-2.1402997970581055
1701288918.926727,-0.1015167236328125,-0.12280315905809402,-2.1406564712524414
1701288918.9583616,-0.10300903022289276,-0.11968661844730377,-2.1409106254577637
1701288918.9919713,-0.10476166009902954,-0.11672967672348022,-2.141180992126465
1701288919.0262842,-0.10714341700077057,-0.11423037946224213,-2.1412806510925293
1701288919.0625303,-0.11058776080608368,-0.11070133745670319,-2.1420211791992188
1701288919.0920267,-0.11374366283416748,-0.10681874305009842,-2.1430349349975586
1701288919.128858,-0.11662419885396957,-0.10330807417631149,-2.143806219100952
1701288919.1594121,-0.11840089410543442,-0.10212849080562592,-2.144237995147705
1701288919.1936507,-0.11926562339067459,-0.10201652348041534,-2.144289016723633
1701288919.2265303,-0.11952514946460724,-0.10208836942911148,-2.1438310146331787
1701288919.2628531,-0.11787014454603195,-0.10412166267633438,-2.1418166160583496
1701288919.2950184,-0.1153828352689743,-0.10607712715864182,-2.1393332481384277
1701288919.3325458,-0.11469541490077972,-0.1097913458943367,-2.1371829509735107
1701288919.3636637,-0.11309624463319778,-0.11303822696208954,-2.134382963180542
1701288919.3971035,-0.10402736812829971,-0.13047818839550018,-2.1268575191497803
1701288919.4296274,-0.0971883162856102,-0.1454440802335739,-2.120673179626465
1701288919.4620252,-0.09222231805324554,-0.15457135438919067,-2.1155285835266113
1701288919.4970515,-0.08878521621227264,-0.16003385186195374,-2.1106927394866943
1701288919.5290878,-0.08624392002820969,-0.16282939910888672,-2.1062843799591064
1701288919.5648053,-0.08418058604001999,-0.16375423967838287,-2.102789878845215
1701288919.5965083,-0.08448801934719086,-0.16402392089366913,-2.1021904945373535
1701288919.628901,-0.08420979231595993,-0.16361145675182343,-2.101503610610962
1701288919.6709452,-0.08370433747768402,-0.16108764708042145,-2.101942300796509
1701288919.7004702,-0.08338498324155807,-0.15975230932235718,-2.1037163734436035
1701288919.730527,-0.08528272062540054,-0.15764747560024261,-2.1063215732574463
1701288919.7649107,-0.08854072540998459,-0.15563271939754486,-2.1107707023620605
1701288919.7974997,-0.09067215025424957,-0.15436024963855743,-2.116516351699829
1701288919.8304513,-0.0921083390712738,-0.1554262936115265,-2.122012138366699
1701288919.8645387,-0.09352435171604156,-0.15811149775981903,-2.12558650970459
1701288919.8994153,-0.09465695917606354,-0.16112357378005981,-2.1282811164855957
1701288919.9325414,-0.09567369520664215,-0.16416676342487335,-2.130789041519165
1701288919.96689,-0.09672915935516357,-0.16633641719818115,-2.132349729537964
A coordinates: -0.15666828 0.1550409
B coordinates: -0.39467615 -0.16238447
