1700070735.7658534,0.4756174087524414,-0.19819608330726624,-2.0811479091644287
1700070735.848138,0.47500625252723694,-0.19161173701286316,-2.0819644927978516
1700070735.9581828,0.48011863231658936,-0.18322375416755676,-2.0837693214416504
1700070736.0371373,0.48411762714385986,-0.18114353716373444,-2.098841667175293
1700070736.0659804,0.4858364760875702,-0.18331846594810486,-2.105886697769165
1700070736.1019437,0.49041563272476196,-0.18547049164772034,-2.100931167602539
1700070736.133743,0.49421849846839905,-0.1884690672159195,-2.0971627235412598
1700070736.1673112,0.4974987506866455,-0.19051027297973633,-2.0946030616760254
1700070736.2011912,0.49984464049339294,-0.1922617107629776,-2.0921945571899414
1700070736.232463,0.5014429688453674,-0.19370052218437195,-2.0894722938537598
1700070736.2672534,0.5022585988044739,-0.19517211616039276,-2.0867092609405518
1700070736.3017952,0.5027275681495667,-0.1959185004234314,-2.078666925430298
1700070736.3339572,0.49970802664756775,-0.19627957046031952,-2.066046714782715
1700070736.3657408,0.49671998620033264,-0.19726695120334625,-2.0548524856567383
1700070736.401273,0.4939687252044678,-0.19860439002513885,-2.0464203357696533
1700070736.4384823,0.4919894337654114,-0.19884762167930603,-2.0407650470733643
1700070736.4780703,0.49055802822113037,-0.19817179441452026,-2.037567615509033
1700070736.509787,0.4898955821990967,-0.19698332250118256,-2.0373127460479736
1700070736.5383327,0.4897090494632721,-0.19519339501857758,-2.0393660068511963
1700070736.5674107,0.48941028118133545,-0.1937241405248642,-2.0428755283355713
1700070736.6011531,0.4890004098415375,-0.19218148291110992,-2.0474939346313477
1700070736.644969,0.4888468384742737,-0.1910737305879593,-2.0525169372558594
1700070736.6736877,0.4887761175632477,-0.18965531885623932,-2.0565195083618164
1700070736.7020166,0.48811203241348267,-0.18957434594631195,-2.0587542057037354
1700070736.7328308,0.48676541447639465,-0.18813611567020416,-2.0572493076324463
1700070736.770154,0.48542776703834534,-0.18807001411914825,-2.0541532039642334
1700070736.8017044,0.4843844473361969,-0.18898876011371613,-2.0515191555023193
1700070736.8357954,0.4842161536216736,-0.18978779017925262,-2.050381660461426
1700070736.870095,0.48417896032333374,-0.19181014597415924,-2.049830913543701
1700070736.9012995,0.48459428548812866,-0.19374516606330872,-2.0501887798309326
1700070736.9359334,0.48519569635391235,-0.19539666175842285,-2.0510060787200928
1700070736.9713163,0.48601579666137695,-0.19665664434432983,-2.0519280433654785
1700070737.001866,0.48697248101234436,-0.19763538241386414,-2.0528790950775146
1700070737.037763,0.4879484474658966,-0.1983860284090042,-2.053530693054199
1700070737.0688214,0.489204078912735,-0.1987258642911911,-2.0542144775390625
1700070737.104464,0.4901559352874756,-0.19897246360778809,-2.0548770427703857
1700070737.1357155,0.4909839928150177,-0.19900654256343842,-2.055513381958008
1700070737.1707222,0.4915955662727356,-0.19878588616847992,-2.0563409328460693
1700070737.2034457,0.4920549690723419,-0.19807900488376617,-2.057436227798462
1700070737.2360678,0.4924160838127136,-0.19797183573246002,-2.0587799549102783
1700070737.2700922,0.49257782101631165,-0.19749188423156738,-2.0598812103271484
1700070737.302808,0.4924011826515198,-0.19699670374393463,-2.060708522796631
1700070737.3382082,0.4915887415409088,-0.19638583064079285,-2.060455799102783
1700070737.3704126,0.49044257402420044,-0.19549810886383057,-2.059725522994995
1700070737.4049852,0.48875153064727783,-0.19436605274677277,-2.0581533908843994
1700070737.4360676,0.4868661165237427,-0.1934884637594223,-2.056225538253784
1700070737.4728029,0.48484358191490173,-0.1929008662700653,-2.0533928871154785
1700070737.5035758,0.483035683631897,-0.19242233037948608,-2.0505619049072266
1700070737.5374143,0.4817394018173218,-0.19211488962173462,-2.0483109951019287
1700070737.570611,0.48090633749961853,-0.19202908873558044,-2.0463409423828125
1700070737.6043088,0.4804750978946686,-0.1924760490655899,-2.0448577404022217
1700070737.6380894,0.4802128076553345,-0.19298332929611206,-2.044464588165283
1700070737.6712983,0.48010143637657166,-0.19347545504570007,-2.043973684310913
1700070737.706376,0.4798731207847595,-0.19371730089187622,-2.0428826808929443
1700070737.73702,0.47990211844444275,-0.19312921166419983,-2.0424346923828125
1700070737.771997,0.4798882305622101,-0.19193068146705627,-2.042391300201416
1700070737.8061583,0.4794595539569855,-0.1909436583518982,-2.042553186416626
1700070737.8418758,0.4789487421512604,-0.19041495025157928,-2.042311191558838
1700070737.8732457,0.4784124195575714,-0.1900729238986969,-2.0413143634796143
1700070737.9083965,0.47801893949508667,-0.19052770733833313,-2.040649175643921
1700070737.9400241,0.47822362184524536,-0.19063051044940948,-2.0411832332611084
1700070737.9743724,0.47885262966156006,-0.19038349390029907,-2.0427894592285156
1700070738.0075426,0.4794776141643524,-0.19017717242240906,-2.044741630554199
1700070738.0402954,0.48096364736557007,-0.18932676315307617,-2.048504114151001
1700070738.0739415,0.4825582206249237,-0.18861466646194458,-2.053055763244629
1700070738.1081052,0.48372772336006165,-0.18838927149772644,-2.0571024417877197
1700070738.1407456,0.48456594347953796,-0.18935589492321014,-2.061061382293701
1700070738.174965,0.48521965742111206,-0.19016137719154358,-2.0640859603881836
1700070738.2081175,0.4858899712562561,-0.19086110591888428,-2.0657994747161865
1700070738.244263,0.4868450462818146,-0.1914568543434143,-2.0671560764312744
1700070738.2784686,0.48751893639564514,-0.19197428226470947,-2.0682482719421387
1700070738.3100853,0.48789557814598083,-0.19221797585487366,-2.068147659301758
1700070738.3417048,0.48805665969848633,-0.19206513464450836,-2.0671639442443848
1700070738.3763602,0.48779746890068054,-0.1917538195848465,-2.064427137374878
1700070738.408003,0.48734453320503235,-0.19154664874076843,-2.0613465309143066
1700070738.444414,0.48668172955513,-0.19141057133674622,-2.05838680267334
1700070738.4785845,0.48636484146118164,-0.19164524972438812,-2.05631160736084
1700070738.5088658,0.48644405603408813,-0.1918472945690155,-2.055908679962158
1700070738.5416036,0.48694276809692383,-0.1919270008802414,-2.056544303894043
1700070738.577774,0.4875445067882538,-0.19211065769195557,-2.058459997177124
1700070738.6096203,0.48851001262664795,-0.19194355607032776,-2.0613367557525635
1700070738.6423829,0.489671915769577,-0.19219228625297546,-2.0649161338806152
1700070738.6780822,0.4908300042152405,-0.19227859377861023,-2.0689899921417236
1700070738.711643,0.4917546510696411,-0.19227467477321625,-2.0725901126861572
1700070738.743936,0.4923301637172699,-0.19258825480937958,-2.0753090381622314
1700070738.7776146,0.4922916889190674,-0.19317294657230377,-2.0761587619781494
1700070738.8103137,0.49207788705825806,-0.19318026304244995,-2.076310873031616
1700070738.8459735,0.49172836542129517,-0.19251741468906403,-2.075235605239868
1700070738.8776276,0.4911978542804718,-0.19176360964775085,-2.073615074157715
1700070738.911211,0.4907045364379883,-0.19132347404956818,-2.0716447830200195
1700070738.9465063,0.490783154964447,-0.1905677318572998,-2.0711023807525635
1700070738.9781518,0.4911313056945801,-0.1905040740966797,-2.0710041522979736
1700070739.0117307,0.49191519618034363,-0.19084620475769043,-2.072571039199829
1700070739.046539,0.49285784363746643,-0.19116318225860596,-2.0758118629455566
1700070739.077153,0.4943435490131378,-0.19062793254852295,-2.0798301696777344
1700070739.11164,0.4955199062824249,-0.19009627401828766,-2.08321475982666
1700070739.1457329,0.4963906705379486,-0.1898999810218811,-2.085952043533325
1700070739.1793776,0.4967876970767975,-0.19000022113323212,-2.0880277156829834
1700070739.2109904,0.4971114993095398,-0.1904231756925583,-2.0900163650512695
1700070739.2478187,0.49762827157974243,-0.19082440435886383,-2.091850519180298
1700070739.2804322,0.49853914976119995,-0.1908562183380127,-2.09425687789917
1700070739.3140335,0.4994918406009674,-0.19086919724941254,-2.096381425857544
1700070739.3458703,0.500187873840332,-0.19088703393936157,-2.0978405475616455
1700070739.3798897,0.5006933808326721,-0.1905583143234253,-2.098435163497925
1700070739.414069,0.5011751651763916,-0.1896229088306427,-2.099062204360962
1700070739.447822,0.5012162327766418,-0.18913576006889343,-2.0999293327331543
1700070739.4824548,0.5010710954666138,-0.18881429731845856,-2.100292921066284
1700070739.5140886,0.500958263874054,-0.18809986114501953,-2.0998916625976562
1700070739.5477946,0.5005393028259277,-0.18813304603099823,-2.098459482192993
1700070739.580403,0.4999862015247345,-0.18818235397338867,-2.096925735473633
1700070739.6150362,0.4995534121990204,-0.18776163458824158,-2.0957281589508057
1700070739.6467674,0.49924981594085693,-0.18736231327056885,-2.0947606563568115
1700070739.6803968,0.4989769756793976,-0.18753325939178467,-2.0943331718444824
1700070739.7160103,0.4985997676849365,-0.18845580518245697,-2.09407901763916
1700070739.7486866,0.49856066703796387,-0.18981370329856873,-2.0937540531158447
1700070739.7819872,0.49880459904670715,-0.19057920575141907,-2.093574285507202
1700070739.8160758,0.49939456582069397,-0.19062060117721558,-2.0941202640533447
1700070739.849713,0.5003048777580261,-0.18965409696102142,-2.095985174179077
1700070739.8833334,0.5014493465423584,-0.1882200837135315,-2.0990917682647705
1700070739.9159632,0.5027248859405518,-0.1869502067565918,-2.1035211086273193
1700070739.9497223,0.5036817789077759,-0.18625491857528687,-2.1087167263031006
1700070739.9813228,0.5043212175369263,-0.1861814707517624,-2.113191604614258
1700070740.015951,0.505065381526947,-0.18686147034168243,-2.116529941558838
1700070740.04972,0.5061333179473877,-0.18758940696716309,-2.1193690299987793
1700070740.084334,0.5070341229438782,-0.18844172358512878,-2.1211016178131104
1700070740.117503,0.5077303051948547,-0.18884068727493286,-2.1229093074798584
1700070740.1506631,0.5079991817474365,-0.18927209079265594,-2.124054193496704
1700070740.1833074,0.5084078907966614,-0.18932896852493286,-2.1241931915283203
1700070740.2174835,0.5083786845207214,-0.1898481845855713,-2.1233274936676025
1700070740.2506928,0.5080773234367371,-0.1908448338508606,-2.1213276386260986
1700070740.2843187,0.5076577067375183,-0.19152551889419556,-2.1178524494171143
1700070740.3199844,0.5072354674339294,-0.1917874664068222,-2.113581657409668
1700070740.3521378,0.5045956373214722,-0.19154667854309082,-2.1080706119537354
1700070740.3827522,0.5022082328796387,-0.19161616265773773,-2.102904796600342
1700070740.4177554,0.5002651810646057,-0.19160860776901245,-2.098937511444092
1700070740.4521327,0.4987400770187378,-0.19199155271053314,-2.0963761806488037
1700070740.4857662,0.4976515769958496,-0.19266453385353088,-2.0948352813720703
1700070740.5189269,0.49765923619270325,-0.19252565503120422,-2.0953335762023926
1700070740.5530548,0.49805980920791626,-0.19136841595172882,-2.0976150035858154
1700070740.5856774,0.49848291277885437,-0.1898072361946106,-2.100560188293457
1700070740.6178172,0.49881571531295776,-0.18847884237766266,-2.103281259536743
1700070740.6509545,0.4988386332988739,-0.18857476115226746,-2.105891704559326
1700070740.6861084,0.4989696145057678,-0.18825089931488037,-2.108203172683716
1700070740.7197447,0.49904292821884155,-0.18830424547195435,-2.1099941730499268
1700070740.7528841,0.49917325377464294,-0.18872039020061493,-2.110548734664917
1700070740.7869103,0.49936121702194214,-0.18938787281513214,-2.110788106918335
1700070740.8230264,0.4994678497314453,-0.1899513453245163,-2.110069513320923
1700070745.5430486,-0.0679800733923912,0.43709102272987366,-2.100865125656128
1700070745.6149087,-0.06176338344812393,0.44574177265167236,-2.111537456512451
1700070745.6726992,-0.07546606659889221,0.3745480179786682,-2.0266189575195312
1700070745.7340605,-0.06442379206418991,0.3698168396949768,-2.0101072788238525
1700070745.7950072,-0.06712989509105682,0.3723554313182831,-2.018132209777832
1700070745.85965,-0.06956076622009277,0.372974693775177,-2.022730827331543
1700070745.9241054,-0.06793215870857239,0.37262752652168274,-2.0254945755004883
1700070745.9891174,-0.0659228265285492,0.37100791931152344,-2.02679181098938
1700070746.0471778,-0.06549936532974243,0.3719959259033203,-2.0304033756256104
1700070746.0887468,-0.06592997163534164,0.37257590889930725,-2.032607316970825
1700070746.1308837,-0.0644933432340622,0.3718200623989105,-2.0321879386901855
1700070746.1760077,-0.06356856971979141,0.3718673586845398,-2.0322365760803223
1700070746.2170765,-0.06123267859220505,0.37106430530548096,-2.027879238128662
1700070746.2603934,-0.060507360845804214,0.3689470589160919,-2.0271129608154297
1700070746.3020916,-0.060035400092601776,0.367522269487381,-2.0260138511657715
1700070746.3441029,-0.058535777032375336,0.3661372661590576,-2.025078773498535
1700070746.3866403,-0.05803621560335159,0.3660610616207123,-2.0241851806640625
1700070746.4282672,-0.056608375161886215,0.3664678931236267,-2.0215280055999756
1700070746.4692986,-0.05519484728574753,0.3671441078186035,-2.018496513366699
1700070746.511904,-0.05503226816654205,0.3691524565219879,-2.019002914428711
1700070746.5534644,-0.057733576744794846,0.3710632622241974,-2.0236105918884277
1700070746.5925512,-0.06148279458284378,0.37303823232650757,-2.0292956829071045
1700070746.6335971,-0.06464384496212006,0.3747673034667969,-2.034728527069092
1700070746.6766098,-0.07088947296142578,0.3620411455631256,-2.0357697010040283
1700070746.718223,-0.07253438234329224,0.3641745448112488,-2.036638021469116
1700070746.7587996,-0.07478253543376923,0.36666834354400635,-2.037949800491333
1700070746.8021097,-0.07367467880249023,0.36774495244026184,-2.0334064960479736
1700070746.844174,-0.06987343728542328,0.3678128719329834,-2.0267958641052246
1700070746.8871486,-0.06691612303256989,0.3692868947982788,-2.023341417312622
1700070746.928732,-0.0655815452337265,0.3709244132041931,-2.0224413871765137
1700070746.9708376,-0.0655883252620697,0.3725360631942749,-2.023404836654663
1700070747.0138798,-0.06479102373123169,0.3726268708705902,-2.022414445877075
1700070747.0440712,-0.06449752300977707,0.37299394607543945,-2.0224289894104004
1700070747.0721018,-0.06435716152191162,0.3739435076713562,-2.023038387298584
1700070747.1066098,-0.06432856619358063,0.3751065135002136,-2.0242176055908203
1700070747.13916,-0.0639650821685791,0.3755735456943512,-2.0245869159698486
1700070747.1727912,-0.06387868523597717,0.37627384066581726,-2.0254745483398438
1700070747.2066073,-0.06519042700529099,0.37739700078964233,-2.027411937713623
1700070747.2396657,-0.06553814560174942,0.3772437870502472,-2.027769088745117
1700070747.2736845,-0.06372757256031036,0.3752687871456146,-2.0246920585632324
1700070747.3067489,-0.06062925234436989,0.37338730692863464,-2.019944429397583
1700070747.3422124,-0.05737520009279251,0.371389776468277,-2.0151476860046387
1700070747.3757935,-0.05472320318222046,0.37003302574157715,-2.0113022327423096
1700070747.4069037,-0.05406734719872475,0.36966583132743835,-2.010650157928467
1700070747.4414506,-0.05580657348036766,0.37065497040748596,-2.013607978820801
1700070747.4740922,-0.058366063982248306,0.37155914306640625,-2.01806378364563
1700070747.5071225,-0.061584312468767166,0.37270498275756836,-2.023207187652588
1700070747.5416355,-0.06424759328365326,0.37153586745262146,-2.0274174213409424
1700070747.5756836,-0.06528697907924652,0.37008553743362427,-2.0293867588043213
1700070747.6072254,-0.06609638035297394,0.3690689504146576,-2.030933141708374
1700070747.6417482,-0.06693938374519348,0.36880525946617126,-2.0324416160583496
1700070747.6782994,-0.0662267804145813,0.3691372871398926,-2.032008171081543
1700070747.7088528,-0.06534033268690109,0.3696179687976837,-2.0306758880615234
1700070747.7399056,-0.06501956284046173,0.3707764446735382,-2.0297365188598633
1700070747.7730103,-0.06369657069444656,0.37161582708358765,-2.0272607803344727
1700070747.8080697,-0.063622385263443,0.37280863523483276,-2.0267767906188965
1700070747.843608,-0.06244561821222305,0.3729742467403412,-2.02443528175354
1700070747.8741024,-0.061994943767786026,0.37254494428634644,-2.023530960083008
1700070747.908612,-0.0614456944167614,0.37270668148994446,-2.0231564044952393
1700070747.9416356,-0.06201956793665886,0.37306439876556396,-2.024348258972168
1700070747.9770281,-0.06319333612918854,0.3736593723297119,-2.0268406867980957
1700070748.0097404,-0.06491278111934662,0.37404948472976685,-2.0298893451690674
1700070748.0432615,-0.06532620638608932,0.37393954396247864,-2.0320205688476562
1700070748.0768182,-0.06540379673242569,0.3733302652835846,-2.0326247215270996
1700070748.1103644,-0.06526178121566772,0.3726920187473297,-2.0324642658233643
1700070748.1448915,-0.06565175950527191,0.37260082364082336,-2.032773017883301
1700070748.177946,-0.0646340623497963,0.3728671073913574,-2.0311524868011475
1700070748.2094965,-0.06306125223636627,0.37365949153900146,-2.0278029441833496
1700070748.2430513,-0.06179582700133324,0.37384161353111267,-2.0251405239105225
1700070748.2771828,-0.0626247376203537,0.3745819926261902,-2.0264177322387695
1700070748.3117123,-0.06410153210163116,0.37609583139419556,-2.029796600341797
1700070748.343101,-0.06499111652374268,0.3766883611679077,-2.0317440032958984
1700070748.377132,-0.06430895626544952,0.37624505162239075,-2.03100323677063
1700070748.4113388,-0.06246761232614517,0.3742471933364868,-2.0289456844329834
1700070748.4429,-0.06199127808213234,0.37336456775665283,-2.0285017490386963
1700070748.4780269,-0.06155803054571152,0.372832328081131,-2.0266003608703613
1700070748.5095644,-0.06216077506542206,0.3730141520500183,-2.025967597961426
1700070748.544125,-0.06339182704687119,0.3742680251598358,-2.027127265930176
1700070748.5768933,-0.06449045240879059,0.37527960538864136,-2.027968645095825
1700070748.611461,-0.06586086750030518,0.3765223026275635,-2.0300395488739014
1700070748.6430175,-0.06658519804477692,0.37613534927368164,-2.030465841293335
1700070748.6787393,-0.06804849952459335,0.3762708604335785,-2.031440258026123
1700070748.7108538,-0.06934032589197159,0.3759121596813202,-2.032494068145752
1700070748.743993,-0.069625124335289,0.37588533759117126,-2.0326831340789795
1700070748.7786472,-0.06899359077215195,0.37527117133140564,-2.031881093978882
1700070748.8118534,-0.0683138370513916,0.3752081096172333,-2.0315194129943848
1700070748.845743,-0.06643912196159363,0.3746282756328583,-2.02947735786438
1700070748.8807967,-0.06503716111183167,0.3745398223400116,-2.029359817504883
1700070748.912351,-0.06316150724887848,0.3740387260913849,-2.0274243354797363
1700070748.9484065,-0.061308592557907104,0.3727961778640747,-2.025609016418457
1700070748.9809864,-0.06148938834667206,0.3725285232067108,-2.026556968688965
1700070749.012539,-0.06310375034809113,0.3728417158126831,-2.028529405593872
1700070749.0476265,-0.06431066989898682,0.3725195527076721,-2.0290467739105225
1700070749.079663,-0.06576628983020782,0.3730238676071167,-2.030810832977295
1700070749.1137402,-0.06531070172786713,0.3733236789703369,-2.02962327003479
1700070749.1486373,-0.0655810683965683,0.37396320700645447,-2.0293543338775635
1700070749.180636,-0.06626252830028534,0.3754960596561432,-2.030766487121582
1700070749.2147064,-0.06699328124523163,0.37766700983047485,-2.033008337020874
1700070749.249803,-0.06732460856437683,0.37927716970443726,-2.034752130508423
1700070749.280859,-0.0672198235988617,0.3800663948059082,-2.0368502140045166
1700070749.3158572,-0.06769049167633057,0.38036099076271057,-2.0387513637542725
1700070749.3474894,-0.06848271936178207,0.38045740127563477,-2.040741205215454
1700070749.3810246,-0.06775486469268799,0.3797055184841156,-2.040090560913086
1700070749.414422,-0.06501459330320358,0.3778742253780365,-2.0363337993621826
1700070749.4494917,-0.06343777477741241,0.37719258666038513,-2.0341360569000244
1700070749.4820726,-0.0629134327173233,0.37724146246910095,-2.033869981765747
1700070749.5176208,-0.06381974369287491,0.3774801194667816,-2.034163475036621
1700070749.5506086,-0.06563868373632431,0.37781381607055664,-2.0360488891601562
1700070749.5836349,-0.06778678297996521,0.3782033324241638,-2.0378942489624023
1700070749.6166089,-0.06782425940036774,0.37782788276672363,-2.0371718406677246
1700070749.650146,-0.06722955405712128,0.37759387493133545,-2.0364267826080322
1700070749.6837947,-0.0673757940530777,0.3780101537704468,-2.035815715789795
1700070749.717001,-0.06830650568008423,0.37829306721687317,-2.0376334190368652
1700070749.7500982,-0.06882677227258682,0.3781984746456146,-2.0389091968536377
1700070749.7846975,-0.06856843084096909,0.3772903084754944,-2.039102077484131
1700070749.8167775,-0.0682082325220108,0.37646955251693726,-2.037968873977661
1700070749.861312,-0.0680442601442337,0.3756910264492035,-2.03608775138855
1700070749.9060905,-0.06776835024356842,0.3756842017173767,-2.0349273681640625
1700070749.9476078,-0.06838887929916382,0.37573954463005066,-2.0350232124328613
1700070749.992639,-0.0677960216999054,0.3755849301815033,-2.034857988357544
1700070750.0344791,-0.0675969049334526,0.37571150064468384,-2.035046100616455
1700070750.0776732,-0.06776405870914459,0.37603652477264404,-2.035055637359619
1700070750.1217241,-0.0651106983423233,0.3747110068798065,-2.030888080596924
1700070750.1611977,-0.0640130415558815,0.3744543790817261,-2.0306811332702637
1700070750.2032807,-0.06369654834270477,0.374432772397995,-2.029859781265259
1700070750.2468746,-0.0642610639333725,0.3753051161766052,-2.0310816764831543
1700070750.2910802,-0.06462843716144562,0.3756452798843384,-2.031991481781006
1700070750.3328342,-0.06612110882997513,0.37623509764671326,-2.0342772006988525
1700070750.3741353,-0.06674221158027649,0.37623050808906555,-2.03483510017395
1700070750.4175007,-0.06655344367027283,0.3760526180267334,-2.034855842590332
1700070750.460048,-0.06581269949674606,0.37534546852111816,-2.0354480743408203
1700070750.5041318,-0.06570804119110107,0.37583956122398376,-2.0361292362213135
1700070750.544176,-0.06545329093933105,0.37583327293395996,-2.036787509918213
1700070750.5865576,-0.06581023335456848,0.37625572085380554,-2.037243604660034
1700070750.62945,-0.06613840162754059,0.37653806805610657,-2.038292646408081
1700070756.0530226,-0.2916925847530365,0.05418616533279419,-2.0847511291503906
1700070756.1265757,-0.29556378722190857,0.0462842732667923,-2.06472110748291
1700070756.221696,-0.3223138153553009,0.04326392337679863,-2.1132466793060303
1700070756.2972522,-0.33796799182891846,0.04735657572746277,-2.1077988147735596
1700070756.3593192,-0.33942586183547974,0.0529353953897953,-2.0860931873321533
1700070756.426167,-0.3327781558036804,0.05407452583312988,-2.062605381011963
1700070756.4681468,-0.32625460624694824,0.05327028036117554,-2.0493829250335693
1700070756.5089755,-0.3189923167228699,0.05269625037908554,-2.0327727794647217
1700070756.5533109,-0.3162538409233093,0.052354276180267334,-2.0263729095458984
1700070756.5948722,-0.3155182898044586,0.05290757119655609,-2.022080421447754
1700070756.6394365,-0.3138822913169861,0.0526910275220871,-2.0189876556396484
1700070756.6800413,-0.3093712031841278,0.051629550755023956,-2.0137343406677246
1700070756.7293005,-0.30579501390457153,0.04942401498556137,-2.0114152431488037
1700070756.7840579,-0.30780264735221863,0.04912993311882019,-2.013270378112793
1700070756.828778,-0.310207337141037,0.04969795048236847,-2.016319990158081
1700070756.8711464,-0.31258463859558105,0.050776056945323944,-2.018239974975586
1700070756.9141772,-0.3155815601348877,0.05106060951948166,-2.0212409496307373
1700070756.955726,-0.31775546073913574,0.05127381160855293,-2.0250203609466553
1700070756.9962816,-0.3197976350784302,0.05120248347520828,-2.0279295444488525
1700070757.0373795,-0.32105863094329834,0.05073364078998566,-2.0306663513183594
1700070757.0799596,-0.3195165693759918,0.04979163408279419,-2.031003713607788
1700070757.122013,-0.3140409290790558,0.04937347024679184,-2.028125762939453
1700070757.1615987,-0.3124496340751648,0.04915274307131767,-2.0266151428222656
1700070757.2046149,-0.31182318925857544,0.049139730632305145,-2.0266780853271484
1700070757.247641,-0.3143942952156067,0.04961970075964928,-2.0291714668273926
1700070757.29237,-0.31661567091941833,0.05085606873035431,-2.032607316970825
1700070757.3359363,-0.3185700476169586,0.0513361357152462,-2.0346591472625732
1700070757.382514,-0.32337310910224915,0.05248285457491875,-2.0364186763763428
1700070757.4257953,-0.3236549198627472,0.05239494889974594,-2.0362157821655273
1700070757.4699802,-0.3227999210357666,0.051421988755464554,-2.0354726314544678
1700070757.514101,-0.3218250572681427,0.049677588045597076,-2.0352158546447754
1700070757.5568788,-0.32209914922714233,0.04923733323812485,-2.0346407890319824
1700070757.595793,-0.32257360219955444,0.0486806184053421,-2.0357823371887207
1700070757.6267583,-0.32384708523750305,0.04881671816110611,-2.0366342067718506
1700070757.6568286,-0.32504338026046753,0.04853672534227371,-2.037487268447876
1700070757.68473,-0.3260534405708313,0.048270873725414276,-2.038541555404663
1700070757.7129266,-0.32598838210105896,0.04808875918388367,-2.039759397506714
1700070757.744103,-0.32654130458831787,0.04839598387479782,-2.040956497192383
1700070757.7757952,-0.326203852891922,0.048717547208070755,-2.041372299194336
1700070757.8158379,-0.32595670223236084,0.04886515438556671,-2.0413787364959717
1700070757.8473928,-0.32504332065582275,0.048756130039691925,-2.0411667823791504
1700070757.8774314,-0.3244357109069824,0.04874669015407562,-2.0418620109558105
1700070757.9109979,-0.3249928653240204,0.04895525053143501,-2.0420243740081787
1700070757.9445307,-0.3256727457046509,0.04876068979501724,-2.040818929672241
1700070757.9760978,-0.32554784417152405,0.04898504540324211,-2.0389621257781982
1700070758.0100667,-0.3254554867744446,0.04904220253229141,-2.0370829105377197
1700070758.0446246,-0.32506099343299866,0.048801034688949585,-2.0356245040893555
1700070758.0771797,-0.3232758641242981,0.04858784005045891,-2.034010410308838
1700070758.1107075,-0.3224082887172699,0.04851818084716797,-2.032973051071167
1700070758.1432748,-0.3221920132637024,0.04842119663953781,-2.0327885150909424
1700070758.1821322,-0.32180970907211304,0.048405714333057404,-2.0330567359924316
1700070758.2116654,-0.32210856676101685,0.04836800694465637,-2.0337791442871094
1700070758.2447226,-0.3226260542869568,0.04813851788640022,-2.034026861190796
1700070758.2798393,-0.3229202330112457,0.04797036945819855,-2.0339460372924805
1700070758.312986,-0.32365357875823975,0.04835454374551773,-2.034071207046509
1700070758.344848,-0.32461148500442505,0.04909893870353699,-2.0345005989074707
1700070758.3781157,-0.3247506022453308,0.04965953528881073,-2.033371686935425
1700070758.4111657,-0.3244690001010895,0.050338514149188995,-2.0316126346588135
1700070758.4472086,-0.32327044010162354,0.05092731863260269,-2.0296382904052734
1700070758.5137029,-0.3222726285457611,0.05095290765166283,-2.028520345687866
1700070758.545774,-0.3218334913253784,0.05098731815814972,-2.0281436443328857
1700070758.5794003,-0.32139256596565247,0.05096049606800079,-2.0299723148345947
1700070758.6129498,-0.320620596408844,0.05117277055978775,-2.031146764755249
1700070758.644498,-0.320631742477417,0.0513271689414978,-2.031977415084839
1700070758.6790838,-0.31996047496795654,0.050748199224472046,-2.0332045555114746
1700070758.7123005,-0.3205353915691376,0.04988173767924309,-2.034576892852783
1700070758.7474015,-0.3212665915489197,0.049140870571136475,-2.035536766052246
1700070758.7799942,-0.32202887535095215,0.048275239765644073,-2.0360331535339355
1700070758.81367,-0.3221515417098999,0.04788193479180336,-2.0356638431549072
1700070758.8466032,-0.32116496562957764,0.04745364934206009,-2.035026788711548
1700070758.880166,-0.32045674324035645,0.04789115488529205,-2.0336670875549316
1700070758.9131448,-0.32068589329719543,0.04829385504126549,-2.0327794551849365
1700070758.9471943,-0.32188671827316284,0.048810072243213654,-2.0327847003936768
1700070758.980902,-0.32290351390838623,0.04891841113567352,-2.032726764678955
1700070759.0144665,-0.3218127489089966,0.049030106514692307,-2.031263589859009
1700070759.0471897,-0.32116779685020447,0.049352407455444336,-2.029999256134033
1700070759.081144,-0.32046395540237427,0.04925675317645073,-2.028506278991699
1700070759.1147332,-0.31888481974601746,0.0488269180059433,-2.026404619216919
1700070759.1468878,-0.3179377615451813,0.048687394708395004,-2.0254743099212646
1700070759.1811707,-0.31786975264549255,0.0493597537279129,-2.0272233486175537
1700070759.214734,-0.3187946081161499,0.04970656335353851,-2.028510332107544
1700070759.2468228,-0.32021862268447876,0.049896322190761566,-2.0299580097198486
1700070759.2811623,-0.3213951587677002,0.04986092075705528,-2.0312063694000244
1700070759.3157144,-0.32225164771080017,0.04958026111125946,-2.0312376022338867
1700070759.347764,-0.32369691133499146,0.049835994839668274,-2.0312304496765137
1700070759.3808358,-0.32392072677612305,0.049570679664611816,-2.0313334465026855
1700070759.4158921,-0.32454419136047363,0.04958989471197128,-2.031229257583618
1700070759.4599679,-0.3236696124076843,0.04966051131486893,-2.031704902648926
1700070759.499211,-0.3235398530960083,0.04957147687673569,-2.033264636993408
1700070759.5408607,-0.32417982816696167,0.049630433320999146,-2.0360968112945557
1700070759.5821626,-0.3247359097003937,0.049515269696712494,-2.0382351875305176
1700070759.6251006,-0.3251948058605194,0.048983894288539886,-2.040544033050537
1700070759.6672091,-0.3237155079841614,0.048720136284828186,-2.0405519008636475
1700070759.7091184,-0.32320812344551086,0.04901917278766632,-2.0401482582092285
1700070759.7487507,-0.32211771607398987,0.04930853843688965,-2.0387701988220215
1700070759.7943194,-0.32228395342826843,0.05011584609746933,-2.0373294353485107
1700070759.8358734,-0.32253482937812805,0.05021192505955696,-2.036876916885376
1700070759.8787036,-0.321681410074234,0.050025515258312225,-2.0365519523620605
1700070759.9194484,-0.3220817446708679,0.050550173968076706,-2.039612054824829
1700070759.9618258,-0.32421937584877014,0.04976567253470421,-2.0410683155059814
1700070760.0061457,-0.3254840075969696,0.04967170208692551,-2.0419042110443115
1700070760.047141,-0.3261907696723938,0.04964543879032135,-2.041576862335205
1700070760.0881355,-0.325248122215271,0.04907850921154022,-2.0395290851593018
1700070760.1290379,-0.32374107837677,0.0485745444893837,-2.0366454124450684
1700070760.1703875,-0.3235573172569275,0.04827319085597992,-2.0359039306640625
1700070760.2117755,-0.32397356629371643,0.04827822372317314,-2.0348992347717285
1700070760.2508445,-0.324025958776474,0.04784407466650009,-2.0337014198303223
1700070760.2943811,-0.32318463921546936,0.04834022372961044,-2.032240152359009
1700070760.3343494,-0.3220981955528259,0.049324698746204376,-2.0318379402160645
1700070760.3746245,-0.3214128017425537,0.05030924081802368,-2.0313591957092285
1700070760.4156525,-0.3215586543083191,0.05100289732217789,-2.0319671630859375
1700070760.45723,-0.3222748637199402,0.052325185388326645,-2.0322728157043457
1700070760.4961317,-0.3216053247451782,0.05202047526836395,-2.028599262237549
1700070760.5366697,-0.3208908438682556,0.05048405006527901,-2.0266177654266357
1700070760.5798404,-0.318465918302536,0.04850251227617264,-2.0234761238098145
1700070760.6209252,-0.3163648843765259,0.0470462441444397,-2.020874500274658
1700070760.6479726,-0.3155151605606079,0.04673328995704651,-2.019425630569458
1700070760.6778688,-0.3151175379753113,0.04661038517951965,-2.0184850692749023
1700070760.7080548,-0.31387779116630554,0.04628365486860275,-2.016568183898926
1700070760.7376056,-0.31181514263153076,0.046236760914325714,-2.0163588523864746
1700070760.7666473,-0.3109591603279114,0.04599600285291672,-2.015537738800049
1700070760.7968194,-0.31116873025894165,0.04589925706386566,-2.015996217727661
1700070760.826348,-0.31194308400154114,0.045985039323568344,-2.0178780555725098
1700070760.8550935,-0.3139360249042511,0.046248909085989,-2.0205440521240234
1700070760.8881793,-0.31540966033935547,0.04565008729696274,-2.022021532058716
1700070760.920607,-0.31733983755111694,0.04560048133134842,-2.024486780166626
1700070760.953151,-0.3176567554473877,0.045784842222929,-2.024005174636841
1700070760.9880996,-0.31653520464897156,0.04665742069482803,-2.021334409713745
1700070761.0206559,-0.3130715489387512,0.04755939543247223,-2.0187981128692627
1700070761.0537658,-0.3115350008010864,0.04835139960050583,-2.016494035720825
1700070761.0877216,-0.30961355566978455,0.04886888712644577,-2.0143866539001465
1700070761.122246,-0.30890825390815735,0.04896140843629837,-2.0136208534240723
1700070761.1558604,-0.31005847454071045,0.049457862973213196,-2.0149128437042236
1700070761.1871762,-0.31194156408309937,0.049681056290864944,-2.017493963241577
1700070764.8378735,0.15382973849773407,-0.15944892168045044,-2.0247602462768555
1700070764.9071543,0.14272011816501617,-0.17768360674381256,-2.0757665634155273
1700070764.9621675,0.0926448404788971,-0.18870577216148376,-2.195939540863037
1700070765.0228128,0.0871167704463005,-0.2056175023317337,-2.1938741207122803
1700070765.0850947,0.0888703316450119,-0.21020404994487762,-2.1774280071258545
1700070765.1598098,0.09255196154117584,-0.2083364874124527,-2.1585378646850586
1700070765.2265866,0.09258919954299927,-0.20339912176132202,-2.1462740898132324
1700070765.2702255,0.08601891994476318,-0.2030375748872757,-2.145648717880249
1700070765.312809,0.08114458620548248,-0.20317865908145905,-2.13277006149292
1700070765.355843,0.08491966128349304,-0.2012203484773636,-2.125822067260742
1700070765.3957043,0.0862646996974945,-0.1974257528781891,-2.118129014968872
1700070765.4389374,0.08351384848356247,-0.19313405454158783,-2.112978219985962
1700070765.4796684,0.06808720529079437,-0.19605368375778198,-2.1145851612091064
1700070765.521634,0.061976414173841476,-0.1969231814146042,-2.110661745071411
1700070765.5627565,0.06181545928120613,-0.19881774485111237,-2.1070168018341064
1700070765.6079915,0.06137039512395859,-0.20626677572727203,-2.1015076637268066
1700070765.649159,0.06662409007549286,-0.21515816450119019,-2.1021246910095215
1700070765.6920886,0.06790381669998169,-0.2190568894147873,-2.103740930557251
1700070765.7339807,0.0736953467130661,-0.21934150159358978,-2.1053407192230225
1700070765.7768464,0.07869091629981995,-0.21414276957511902,-2.105842351913452
1700070765.8188777,0.08210311830043793,-0.20857447385787964,-2.101703643798828
1700070765.860949,0.0849185436964035,-0.20428097248077393,-2.098982810974121
1700070765.9057453,0.08635972440242767,-0.1998249739408493,-2.097952365875244
1700070765.947923,0.0881693959236145,-0.19959110021591187,-2.097367763519287
1700070765.9945889,0.08874757587909698,-0.20168396830558777,-2.0969817638397217
1700070766.039148,0.08924079686403275,-0.20324014127254486,-2.096628427505493
1700070766.0786927,0.08881522715091705,-0.20284521579742432,-2.0936028957366943
1700070766.122144,0.08469883352518082,-0.20330026745796204,-2.098977565765381
1700070766.1608624,0.08415080606937408,-0.20398715138435364,-2.1003482341766357
1700070766.204997,0.0872158631682396,-0.2043110728263855,-2.099323272705078
1700070766.246106,0.09920406341552734,-0.20056086778640747,-2.1036264896392822
1700070766.2865396,0.1078765019774437,-0.2006717324256897,-2.108442544937134
1700070766.329632,0.11050736159086227,-0.19954584538936615,-2.109426736831665
1700070766.374816,0.11016589403152466,-0.19823862612247467,-2.1088647842407227
1700070766.414863,0.10776232182979584,-0.19464938342571259,-2.105248212814331
1700070766.4568613,0.10441973805427551,-0.19261156022548676,-2.102926015853882
1700070766.4961104,0.10125501453876495,-0.1912194937467575,-2.1020493507385254
1700070766.5371432,0.0987991914153099,-0.19026689231395721,-2.1021909713745117
1700070766.578134,0.09932979196310043,-0.18997332453727722,-2.1076838970184326
1700070766.619139,0.09995652735233307,-0.19134466350078583,-2.1111085414886475
1700070766.661816,0.09992466866970062,-0.19381140172481537,-2.1142055988311768
1700070766.7070618,0.09754596650600433,-0.19447658956050873,-2.1129140853881836
1700070766.746758,0.09537231922149658,-0.19408762454986572,-2.10882306098938
1700070766.788834,0.10441754758358002,-0.19792920351028442,-2.110889434814453
1700070766.8209193,0.10907842963933945,-0.19804391264915466,-2.1088240146636963
1700070766.8541048,0.11210831254720688,-0.19823159277439117,-2.1063146591186523
1700070766.8837008,0.11477943509817123,-0.19835707545280457,-2.1030449867248535
1700070766.9149854,0.11729367822408676,-0.198270782828331,-2.1006805896759033
1700070766.9441543,0.11677954345941544,-0.20256316661834717,-2.105318069458008
1700070766.9775548,0.11513097584247589,-0.20501527190208435,-2.1055500507354736
1700070767.009728,0.11375981569290161,-0.206192284822464,-2.104387044906616
1700070767.0408022,0.11179361492395401,-0.20633624494075775,-2.1032299995422363
1700070767.0747664,0.11002398282289505,-0.20629072189331055,-2.101991653442383
1700070767.108875,0.10939710587263107,-0.20647510886192322,-2.100447416305542
1700070767.1419349,0.10887733101844788,-0.20640185475349426,-2.099816083908081
1700070767.1764972,0.1093423143029213,-0.20617827773094177,-2.0993494987487793
1700070767.2080603,0.110320545732975,-0.20524656772613525,-2.1012113094329834
1700070767.24165,0.10783017426729202,-0.20465713739395142,-2.104651689529419
1700070767.2761066,0.10513727366924286,-0.20320531725883484,-2.1055009365081787
1700070767.311878,0.0999554991722107,-0.20199839770793915,-2.1076440811157227
1700070767.3436108,0.09711107611656189,-0.1997472196817398,-2.106170177459717
1700070767.377496,0.09599688649177551,-0.19789811968803406,-2.103501796722412
1700070767.4087615,0.09339180588722229,-0.19530779123306274,-2.102379083633423
1700070767.4428911,0.09326274693012238,-0.19401712715625763,-2.1020116806030273
1700070767.4771123,0.09180976450443268,-0.19254054129123688,-2.099895477294922
1700070767.5091627,0.09351595491170883,-0.19344815611839294,-2.101754665374756
1700070767.5437655,0.09742441773414612,-0.19536112248897552,-2.104043483734131
1700070767.575931,0.09728556871414185,-0.1954411119222641,-2.1020760536193848
1700070767.6086907,0.09692130237817764,-0.19485348463058472,-2.0976688861846924
1700070767.6471415,0.1026645302772522,-0.19921021163463593,-2.100789785385132
1700070767.677123,0.10551377385854721,-0.20100946724414825,-2.1000893115997314
1700070767.7098935,0.10931532829999924,-0.20553459227085114,-2.1048057079315186
1700070767.7431235,0.10949435830116272,-0.20816849172115326,-2.105816125869751
1700070767.7777636,0.11164767295122147,-0.21137908101081848,-2.1093928813934326
1700070767.8118,0.1125866249203682,-0.21043403446674347,-2.1054341793060303
1700070767.8441043,0.11242343485355377,-0.20900866389274597,-2.1010584831237793
1700070767.8781292,0.11127780377864838,-0.20752449333667755,-2.0973753929138184
1700070767.9121954,0.10919054597616196,-0.20653310418128967,-2.0940942764282227
1700070767.944778,0.10726545751094818,-0.20571152865886688,-2.0920212268829346
1700070767.9789495,0.10637259483337402,-0.20534510910511017,-2.0915939807891846
1700070768.0112083,0.10653872787952423,-0.20554094016551971,-2.0919201374053955
1700070768.0441804,0.10104040056467056,-0.20359571278095245,-2.095226287841797
1700070768.079127,0.09760186076164246,-0.20241044461727142,-2.0976099967956543
1700070768.1111853,0.10151636600494385,-0.20416302978992462,-2.1032474040985107
1700070768.144468,0.10043361037969589,-0.2035919576883316,-2.1063287258148193
1700070768.178158,0.0977422222495079,-0.20215952396392822,-2.1069135665893555
1700070768.2133636,0.09351300448179245,-0.20020820200443268,-2.1044070720672607
1700070768.2459161,0.09398267418146133,-0.19851146638393402,-2.1030938625335693
1700070768.2781365,0.0933883786201477,-0.19675083458423615,-2.10286545753479
1700070768.3126981,0.09454552829265594,-0.19557178020477295,-2.103208303451538
1700070768.3457696,0.09558004140853882,-0.19196036458015442,-2.101055383682251
1700070768.3788655,0.09538950026035309,-0.18883016705513,-2.098363161087036
1700070768.413964,0.0941438376903534,-0.18639586865901947,-2.0951054096221924
1700070768.4470546,0.09661725908517838,-0.18746842443943024,-2.09633207321167
1700070768.4819522,0.09693718701601028,-0.18754792213439941,-2.0943427085876465
1700070768.513124,0.09573641419410706,-0.19041010737419128,-2.0967934131622314
1700070768.5472107,0.0939074456691742,-0.1909664124250412,-2.095913887023926
1700070768.5815957,0.08866694569587708,-0.18785928189754486,-2.0949184894561768
1700070768.614177,0.08766300976276398,-0.18454265594482422,-2.093061923980713
1700070768.6507828,0.08596307784318924,-0.18216075003147125,-2.093674898147583
1700070768.6827848,0.08523283153772354,-0.18292897939682007,-2.0947015285491943
1700070768.7174807,0.08467113971710205,-0.1831216961145401,-2.0946266651153564
1700070768.7500484,0.0832691341638565,-0.18245019018650055,-2.094848155975342
1700070768.782698,0.08149516582489014,-0.18427038192749023,-2.0955910682678223
1700070768.8167415,0.07947460561990738,-0.18203099071979523,-2.0880162715911865
1700070768.8501184,0.0771477147936821,-0.1779845505952835,-2.080064058303833
1700070768.882694,0.07580875605344772,-0.1791655719280243,-2.0784847736358643
1700070768.917421,0.07513358443975449,-0.17869256436824799,-2.0749294757843018
1700070768.9500985,0.0753822773694992,-0.17888224124908447,-2.073946237564087
1700070768.9846845,0.07623749226331711,-0.17720293998718262,-2.0700764656066895
1700070769.0212781,0.07798519730567932,-0.17486751079559326,-2.065061330795288
1700070769.0643215,0.08181852847337723,-0.17604143917560577,-2.067533254623413
1700070769.1084278,0.08365309983491898,-0.17655321955680847,-2.0671043395996094
1700070769.1488094,0.08360252529382706,-0.1775454580783844,-2.069711923599243
1700070769.1899421,0.08176936209201813,-0.1776377409696579,-2.071366786956787
1700070769.2297003,0.08143318444490433,-0.17903250455856323,-2.0714316368103027
1700070769.2703977,0.08136513829231262,-0.1802198439836502,-2.071359872817993
1700070769.3130665,0.08405034244060516,-0.1818983554840088,-2.0746874809265137
1700070769.356693,0.08631478250026703,-0.1787445992231369,-2.0675346851348877
1700070769.3981526,0.08798561990261078,-0.17591775953769684,-2.062000036239624
1700070769.4397373,0.08941324055194855,-0.17256700992584229,-2.0575995445251465
1700070769.4794066,0.08975650370121002,-0.16885821521282196,-2.0537543296813965
1700070769.5214713,0.0906558632850647,-0.1627008616924286,-2.046464443206787
1700070769.5613956,0.09035887569189072,-0.15906307101249695,-2.0436296463012695
1700070769.6016674,0.0905013233423233,-0.1569129228591919,-2.0422897338867188
1700070769.6438522,0.0906013697385788,-0.15588483214378357,-2.040701150894165
1700070769.6850832,0.09002198278903961,-0.1554950326681137,-2.0410122871398926
1700070769.7277086,0.08652868866920471,-0.15394681692123413,-2.041145086288452
1700070769.7702432,0.08430538326501846,-0.15491969883441925,-2.042478084564209
1700070769.8138309,0.08189256489276886,-0.1571630984544754,-2.047137498855591
1700070769.8560762,0.09785306453704834,-0.18273083865642548,-2.07206392288208
1700070769.8946636,0.10740189254283905,-0.19648529589176178,-2.090780735015869
1700070769.9368374,0.10909903794527054,-0.20224978029727936,-2.1021883487701416
1700070769.9774585,0.10613822937011719,-0.20476987957954407,-2.105466842651367
1700070774.4700987,-0.011810798197984695,0.12180192768573761,-2.0999135971069336
1700070774.5451612,-0.009533435106277466,0.14281553030014038,-2.1081976890563965
1700070774.6122391,-0.019093254581093788,0.12082359939813614,-2.107591152191162
1700070774.667853,-0.020361848175525665,0.11588595062494278,-2.1113269329071045
1700070774.7249095,-0.023984290659427643,0.11423079669475555,-2.1124508380889893
1700070774.7892315,-0.024271588772535324,0.1161590963602066,-2.1146833896636963
1700070774.8319912,-0.023475587368011475,0.11452598124742508,-2.1172947883605957
1700070774.8745503,-0.023299794644117355,0.11604457348585129,-2.1184751987457275
1700070774.9197197,-0.022143209353089333,0.11390666663646698,-2.119406223297119
1700070774.9637733,-0.023800235241651535,0.11686374247074127,-2.1199679374694824
1700070775.0088162,-0.024769149720668793,0.11918416619300842,-2.116520881652832
1700070775.0498722,-0.023832067847251892,0.12028474360704422,-2.1135051250457764
1700070775.0934408,-0.024372298270463943,0.120576411485672,-2.1110658645629883
1700070775.1380112,-0.0236817616969347,0.11755348742008209,-2.113393545150757
1700070775.180543,-0.020371783524751663,0.11912932991981506,-2.109351873397827
1700070775.223959,-0.01840526983141899,0.11614774912595749,-2.111740827560425
1700070775.2660127,-0.017153214663267136,0.11741809546947479,-2.111093521118164
1700070775.3083076,-0.016899550333619118,0.11865831166505814,-2.110900640487671
1700070775.3499017,-0.018212443217635155,0.11994864791631699,-2.1113154888153076
1700070775.3921778,-0.019223244860768318,0.12053914368152618,-2.111626386642456
1700070775.435156,-0.01905200071632862,0.12078151851892471,-2.110717535018921
1700070775.4763997,-0.022116750478744507,0.11754939705133438,-2.1132309436798096
1700070775.5178013,-0.024702783674001694,0.11792188882827759,-2.113668203353882
1700070775.5592313,-0.02526906132698059,0.11870458722114563,-2.112602949142456
1700070775.6026614,-0.024618055671453476,0.11962619423866272,-2.111194372177124
1700070775.6468787,-0.019774461165070534,0.1250474750995636,-2.108870506286621
1700070775.6868107,-0.018501780927181244,0.12623533606529236,-2.109456777572632
1700070775.7301521,-0.015609966591000557,0.12611980736255646,-2.1091315746307373
1700070775.7722237,-0.014664195477962494,0.12728965282440186,-2.109712839126587
1700070775.8117778,-0.014786617830395699,0.12624740600585938,-2.110560894012451
1700070775.856122,-0.01622314564883709,0.12712717056274414,-2.11175799369812
1700070775.8947427,-0.018901383504271507,0.12734057009220123,-2.113807201385498
1700070775.9390216,-0.020667295902967453,0.12644295394420624,-2.1141231060028076
1700070775.9787812,-0.021621232852339745,0.12790022790431976,-2.1134464740753174
1700070776.020865,-0.022364187985658646,0.12713785469532013,-2.1150054931640625
1700070776.0609114,-0.02340288832783699,0.12535929679870605,-2.1157870292663574
1700070776.1045032,-0.022586137056350708,0.1235857829451561,-2.114872932434082
1700070776.1466646,-0.02082091197371483,0.12255991995334625,-2.113389492034912
1700070776.1881046,-0.015935231000185013,0.1223946362733841,-2.1096043586730957
1700070776.2291038,-0.01587684638798237,0.1228964701294899,-2.1089727878570557
1700070776.2702067,-0.016665320843458176,0.12283416092395782,-2.109849452972412
1700070776.3137407,-0.01914193667471409,0.12133359163999557,-2.111569881439209
1700070776.3561082,-0.020235832780599594,0.12025897949934006,-2.1119537353515625
1700070776.3967957,-0.02008051425218582,0.11940768361091614,-2.1118431091308594
1700070776.4390416,-0.01937037706375122,0.118861623108387,-2.113086223602295
1700070776.479571,-0.018834099173545837,0.11809231340885162,-2.115457534790039
1700070776.521372,-0.02048429474234581,0.11787860840559006,-2.1176037788391113
1700070776.5601115,-0.022904369980096817,0.1179572343826294,-2.1197521686553955
1700070776.6031747,-0.02322722226381302,0.11806563287973404,-2.1195263862609863
1700070776.6438909,-0.02327398955821991,0.11856848001480103,-2.1190457344055176
1700070776.684472,-0.020981065928936005,0.11987600475549698,-2.115122079849243
1700070776.7231436,-0.019886797294020653,0.11901010572910309,-2.1125712394714355
1700070776.7642028,-0.01876085065305233,0.11956904083490372,-2.1104252338409424
1700070776.8047593,-0.01868567056953907,0.1197713166475296,-2.1095876693725586
1700070776.845816,-0.01778850518167019,0.12039080262184143,-2.1083250045776367
1700070776.887205,-0.01636234112083912,0.12057856470346451,-2.1044604778289795
1700070776.9297488,-0.015014834702014923,0.12050461024045944,-2.1026432514190674
1700070776.9701633,-0.015403993427753448,0.12039641290903091,-2.100986957550049
1700070777.0106041,-0.016704393550753593,0.12048038840293884,-2.1018617153167725
1700070777.0526643,-0.019108455628156662,0.12011245638132095,-2.1043453216552734
1700070777.0964432,-0.02020067535340786,0.12034715712070465,-2.1060376167297363
1700070777.1392307,-0.020984847098588943,0.12050668895244598,-2.1073801517486572
1700070777.1791956,-0.020757028833031654,0.12014111876487732,-2.1072006225585938
1700070777.2198024,-0.020717162638902664,0.12268350273370743,-2.1067755222320557
1700070777.2616813,-0.020418858155608177,0.12360556423664093,-2.10624098777771
1700070777.303136,-0.019220424816012383,0.12347489595413208,-2.1057589054107666
1700070777.3447027,-0.01748398132622242,0.12297448515892029,-2.1045608520507812
1700070777.385083,-0.014253368601202965,0.1241784393787384,-2.1024975776672363
1700070777.4201286,-0.012980446219444275,0.12433516979217529,-2.1025471687316895
1700070777.4491758,-0.011988580226898193,0.1238771453499794,-2.102649450302124
1700070777.4791973,-0.011961668729782104,0.12430782616138458,-2.1025795936584473
1700070777.510755,-0.01271488144993782,0.12454365193843842,-2.1037514209747314
1700070777.5487778,-0.013307260349392891,0.12387947738170624,-2.104856491088867
1700070777.5802312,-0.014903729781508446,0.12292912602424622,-2.1070408821105957
1700070777.6136312,-0.015482733026146889,0.12182683497667313,-2.108456611633301
1700070777.6461842,-0.015940558165311813,0.12106001377105713,-2.1094536781311035
1700070777.6777523,-0.0160937812179327,0.12034449726343155,-2.1110146045684814
1700070777.7143023,-0.016608206555247307,0.12002167850732803,-2.112244129180908
1700070777.7448752,-0.01752156764268875,0.1202346608042717,-2.114116907119751
1700070777.779149,-0.018423164263367653,0.12037962675094604,-2.114969491958618
1700070777.8127027,-0.020025603473186493,0.12060613930225372,-2.116318464279175
1700070777.8481648,-0.021595988422632217,0.12065291404724121,-2.11750864982605
1700070777.8801851,-0.021945413202047348,0.12088461220264435,-2.1177830696105957
1700070777.9162195,-0.021941930055618286,0.12247069180011749,-2.116999626159668
1700070777.9466102,-0.021523497998714447,0.12339934706687927,-2.1156222820281982
1700070777.9809368,-0.021992113441228867,0.12353017926216125,-2.1146745681762695
1700070778.0145032,-0.022856708616018295,0.1221645176410675,-2.113999843597412
1700070778.0480595,-0.02036559209227562,0.12138419598340988,-2.1105542182922363
1700070778.0817144,-0.018885115161538124,0.12081274390220642,-2.1087427139282227
1700070778.1142344,-0.01800127513706684,0.12073441594839096,-2.1083147525787354
1700070778.1468394,-0.018895292654633522,0.1206195279955864,-2.1105809211730957
1700070778.1816893,-0.01957527920603752,0.12030920386314392,-2.112042188644409
1700070778.2132113,-0.018878035247325897,0.11744004487991333,-2.1145076751708984
1700070778.248255,-0.02080073207616806,0.11640810966491699,-2.116549253463745
1700070778.2813773,-0.022596653550863266,0.11591146886348724,-2.1172800064086914
1700070778.3149197,-0.02404141053557396,0.11613579839468002,-2.1178648471832275
1700070778.3479798,-0.024072036147117615,0.11697213351726532,-2.1177566051483154
1700070778.3810537,-0.024252504110336304,0.1169445589184761,-2.1177053451538086
1700070778.4168773,-0.02407660335302353,0.11735294759273529,-2.1178431510925293
1700070778.4498768,-0.023939233273267746,0.11805976927280426,-2.1181631088256836
1700070778.4819677,-0.022320717573165894,0.11873893439769745,-2.1167616844177246
1700070778.5165834,-0.020473182201385498,0.11950025707483292,-2.1143646240234375
1700070778.5501196,-0.018760597333312035,0.12019164860248566,-2.1120445728302
1700070778.5831783,-0.018330158665776253,0.12109993398189545,-2.111016273498535
1700070778.6147242,-0.019114438444375992,0.1218564361333847,-2.110877752304077
1700070778.6497517,-0.019420549273490906,0.12217317521572113,-2.1103270053863525
1700070778.6836698,-0.019574321806430817,0.12206612527370453,-2.1109702587127686
1700070778.714863,-0.020859409123659134,0.12159093469381332,-2.112847089767456
1700070778.748086,-0.022859733551740646,0.12112055718898773,-2.1154513359069824
1700070778.7838292,-0.024464916437864304,0.11995847523212433,-2.1170127391815186
1700070778.8152149,-0.02568044140934944,0.11899429559707642,-2.1173272132873535
1700070778.850828,-0.026607874780893326,0.11848724633455276,-2.1183059215545654
1700070778.8828957,-0.0265607051551342,0.118526890873909,-2.1184780597686768
1700070778.9169693,-0.02664661407470703,0.12002091109752655,-2.1182968616485596
1700070778.9510682,-0.026735637336969376,0.12110351771116257,-2.117560863494873
1700070778.984689,-0.02666737511754036,0.12176253646612167,-2.1164135932922363
1700070779.0177152,-0.02516140788793564,0.12265503406524658,-2.1138088703155518
1700070779.0502608,-0.02269599214196205,0.12299896776676178,-2.1102330684661865
1700070779.0838478,-0.020220331847667694,0.12271404266357422,-2.1071999073028564
1700070779.1189275,-0.01930222287774086,0.12225919961929321,-2.1058661937713623
1700070779.1510487,-0.0196860171854496,0.12175631523132324,-2.107879400253296
1700070779.1851563,-0.02002054639160633,0.12070146203041077,-2.109440803527832
1700070779.2297509,-0.019974976778030396,0.12057563662528992,-2.110114574432373
1700070779.2713165,-0.020956698805093765,0.1201721727848053,-2.111429452896118
1700070779.3113396,-0.020972788333892822,0.11976341158151627,-2.111513614654541
1700070779.3540816,-0.02146003022789955,0.11945260316133499,-2.1114861965179443
1700070779.3941088,-0.020695388317108154,0.11917416751384735,-2.1079893112182617
1700070779.437115,-0.01933177374303341,0.12064341455698013,-2.107771158218384
1700070779.4814098,-0.01841897703707218,0.12125729024410248,-2.1068880558013916
1700070779.5249922,-0.01740928366780281,0.12138497829437256,-2.1063356399536133
1700070779.565036,-0.016785534098744392,0.12066519260406494,-2.107424020767212
1700070779.6077197,-0.017434654757380486,0.12041591852903366,-2.1078152656555176
A coordinates: -0.06545158 0.3736369
B coordinates: -0.3200686 0.048905406
Center: -0.019599846 0.12057279
metaphor: pull
guidance_approach: worst_axis
intensity: zone
layout: vertical
Target location: [-0.14072977  0.35715857]
Theta: 12.384826375576589
1700070788.6642344,0.003456510603427887,0.10721445083618164,-2.0904221534729004
