1695572316.4032772,0.37998053431510925,0.26432445645332336,-2.032029628753662
1695572316.4630148,0.38502442836761475,0.255380243062973,-2.0154712200164795
1695572316.583758,0.39536961913108826,0.2609432339668274,-2.1136443614959717
1695572316.643185,0.37094587087631226,0.2310115247964859,-2.0591237545013428
1695572316.687237,0.35686689615249634,0.2398539036512375,-2.0205705165863037
1695572316.7218878,0.35948336124420166,0.24457477033138275,-2.0296168327331543
1695572316.756867,0.35236379504203796,0.24494819343090057,-1.9842557907104492
1695572316.7900224,0.3517482876777649,0.2523948550224304,-1.9724795818328857
1695572316.8225846,0.3628065884113312,0.26305222511291504,-2.0124692916870117
1695572316.8556695,0.3575785160064697,0.2585241198539734,-1.9851802587509155
1695572316.8882105,0.35532838106155396,0.258036345243454,-1.9793496131896973
1695572316.9212513,0.3539764881134033,0.25862643122673035,-1.9860025644302368
1695572316.9543462,0.3512590825557709,0.2587049901485443,-1.9923707246780396
1695572316.9875302,0.3443412184715271,0.2548905611038208,-1.9867708683013916
1695572317.0229204,0.33984625339508057,0.25371646881103516,-1.9902859926223755
1695572317.0545375,0.33763203024864197,0.25302502512931824,-1.9927114248275757
1695572317.086094,0.333181768655777,0.24942032992839813,-1.9911954402923584
1695572317.118753,0.3290417790412903,0.24800799787044525,-1.9914885759353638
1695572317.1528776,0.325622022151947,0.24678266048431396,-1.9827399253845215
1695572317.1854548,0.3218572735786438,0.24614189565181732,-1.9726715087890625
1695572317.2195125,0.31893065571784973,0.2461765855550766,-1.962902307510376
1695572317.2542655,0.32009559869766235,0.24695487320423126,-1.9593453407287598
1695572317.2868223,0.3233615756034851,0.24280312657356262,-1.9555273056030273
1695572317.3197076,0.3277764320373535,0.2391229271888733,-1.9548900127410889
1695572317.3528137,0.3311314880847931,0.23470135033130646,-1.9551887512207031
1695572317.387845,0.3358279764652252,0.23120339214801788,-1.9582583904266357
1695572317.4220207,0.33754897117614746,0.22660893201828003,-1.9587416648864746
1695572317.455196,0.3407730162143707,0.22410598397254944,-1.9628618955612183
1695572317.4900944,0.34435227513313293,0.22427543997764587,-1.9661540985107422
1695572317.5211527,0.34772929549217224,0.22723935544490814,-1.9749339818954468
1695572317.5559332,0.35185813903808594,0.2301778942346573,-1.9855413436889648
1695572317.5901358,0.35410818457603455,0.23189613223075867,-1.988839030265808
1695572317.6236708,0.3558877408504486,0.23264779150485992,-1.992554783821106
1695572317.6558628,0.3573555052280426,0.2330901026725769,-1.999654769897461
1695572317.6899648,0.35690024495124817,0.2323627471923828,-1.999186396598816
1695572317.7225635,0.3515389859676361,0.23132099211215973,-1.9956128597259521
1695572317.7561917,0.34394484758377075,0.2273324429988861,-1.9909547567367554
1695572317.790273,0.3372969925403595,0.22606658935546875,-1.9918417930603027
1695572317.8225157,0.3313713073730469,0.22647225856781006,-1.9875235557556152
1695572317.8568919,0.326053261756897,0.2283415049314499,-1.9878621101379395
1695572317.8886132,0.32247835397720337,0.23176394402980804,-1.9854457378387451
1695572317.9224107,0.32183516025543213,0.23479288816452026,-1.9855265617370605
1695572317.9537234,0.3207060396671295,0.23963028192520142,-1.9755436182022095
1695572318.0013325,0.3214052617549896,0.245388925075531,-1.9628629684448242
1695572318.0338957,0.32325077056884766,0.24730262160301208,-1.9568955898284912
1695572318.069934,0.325314998626709,0.24774979054927826,-1.9492241144180298
1695572318.1034915,0.32715705037117004,0.2455374151468277,-1.9422909021377563
1695572318.1358035,0.3298990726470947,0.24434193968772888,-1.9427939653396606
1695572318.1689227,0.3324894607067108,0.24173232913017273,-1.9446605443954468
1695572318.2014515,0.3363209068775177,0.2405485063791275,-1.9487401247024536
1695572318.2375736,0.3406441807746887,0.2413482517004013,-1.9499197006225586
1695572318.2712886,0.34678128361701965,0.24208399653434753,-1.9545197486877441
1695572318.305614,0.34985291957855225,0.24200566112995148,-1.9586498737335205
1695572318.3386836,0.3517457842826843,0.2412349432706833,-1.9576810598373413
1695572318.3723414,0.35447630286216736,0.23814186453819275,-1.9596976041793823
1695572318.4069839,0.3585568964481354,0.2350316196680069,-1.9635170698165894
1695572318.438105,0.3631901144981384,0.22751964628696442,-1.9647334814071655
1695572318.5041761,0.3621583878993988,0.22410796582698822,-1.9682555198669434
1695572318.537201,0.36371079087257385,0.2203596979379654,-1.9802460670471191
1695572318.572916,0.36721161007881165,0.21875382959842682,-1.9893208742141724
1695572318.6060038,0.3688028156757355,0.2176641970872879,-1.9957977533340454
1695572318.640041,0.36861124634742737,0.21871940791606903,-1.9971133470535278
1695572318.6743872,0.3679857552051544,0.22410403192043304,-1.9995315074920654
1695572318.7084014,0.3691171407699585,0.2292381078004837,-2.0103063583374023
1695572318.7438607,0.3727150857448578,0.23528960347175598,-2.0256574153900146
1695572318.7769396,0.37780386209487915,0.2402603179216385,-2.0366029739379883
1695572318.8094282,0.37740281224250793,0.23997536301612854,-2.041163682937622
1695572318.8424919,0.37212055921554565,0.23623640835285187,-2.035266160964966
1695572318.8768954,0.3656899631023407,0.23225392401218414,-2.0270612239837646
1695572318.911507,0.3541916310787201,0.22048065066337585,-2.0097601413726807
1695572318.9455419,0.3409321904182434,0.21242642402648926,-1.988373875617981
1695572318.9786007,0.3290441036224365,0.20827707648277283,-1.9665031433105469
1695572319.0121324,0.32253190875053406,0.20871663093566895,-1.9535455703735352
1695572319.0462227,0.3201681077480316,0.20982889831066132,-1.9408975839614868
1695572319.0799863,0.3210583031177521,0.21234145760536194,-1.9334090948104858
1695572319.1272047,0.32558968663215637,0.21432135999202728,-1.928946852684021
1695572319.1752279,0.33918628096580505,0.2115115076303482,-1.9338397979736328
1695572319.220733,0.34774744510650635,0.20386375486850739,-1.9412800073623657
1695572319.2683241,0.3511751890182495,0.19293418526649475,-1.943000078201294
1695572319.3133996,0.34770575165748596,0.17917455732822418,-1.9388740062713623
1695572319.3560452,0.3399468958377838,0.17600001394748688,-1.9266244173049927
1695572319.4019458,0.3434987962245941,0.1568288952112198,-1.9147520065307617
1695572319.4453495,0.3357866406440735,0.14410199224948883,-1.8814932107925415
1695572319.4859405,0.32956910133361816,0.14280463755130768,-1.8639535903930664
1695572319.532203,0.32709336280822754,0.14361600577831268,-1.8620847463607788
1695572319.5887764,0.3226665258407593,0.14673642814159393,-1.8513261079788208
1695572319.6368227,0.3317336440086365,0.15206900238990784,-1.8538174629211426
1695572319.6794212,0.3349386155605316,0.1589929610490799,-1.8532088994979858
1695572319.7234604,0.3363075852394104,0.16960182785987854,-1.8627175092697144
1695572319.7695453,0.3428528308868408,0.1810687631368637,-1.89353609085083
1695572319.8116148,0.3601742684841156,0.2003496140241623,-1.9596530199050903
1695572319.8529756,0.3706625699996948,0.20692883431911469,-2.007401704788208
1695572319.8970022,0.37931379675865173,0.20893916487693787,-2.0497214794158936
1695572319.9391596,0.3862524628639221,0.206586092710495,-2.088413953781128
1695572319.9832828,0.39988020062446594,0.21251744031906128,-2.148487091064453
1695572320.028246,0.40003398060798645,0.2133779674768448,-2.1652228832244873
1695572320.0689168,0.39837315678596497,0.21310687065124512,-2.1713790893554688
1695572320.110794,0.3943975269794464,0.2076946645975113,-2.178349018096924
1695572320.151784,0.3923777639865875,0.2007521539926529,-2.1731183528900146
1695572320.1948166,0.3912601172924042,0.19596189260482788,-2.1688785552978516
1695572320.235918,0.3898259401321411,0.19306640326976776,-2.15997576713562
1695572320.2795584,0.3869202733039856,0.18961888551712036,-2.146702289581299
1695572320.3201165,0.3860568404197693,0.18825700879096985,-2.133652687072754
1695572320.3620188,0.38596200942993164,0.189459890127182,-2.124861001968384
1695572320.4070592,0.38703739643096924,0.190654456615448,-2.1228833198547363
1695572320.4478896,0.3895833194255829,0.196669340133667,-2.1244168281555176
1695572320.4909172,0.39289572834968567,0.20178544521331787,-2.1329567432403564
1695572320.532002,0.3939485549926758,0.20430484414100647,-2.1349992752075195
1695572320.5752788,0.394008606672287,0.20379991829395294,-2.1349196434020996
1695572320.6153374,0.39695271849632263,0.20058514177799225,-2.1462619304656982
1695572320.6579468,0.3991060256958008,0.19847145676612854,-2.1589958667755127
1695572320.6989958,0.39833182096481323,0.19340300559997559,-2.161336660385132
1695572320.7413137,0.39470499753952026,0.18793311715126038,-2.1522626876831055
1695572320.7820554,0.3909497857093811,0.18430478870868683,-2.1464145183563232
1695572320.827617,0.3875277638435364,0.18544696271419525,-2.1330387592315674
1695572320.8698633,0.38464242219924927,0.1891072541475296,-2.1136984825134277
1695572320.9110389,0.3861125111579895,0.19319453835487366,-2.100982904434204
1695572320.9526572,0.38966020941734314,0.19675977528095245,-2.1096014976501465
1695572320.9948733,0.3907787501811981,0.19970449805259705,-2.116295099258423
1695572321.0359426,0.3948703706264496,0.20358628034591675,-2.1181640625
1695572321.079096,0.3969014286994934,0.21633079648017883,-2.10878849029541
1695572321.108646,0.39945828914642334,0.22135482728481293,-2.100754976272583
1695572321.1421924,0.4029596149921417,0.22646890580654144,-2.108365535736084
1695572321.1749256,0.4093781113624573,0.23025324940681458,-2.118741512298584
1695572321.2110443,0.4107222855091095,0.22801819443702698,-2.121943473815918
1695572321.2431026,0.4060995876789093,0.23162922263145447,-2.1224095821380615
1695572321.2756674,0.402899831533432,0.24218007922172546,-2.125598907470703
1695572321.3082294,0.3991091251373291,0.2516051232814789,-2.1294643878936768
1695572321.3420393,0.396220862865448,0.258691668510437,-2.130753993988037
1695572321.3771584,0.39666369557380676,0.2658306062221527,-2.1337249279022217
1695572321.4087222,0.3962334990501404,0.2709619402885437,-2.137296438217163
1695572321.4423063,0.39773309230804443,0.27449485659599304,-2.1329939365386963
1695572321.4769073,0.3957970142364502,0.2787121534347534,-2.118948459625244
1695572321.5105088,0.39389166235923767,0.28249725699424744,-2.108757734298706
1695572321.5420637,0.3918076157569885,0.29010578989982605,-2.0973682403564453
1695572321.5749514,0.3905060589313507,0.29297465085983276,-2.08613657951355
1695572321.6130755,0.3897451162338257,0.2964518666267395,-2.077420234680176
1695572327.2991452,0.08878901600837708,0.5222107768058777,-2.0928218364715576
1695572327.3662286,0.08141621947288513,0.5187779068946838,-2.0889892578125
1695572327.428257,0.07877186685800552,0.5172589421272278,-2.093411684036255
1695572327.4908206,0.07190527021884918,0.518355131149292,-2.1022908687591553
1695572327.5576215,0.06964583694934845,0.5183923840522766,-2.1000640392303467
1695572327.6239538,0.07484768331050873,0.5198380351066589,-2.09973406791687
1695572327.6914318,0.07562714070081711,0.5197750926017761,-2.1009371280670166
1695572327.7324934,0.07780340313911438,0.518926203250885,-2.09737491607666
1695572327.775829,0.07943537086248398,0.5195635557174683,-2.0946462154388428
1695572327.817388,0.07995282113552094,0.5208860039710999,-2.0939648151397705
1695572327.8607564,0.07975590229034424,0.5218695402145386,-2.093252420425415
1695572327.903353,0.08017203211784363,0.5234853625297546,-2.091235399246216
1695572327.944106,0.07948403805494308,0.5246472358703613,-2.091883659362793
1695572327.9854531,0.07857653498649597,0.5257411003112793,-2.0931396484375
1695572328.0301924,0.07696998864412308,0.5260136127471924,-2.094412326812744
1695572328.0748963,0.07472262531518936,0.5260478258132935,-2.0956506729125977
1695572328.115293,0.07342194020748138,0.525368332862854,-2.0939900875091553
1695572328.1588833,0.07346688210964203,0.5245071649551392,-2.0918219089508057
1695572328.2004402,0.07395445555448532,0.5225772857666016,-2.0900869369506836
1695572328.2444875,0.07445249706506729,0.5202226042747498,-2.088254690170288
1695572328.285537,0.07567381858825684,0.5201622843742371,-2.0872795581817627
1695572328.3281815,0.07611196488142014,0.5205655097961426,-2.0876166820526123
1695572328.3691294,0.07653854787349701,0.5214763879776001,-2.0872232913970947
1695572328.4104235,0.07772908359766006,0.5227313041687012,-2.0881893634796143
1695572328.4524503,0.07712831348180771,0.5239273309707642,-2.0893514156341553
1695572328.4941099,0.07447516173124313,0.524118959903717,-2.09001088142395
1695572328.5379393,0.07159972935914993,0.5241048336029053,-2.0899343490600586
1695572328.5830097,0.06863109767436981,0.5237288475036621,-2.088468551635742
1695572328.6256354,0.06932379305362701,0.5239623188972473,-2.087533950805664
1695572328.6689692,0.07004863023757935,0.5235379338264465,-2.0857226848602295
1695572328.7110734,0.0705040991306305,0.5236181616783142,-2.0834462642669678
1695572328.752236,0.06904000043869019,0.5238865613937378,-2.083674669265747
1695572328.7952642,0.06675458699464798,0.5237511992454529,-2.0844011306762695
1695572328.8349345,0.06529758870601654,0.5236214399337769,-2.0862069129943848
1695572328.8775678,0.06481490284204483,0.5230563879013062,-2.087538719177246
1695572328.9191597,0.06621252000331879,0.522956371307373,-2.088618755340576
1695572328.9612377,0.06789767742156982,0.5221446752548218,-2.0868234634399414
1695572329.0003324,0.07017351686954498,0.5216729640960693,-2.0860440731048584
1695572329.0450964,0.07336343824863434,0.5213624238967896,-2.085329294204712
1695572329.0871792,0.07452908158302307,0.521597683429718,-2.085057497024536
1695572329.127455,0.07511091232299805,0.521475613117218,-2.0851712226867676
1695572329.1695697,0.07504412531852722,0.5212048292160034,-2.086198329925537
1695572329.2100997,0.073173888027668,0.520657479763031,-2.0884716510772705
1695572329.2511523,0.07266608625650406,0.5206342935562134,-2.0885298252105713
1695572329.2936764,0.07220138609409332,0.5212298035621643,-2.088418960571289
1695572329.3343117,0.07160137593746185,0.5223124623298645,-2.0892333984375
1695572329.3769677,0.07220809906721115,0.5229687094688416,-2.089332342147827
1695572329.4183228,0.07266177237033844,0.5234695672988892,-2.088775634765625
1695572329.4629557,0.07241163402795792,0.5243414044380188,-2.0886833667755127
1695572329.5060203,0.07184053212404251,0.5247581601142883,-2.0885629653930664
1695572329.5456543,0.0710127204656601,0.524324357509613,-2.0883350372314453
1695572329.5888586,0.06991992145776749,0.523106575012207,-2.0873281955718994
1695572329.6301384,0.06872119009494781,0.5220471024513245,-2.0847020149230957
1695572329.6707165,0.06805419921875,0.522071361541748,-2.082522392272949
1695572329.7153165,0.06712573021650314,0.5223984718322754,-2.082683563232422
1695572329.7559144,0.06752800941467285,0.5225440859794617,-2.0833897590637207
1695572329.799018,0.06713325530290604,0.5226318836212158,-2.084554672241211
1695572329.841108,0.06655924022197723,0.5230714678764343,-2.0846505165100098
1695572329.8819633,0.06687122583389282,0.524496853351593,-2.085336446762085
1695572329.911135,0.06816030293703079,0.525301992893219,-2.0858166217803955
1695572329.9412012,0.06722760200500488,0.5257165431976318,-2.0848257541656494
1695572329.9723024,0.06554881483316422,0.5251584053039551,-2.082900285720825
1695572330.0069172,0.06478217244148254,0.5241364240646362,-2.0821967124938965
1695572330.039039,0.06455357372760773,0.5235636234283447,-2.081310987472534
1695572330.0751143,0.06426441669464111,0.5233661532402039,-2.082542896270752
1695572330.1062942,0.06286522001028061,0.5239806175231934,-2.085205554962158
1695572330.1409652,0.06167453154921532,0.5240243077278137,-2.086709976196289
1695572330.1725833,0.061204779893159866,0.5240500569343567,-2.086851119995117
1695572330.2061195,0.061282917857170105,0.5237566232681274,-2.085899591445923
1695572330.240683,0.061904072761535645,0.5238626003265381,-2.085181951522827
1695572330.274008,0.06293199956417084,0.5238434672355652,-2.0840229988098145
1695572330.3062575,0.0647086650133133,0.5241568684577942,-2.0830724239349365
1695572330.3407462,0.06538434326648712,0.5237898826599121,-2.0830910205841064
1695572330.3734167,0.0658269077539444,0.5230485200881958,-2.0838229656219482
1695572330.4080517,0.06627722829580307,0.5224339365959167,-2.083782434463501
1695572330.440577,0.0668795108795166,0.5228862762451172,-2.084413766860962
1695572330.4751585,0.06767749786376953,0.5231150388717651,-2.0845205783843994
1695572330.5082068,0.068431057035923,0.5229446887969971,-2.0845422744750977
1695572330.5432901,0.06990425288677216,0.5228015780448914,-2.084383010864258
1695572330.5744133,0.07155989110469818,0.5232153534889221,-2.084435224533081
1695572330.6089823,0.0721316859126091,0.5242125391960144,-2.0848536491394043
1695572330.6421113,0.07247354835271835,0.5244594812393188,-2.0849883556365967
1695572330.6754632,0.07263777405023575,0.5245749354362488,-2.084622621536255
1695572330.7081094,0.07200586050748825,0.5245269536972046,-2.0843827724456787
1695572330.7422516,0.07109667360782623,0.5233855247497559,-2.0840611457824707
1695572330.7773054,0.07042808085680008,0.521920382976532,-2.0834240913391113
1695572330.809175,0.06966297328472137,0.5211250185966492,-2.0825607776641846
1695572330.8420155,0.06894423067569733,0.5200752019882202,-2.0812861919403076
1695572330.8756714,0.06817366182804108,0.5203089714050293,-2.080697536468506
1695572330.9102418,0.06850036233663559,0.5207375288009644,-2.080409526824951
1695572330.943329,0.06897200644016266,0.5212661027908325,-2.0804152488708496
1695572330.9768512,0.06888891011476517,0.5219067335128784,-2.081634044647217
1695572331.0104558,0.06909874826669693,0.5227676630020142,-2.0836732387542725
1695572331.0430014,0.06859391927719116,0.523385763168335,-2.085078716278076
1695572331.0758002,0.06780554354190826,0.5236780047416687,-2.0855166912078857
1695572331.1082492,0.06635227054357529,0.5238040685653687,-2.0853142738342285
1695572331.1434932,0.0657927468419075,0.5237700939178467,-2.0847628116607666
1695572331.176962,0.06577632576227188,0.5240581035614014,-2.0854766368865967
1695572331.2104416,0.06661414355039597,0.523916482925415,-2.086472272872925
1695572331.2422104,0.06727118790149689,0.523352861404419,-2.0869407653808594
1695572331.276919,0.0684858113527298,0.5224406719207764,-2.0866215229034424
1695572331.3105867,0.06855160742998123,0.5223861932754517,-2.0869686603546143
1695572331.3449955,0.06803490221500397,0.5228418707847595,-2.088447332382202
1695572331.3771958,0.06851302832365036,0.5223245620727539,-2.0898191928863525
1695572331.409871,0.06927452981472015,0.5218977332115173,-2.0895822048187256
1695572331.4439547,0.07044526934623718,0.5219354629516602,-2.088542938232422
1695572331.478451,0.07092343270778656,0.5217114686965942,-2.087808847427368
1695572331.5130124,0.07102876901626587,0.5218057632446289,-2.0873773097991943
1695572331.5451417,0.07059671729803085,0.5215662121772766,-2.08591628074646
1695572331.5803351,0.07002122700214386,0.5212492346763611,-2.0856528282165527
1695572331.6130388,0.06942614167928696,0.5218686461448669,-2.0860254764556885
1695572331.6453516,0.06890600174665451,0.5219689607620239,-2.0871477127075195
1695572331.678962,0.06809066236019135,0.5231477618217468,-2.0891904830932617
1695572331.725352,0.06717775762081146,0.5241394639015198,-2.0913119316101074
1695572331.766007,0.06620742380619049,0.5241417288780212,-2.09171199798584
1695572331.807967,0.06488625705242157,0.5234944820404053,-2.0910165309906006
1695572331.8490953,0.0644475668668747,0.523189127445221,-2.0890369415283203
1695572331.8943343,0.06450793147087097,0.5228448510169983,-2.0875983238220215
1695572331.936186,0.06534937024116516,0.5224548578262329,-2.086331605911255
1695572331.9775062,0.06680412590503693,0.5228490233421326,-2.084913969039917
1695572332.0185406,0.06832356005907059,0.5239786505699158,-2.083587169647217
1695572332.0613313,0.0690310075879097,0.5238289833068848,-2.085587978363037
1695572332.1019664,0.0693703144788742,0.5235827565193176,-2.086082696914673
1695572332.1446023,0.06878915429115295,0.5233193635940552,-2.0862326622009277
1695572332.1871552,0.06934152543544769,0.52333664894104,-2.0852437019348145
1695572332.2306967,0.06926647573709488,0.523234486579895,-2.086534023284912
1695572332.2749927,0.06995542347431183,0.5226991772651672,-2.0880954265594482
1695572332.314049,0.07136297225952148,0.5217690467834473,-2.0890395641326904
1695572332.3558133,0.0752929300069809,0.5215407609939575,-2.0904476642608643
1695572332.3991663,0.07705031335353851,0.5226510167121887,-2.0915040969848633
1695572332.4403124,0.07876289635896683,0.5237969160079956,-2.091200590133667
1695572353.547332,-0.16809065639972687,0.16478170454502106,-2.0027101039886475
1695572353.613655,-0.17747065424919128,0.1622980237007141,-2.003140449523926
1695572353.6713548,-0.1809663474559784,0.15827032923698425,-2.0486955642700195
1695572353.7332137,-0.17524418234825134,0.1651637703180313,-2.024271011352539
1695572353.7901294,-0.17757153511047363,0.1661757230758667,-2.0305025577545166
1695572353.8562887,-0.17954225838184357,0.16600468754768372,-2.0315182209014893
1695572353.9188566,-0.17918360233306885,0.16196252405643463,-2.0265238285064697
1695572353.9811804,-0.17806687951087952,0.1587507724761963,-2.023226022720337
1695572354.0432348,-0.17932337522506714,0.15897682309150696,-2.02329158782959
1695572354.1085236,-0.18034321069717407,0.16128620505332947,-2.0224449634552
1695572354.1536386,-0.1798136830329895,0.1624302864074707,-2.022634506225586
1695572354.195332,-0.18216541409492493,0.16409286856651306,-2.023454427719116
1695572354.23734,-0.18287116289138794,0.16333045065402985,-2.0244290828704834
1695572354.2790072,-0.18266476690769196,0.1624486744403839,-2.0234363079071045
1695572354.3230224,-0.18204142153263092,0.1607663631439209,-2.022275447845459
1695572354.3671715,-0.18169650435447693,0.1593877375125885,-2.0245285034179688
1695572354.4102402,-0.18201997876167297,0.15927088260650635,-2.026479959487915
1695572354.4524004,-0.18261106312274933,0.1592974066734314,-2.027085781097412
1695572354.4950855,-0.18303215503692627,0.15893781185150146,-2.027299404144287
1695572354.5364347,-0.18380437791347504,0.15838082134723663,-2.026621103286743
1695572354.5790207,-0.18357157707214355,0.15801167488098145,-2.0267062187194824
1695572354.6209211,-0.18293258547782898,0.1576785445213318,-2.0268659591674805
1695572354.6629624,-0.18361178040504456,0.15904977917671204,-2.0274081230163574
1695572354.70911,-0.18260638415813446,0.15908142924308777,-2.0281951427459717
1695572354.7531874,-0.1823028028011322,0.15912890434265137,-2.0298635959625244
1695572354.7969866,-0.1821478009223938,0.15904349088668823,-2.0304083824157715
1695572354.8384907,-0.18242977559566498,0.15923765301704407,-2.0294647216796875
1695572354.8817172,-0.18343664705753326,0.15979290008544922,-2.028545618057251
1695572354.9253187,-0.18401841819286346,0.1609831303358078,-2.0274698734283447
1695572354.967121,-0.18434147536754608,0.1609688550233841,-2.026721477508545
1695572355.010273,-0.18505007028579712,0.1610032320022583,-2.0258584022521973
1695572355.052011,-0.1852102279663086,0.1606966108083725,-2.0260112285614014
1695572355.0950549,-0.18467937409877777,0.1604684591293335,-2.0263712406158447
1695572355.1413589,-0.18558359146118164,0.16041700541973114,-2.0284626483917236
1695572355.1827054,-0.18684175610542297,0.16064202785491943,-2.02988600730896
1695572355.2257485,-0.18644636869430542,0.16004234552383423,-2.0310142040252686
1695572355.2674344,-0.18676769733428955,0.15916138887405396,-2.0317904949188232
1695572355.3095195,-0.18556974828243256,0.15793827176094055,-2.030438184738159
1695572355.3503091,-0.18534673750400543,0.1582411527633667,-2.0298991203308105
1695572355.3950005,-0.18555155396461487,0.15924443304538727,-2.0299274921417236
1695572355.4350336,-0.18396322429180145,0.15870285034179688,-2.027637004852295
1695572355.4770133,-0.18311713635921478,0.15829706192016602,-2.0268468856811523
1695572355.51856,-0.18252992630004883,0.1577479988336563,-2.026618480682373
1695572355.561186,-0.1825178563594818,0.1572372317314148,-2.0270209312438965
1695572355.6032517,-0.18222792446613312,0.15600357949733734,-2.02822208404541
1695572355.6481504,-0.18232735991477966,0.1557057499885559,-2.0295815467834473
1695572355.6902144,-0.18264690041542053,0.15623228251934052,-2.0295584201812744
1695572355.733277,-0.18181803822517395,0.1570322960615158,-2.0286619663238525
1695572355.7753038,-0.17971643805503845,0.15850171446800232,-2.0261855125427246
1695572355.815381,-0.17974071204662323,0.15944191813468933,-2.0247514247894287
1695572355.8590007,-0.17936906218528748,0.1594410240650177,-2.024712324142456
1695572355.8935544,-0.17992784082889557,0.1589212268590927,-2.0250396728515625
1695572355.9214826,-0.180604487657547,0.15848571062088013,-2.025693416595459
1695572355.952019,-0.18081194162368774,0.15764491260051727,-2.026184320449829
1695572355.983117,-0.18082642555236816,0.15739214420318604,-2.0259411334991455
1695572356.0125184,-0.18078863620758057,0.1571463942527771,-2.0253655910491943
1695572356.042073,-0.1803455650806427,0.1572192758321762,-2.024624824523926
1695572356.072687,-0.1801692098379135,0.15636739134788513,-2.0242950916290283
1695572356.103214,-0.17979472875595093,0.1559077501296997,-2.0240325927734375
1695572356.132329,-0.1794382929801941,0.15608632564544678,-2.024317502975464
1695572356.1662388,-0.17996077239513397,0.15643982589244843,-2.024993896484375
1695572356.1983867,-0.18073168396949768,0.1567651927471161,-2.025824785232544
1695572356.2324698,-0.1805078238248825,0.15693703293800354,-2.026197910308838
1695572356.2660205,-0.18084576725959778,0.15729916095733643,-2.025606632232666
1695572356.298153,-0.1800922304391861,0.15814630687236786,-2.0251882076263428
1695572356.3324509,-0.17968057096004486,0.1587015688419342,-2.0236635208129883
1695572356.3670056,-0.17993584275245667,0.15948724746704102,-2.0226526260375977
1695572356.4012094,-0.18016944825649261,0.16087929904460907,-2.0218465328216553
1695572356.4317517,-0.1800134927034378,0.16260682046413422,-2.0206758975982666
1695572356.466418,-0.1799812912940979,0.1638641655445099,-2.018749713897705
1695572356.4989579,-0.17955991625785828,0.16500210762023926,-2.017080545425415
1695572356.5326939,-0.17865365743637085,0.16516298055648804,-2.0157124996185303
1695572356.5652564,-0.17837795615196228,0.16522972285747528,-2.0147178173065186
1695572356.6014056,-0.17850492894649506,0.16586509346961975,-2.0138819217681885
1695572356.6340983,-0.17905068397521973,0.16581037640571594,-2.013575315475464
1695572356.667057,-0.17932984232902527,0.16583624482154846,-2.014476776123047
1695572356.7021298,-0.17922572791576385,0.16512376070022583,-2.015169620513916
1695572356.7333777,-0.17953667044639587,0.16378416121006012,-2.016441822052002
1695572356.7685275,-0.17954473197460175,0.1616724729537964,-2.0172231197357178
1695572356.8030965,-0.1797543466091156,0.1605880856513977,-2.0179147720336914
1695572356.8341877,-0.18000198900699615,0.15977059304714203,-2.018397569656372
1695572356.867827,-0.17969414591789246,0.15920937061309814,-2.0180294513702393
1695572356.9008565,-0.17928752303123474,0.15896794199943542,-2.0180490016937256
1695572356.9354076,-0.17890746891498566,0.1585167497396469,-2.017763137817383
1695572356.967554,-0.17871679365634918,0.1584533005952835,-2.018007516860962
1695572357.0005825,-0.1786307990550995,0.1586633324623108,-2.019028425216675
1695572357.0351012,-0.17920881509780884,0.1586478054523468,-2.0202274322509766
1695572357.0685997,-0.17917928099632263,0.15891698002815247,-2.021446466445923
1695572357.1031582,-0.17950212955474854,0.15933707356452942,-2.022799253463745
1695572357.1346748,-0.18074564635753632,0.1598641723394394,-2.0236897468566895
1695572357.1692336,-0.18172967433929443,0.1605224460363388,-2.0236544609069824
1695572357.2043612,-0.18213936686515808,0.16112150251865387,-2.0238890647888184
1695572357.2384076,-0.1815738081932068,0.1616845726966858,-2.023676633834839
1695572357.2694528,-0.18122097849845886,0.16198447346687317,-2.0236644744873047
1695572357.3029966,-0.1807534098625183,0.16257895529270172,-2.0236518383026123
1695572357.3372512,-0.18062297999858856,0.16343118250370026,-2.0235788822174072
1695572357.3696518,-0.1817810982465744,0.16400395333766937,-2.0238003730773926
1695572357.4032054,-0.18262869119644165,0.163893461227417,-2.0243654251098633
1695572357.4362578,-0.1832766830921173,0.16423143446445465,-2.0252163410186768
1695572357.4705896,-0.18397432565689087,0.16482260823249817,-2.026207447052002
1695572357.5031207,-0.18410003185272217,0.1655498743057251,-2.0265517234802246
1695572357.5380025,-0.18324102461338043,0.16628563404083252,-2.027179479598999
1695572357.570519,-0.1819075644016266,0.1666111797094345,-2.0265872478485107
1695572357.606283,-0.18134081363677979,0.16722799837589264,-2.025742530822754
1695572357.63832,-0.18105170130729675,0.16754959523677826,-2.024392604827881
1695572357.6734827,-0.18100997805595398,0.1674509197473526,-2.0229427814483643
1695572357.704028,-0.18083691596984863,0.16721290349960327,-2.021582841873169
1695572357.7387512,-0.18089036643505096,0.1673300713300705,-2.0212490558624268
1695572357.7728128,-0.18144062161445618,0.16763237118721008,-2.0210671424865723
1695572357.8076005,-0.18201524019241333,0.1674722135066986,-2.0208687782287598
1695572357.8421826,-0.18262648582458496,0.16797268390655518,-2.021347761154175
1695572357.8727076,-0.1829240322113037,0.1679920256137848,-2.022454261779785
1695572357.907263,-0.1837320625782013,0.16739802062511444,-2.023578405380249
1695572357.938404,-0.18424075841903687,0.16702939569950104,-2.0249106884002686
1695572357.9725523,-0.18425895273685455,0.1671174019575119,-2.02541184425354
1695572358.006948,-0.18389451503753662,0.1669159084558487,-2.02607798576355
1695572358.0398736,-0.18243709206581116,0.16636647284030914,-2.026197910308838
1695572358.0738988,-0.18135294318199158,0.16612301766872406,-2.0256664752960205
1695572358.1073709,-0.18001055717468262,0.16523665189743042,-2.025738000869751
1695572358.1403718,-0.17938712239265442,0.16526174545288086,-2.0254275798797607
1695572358.1733239,-0.17878225445747375,0.16507095098495483,-2.0250802040100098
1695572358.207082,-0.1792294681072235,0.16474448144435883,-2.025440216064453
1695572358.240326,-0.1788574755191803,0.16450384259223938,-2.0262672901153564
1695572358.2753913,-0.1787216067314148,0.16372506320476532,-2.026629686355591
1695572358.3069556,-0.17880673706531525,0.16337016224861145,-2.025893211364746
1695572358.3392673,-0.17953580617904663,0.1626761555671692,-2.025082588195801
1695572358.3749325,-0.18114367127418518,0.16252419352531433,-2.024892568588257
1695572358.4080045,-0.18222889304161072,0.1627587080001831,-2.0240976810455322
1695572358.44008,-0.18243026733398438,0.1627684384584427,-2.0224263668060303
1695572358.4727266,-0.1818070113658905,0.16291669011116028,-2.020873546600342
1695572358.506131,-0.18045984208583832,0.16298294067382812,-2.0193004608154297
1695572358.539377,-0.1784587949514389,0.16292932629585266,-2.018423080444336
1695572358.5748746,-0.1754707247018814,0.16277799010276794,-2.017289161682129
1695572358.6096158,-0.1730317622423172,0.16290901601314545,-2.016653537750244
1695572358.6431537,-0.17081980407238007,0.16270874440670013,-2.0159075260162354
1695572358.6749842,-0.1699528694152832,0.1632104218006134,-2.0151567459106445
1695572366.1382143,0.21253523230552673,-0.10611357539892197,-2.1774468421936035
1695572366.207116,0.21101568639278412,-0.10915179550647736,-2.1725831031799316
1695572366.2652574,0.18895816802978516,-0.07890872657299042,-2.142781972885132
1695572366.3237212,0.18805205821990967,-0.07306651771068573,-2.1491405963897705
1695572366.3874524,0.17824795842170715,-0.08347287774085999,-2.131732225418091
1695572366.453827,0.1759280562400818,-0.08565740287303925,-2.132657289505005
1695572366.4971154,0.1759623885154724,-0.08745299279689789,-2.1329550743103027
1695572366.5440722,0.17470496892929077,-0.09113212674856186,-2.1205708980560303
1695572366.5881248,0.17547230422496796,-0.09397609531879425,-2.116241455078125
1695572366.6332054,0.1759871393442154,-0.09595207124948502,-2.1131255626678467
1695572366.678219,0.17871806025505066,-0.09846556186676025,-2.1113765239715576
1695572366.7203064,0.18088515102863312,-0.09919459372758865,-2.1114869117736816
1695572366.7641823,0.18184547126293182,-0.09937377274036407,-2.1112301349639893
1695572366.8103108,0.18575385212898254,-0.09846894443035126,-2.1128745079040527
1695572366.853892,0.18738384544849396,-0.09760504961013794,-2.115339517593384
1695572366.900292,0.18777641654014587,-0.09559690952301025,-2.1157257556915283
1695572366.9460168,0.18822066485881805,-0.09274978190660477,-2.1167333126068115
1695572366.9913025,0.18803343176841736,-0.09254679083824158,-2.118544816970825
1695572367.0363657,0.18743237853050232,-0.09312331676483154,-2.1207292079925537
1695572367.0815115,0.18645942211151123,-0.09286867082118988,-2.1218814849853516
1695572367.1255739,0.1842500865459442,-0.09194248914718628,-2.1212263107299805
1695572367.1686783,0.1824016273021698,-0.09082652628421783,-2.1204311847686768
1695572367.2123997,0.17994672060012817,-0.08895134925842285,-2.1183581352233887
1695572367.2554448,0.17914891242980957,-0.08798263967037201,-2.118375539779663
1695572367.3011634,0.17881232500076294,-0.08747401833534241,-2.1173691749572754
1695572367.343431,0.17750415205955505,-0.0858318954706192,-2.1160519123077393
1695572367.386441,0.17713730037212372,-0.08689668029546738,-2.1183886528015137
1695572367.4300654,0.17697514593601227,-0.08826997876167297,-2.1206510066986084
1695572367.474275,0.17607450485229492,-0.08911861479282379,-2.1223323345184326
1695572367.5184107,0.17649216949939728,-0.08955378830432892,-2.1241185665130615
1695572367.5633893,0.177193284034729,-0.09033559262752533,-2.1269707679748535
1695572367.6074321,0.17733648419380188,-0.09167248755693436,-2.129211187362671
1695572367.6490333,0.17852643132209778,-0.09312806278467178,-2.129977226257324
1695572367.6916332,0.1791505217552185,-0.09338493645191193,-2.1288774013519287
1695572367.7346983,0.17953063547611237,-0.09345243871212006,-2.1285531520843506
1695572367.7782838,0.17900188267230988,-0.09370055794715881,-2.128180503845215
1695572367.8202484,0.17835234105587006,-0.0937567800283432,-2.127688407897949
1695572367.8613358,0.17825788259506226,-0.09334930777549744,-2.1285362243652344
1695572367.9028928,0.17980451881885529,-0.09312696754932404,-2.1284713745117188
1695572367.9456306,0.18121030926704407,-0.0928974449634552,-2.1289660930633545
1695572367.9890964,0.18117842078208923,-0.09173037111759186,-2.126342535018921
1695572368.0333505,0.1807236522436142,-0.0905068963766098,-2.1226346492767334
1695572368.0792165,0.18175074458122253,-0.090638168156147,-2.120084524154663
1695572368.1192756,0.18253709375858307,-0.09037984907627106,-2.1199822425842285
1695572368.161629,0.18270790576934814,-0.09080752730369568,-2.1206202507019043
1695572368.2023077,0.18322065472602844,-0.09068155288696289,-2.120786190032959
1695572368.2463963,0.18193542957305908,-0.09044159203767776,-2.1198830604553223
1695572368.2870529,0.18048200011253357,-0.08983372151851654,-2.118454933166504
1695572368.329214,0.17970696091651917,-0.08960083872079849,-2.1167654991149902
1695572368.3710916,0.17922095954418182,-0.08978533744812012,-2.1163365840911865
1695572368.4129875,0.17848622798919678,-0.091207355260849,-2.119614601135254
1695572368.454048,0.1791488528251648,-0.09242954850196838,-2.1251683235168457
1695572368.495668,0.17935501039028168,-0.09312722831964493,-2.129927158355713
1695572368.5377321,0.17847631871700287,-0.09377432614564896,-2.1321380138397217
1695572368.582496,0.17818476259708405,-0.09364523738622665,-2.135226249694824
1695572368.6261294,0.17807483673095703,-0.09295687079429626,-2.1333701610565186
1695572368.6672902,0.17839927971363068,-0.09270498901605606,-2.1315951347351074
1695572368.6986275,0.179547518491745,-0.09304693341255188,-2.131080150604248
1695572368.7282326,0.1805000752210617,-0.09267567098140717,-2.1317381858825684
1695572368.7583911,0.18232925236225128,-0.09267974644899368,-2.1321189403533936
1695572368.7883627,0.18326812982559204,-0.0931481271982193,-2.132039785385132
1695572368.818429,0.18326812982559204,-0.09339834749698639,-2.1306569576263428
1695572368.8488333,0.18400506675243378,-0.09359905123710632,-2.129441976547241
1695572368.879923,0.1846170425415039,-0.09372157603502274,-2.1267306804656982
1695572368.9079943,0.1851438283920288,-0.09326966106891632,-2.12508487701416
1695572368.9417534,0.18492576479911804,-0.09287476539611816,-2.1242620944976807
1695572368.9771419,0.1839386522769928,-0.09298057109117508,-2.123736619949341
1695572369.0112066,0.18302153050899506,-0.09302951395511627,-2.124056100845337
1695572369.0423253,0.1825973093509674,-0.09353457391262054,-2.123840570449829
1695572369.077025,0.1829729974269867,-0.09351596981287003,-2.1230123043060303
1695572369.1092067,0.1833677440881729,-0.09335885941982269,-2.1233086585998535
1695572369.1463475,0.18395210802555084,-0.09330092370510101,-2.123404026031494
1695572369.1799111,0.184628427028656,-0.09343129396438599,-2.1243560314178467
1695572369.2134159,0.18499113619327545,-0.09368720650672913,-2.124288320541382
1695572369.2429082,0.18451958894729614,-0.09420574456453323,-2.1223561763763428
1695572369.278261,0.183292955160141,-0.094777911901474,-2.1208691596984863
1695572369.3115664,0.18226537108421326,-0.09445054829120636,-2.1197080612182617
1695572369.3451,0.18100424110889435,-0.09395629167556763,-2.1192328929901123
1695572369.377244,0.18047888576984406,-0.09331406652927399,-2.1170055866241455
1695572369.410731,0.18045754730701447,-0.09249851107597351,-2.116210460662842
1695572369.445322,0.18046307563781738,-0.09225526452064514,-2.117053747177124
1695572369.477322,0.1807815134525299,-0.09275805205106735,-2.1178417205810547
1695572369.511854,0.18190829455852509,-0.09373897314071655,-2.1181719303131104
1695572369.545383,0.1827550232410431,-0.09475970268249512,-2.1178247928619385
1695572369.5808783,0.18300335109233856,-0.09570007026195526,-2.116786479949951
1695572369.6124122,0.18250082433223724,-0.09576672315597534,-2.1150434017181396
1695572369.6447608,0.1821741908788681,-0.09526136517524719,-2.1144633293151855
1695572369.678373,0.18196167051792145,-0.09475777298212051,-2.115607500076294
1695572369.713542,0.1810082644224167,-0.09440553933382034,-2.1164305210113525
1695572369.747097,0.18062956631183624,-0.09403923153877258,-2.1191325187683105
1695572369.7791643,0.1801040917634964,-0.0940525233745575,-2.1209988594055176
1695572369.8112671,0.17970412969589233,-0.09389478713274002,-2.121354818344116
1695572369.8464284,0.1799238920211792,-0.09406252205371857,-2.1213202476501465
1695572369.8802798,0.18012893199920654,-0.09447015821933746,-2.121277093887329
1695572369.919328,0.18042883276939392,-0.09499508142471313,-2.122368812561035
1695572369.9488943,0.18060429394245148,-0.09515444189310074,-2.122516393661499
1695572369.981468,0.18051211535930634,-0.09458601474761963,-2.1234095096588135
1695572370.0139987,0.18103741109371185,-0.09405934810638428,-2.123983144760132
1695572370.04807,0.18143901228904724,-0.09401130676269531,-2.1251614093780518
1695572370.0806189,0.18184848129749298,-0.09398293495178223,-2.126310348510742
1695572370.1146133,0.1816529780626297,-0.09349772334098816,-2.1252477169036865
1695572370.1493573,0.182069331407547,-0.0931515097618103,-2.1248366832733154
1695572370.1810508,0.18216001987457275,-0.09321810305118561,-2.1249048709869385
1695572370.2133338,0.18247096240520477,-0.09353436529636383,-2.1246373653411865
1695572370.2482443,0.1827140748500824,-0.09410835802555084,-2.1242074966430664
1695572370.2816024,0.1826188564300537,-0.09410560876131058,-2.1243937015533447
1695572370.3154845,0.18218466639518738,-0.09395591914653778,-2.1234383583068848
1695572370.349212,0.18170702457427979,-0.09390726685523987,-2.12286639213562
1695572370.3818903,0.181017205119133,-0.09413669258356094,-2.1221060752868652
1695572370.4151402,0.180832177400589,-0.09428252279758453,-2.1213574409484863
1695572370.4497426,0.1808423548936844,-0.09453816711902618,-2.122415781021118
1695572370.49227,0.1816205084323883,-0.09512591361999512,-2.123917579650879
1695572370.5340245,0.18247883021831512,-0.09557625651359558,-2.124328851699829
1695572370.5786273,0.1831657588481903,-0.09560161828994751,-2.1257071495056152
1695572370.6210282,0.1845531165599823,-0.09481436014175415,-2.1249897480010986
1695572370.6633215,0.18447145819664001,-0.09483465552330017,-2.1253743171691895
1695572370.6934597,0.1840006411075592,-0.09453408420085907,-2.1252434253692627
1695572370.724018,0.1837424337863922,-0.09468252956867218,-2.1251306533813477
1695572370.755147,0.18330028653144836,-0.09516794979572296,-2.124927282333374
1695572370.7856424,0.18296904861927032,-0.09520760923624039,-2.1243295669555664
1695572370.8186405,0.1827920377254486,-0.09505701065063477,-2.121798515319824
1695572370.8512473,0.18310122191905975,-0.09460021555423737,-2.1200809478759766
1695572370.8848333,0.1827366203069687,-0.09418530017137527,-2.118718385696411
1695572370.9174242,0.1826057881116867,-0.09422631561756134,-2.1184239387512207
1695572370.951005,0.18288816511631012,-0.09407268464565277,-2.118218421936035
1695572370.9850624,0.18233539164066315,-0.09329594671726227,-2.117579698562622
1695572371.018332,0.1819431632757187,-0.09310074150562286,-2.1175832748413086
1695572371.0524642,0.18189768493175507,-0.09334514290094376,-2.119004487991333
1695572371.086198,0.1815626472234726,-0.09333910048007965,-2.118950128555298
1695572371.1202414,0.18059439957141876,-0.09339374303817749,-2.118041753768921
1695572371.1513834,0.18039242923259735,-0.09333491325378418,-2.1159725189208984
1695572371.1843646,0.18057510256767273,-0.0930555984377861,-2.113628625869751
1695572371.2183552,0.18071481585502625,-0.09291282296180725,-2.1129846572875977
1695572371.2522178,0.180189311504364,-0.09314635396003723,-2.1141421794891357
1695572371.2873058,0.18027281761169434,-0.09412795305252075,-2.1169729232788086
1695572381.7271059,0.14593559503555298,-0.09629575908184052,-2.1259071826934814
1695572381.7971344,0.14567455649375916,-0.09672509133815765,-2.126434326171875
1695572381.859316,0.14521080255508423,-0.09685097634792328,-2.1260721683502197
1695572381.9233959,0.14489036798477173,-0.09692580997943878,-2.125861644744873
1695572381.9905689,0.1445057988166809,-0.09703869372606277,-2.1256468296051025
1695572382.04729,0.23960304260253906,-0.051255956292152405,-2.130516529083252
1695572382.0983334,0.2387162744998932,-0.023952089250087738,-2.10056471824646
1695572382.2425406,0.37804457545280457,-0.002381250262260437,-2.192207098007202
1695572382.6382902,0.37554284930229187,-0.003841310739517212,-2.1887106895446777
1695572382.8063717,0.37645113468170166,-0.006239302456378937,-2.1864938735961914
1695572383.318165,0.37448403239250183,-0.010414958000183105,-2.1911871433258057
1695572383.5190659,0.3791417181491852,-0.003182578831911087,-2.1922929286956787
1695572384.0570905,0.37905025482177734,-0.003304809331893921,-2.1918485164642334
1695572384.6571457,0.38095787167549133,-0.0012667924165725708,-2.169473648071289
1695572384.8595095,0.3839879035949707,-0.0008158944547176361,-2.169961929321289
1695572384.9272087,0.38628512620925903,-0.0016958415508270264,-2.175581932067871
1695572384.9602687,0.38663792610168457,-0.002098929136991501,-2.174513816833496
1695572385.027221,0.3860236406326294,-0.0022086724638938904,-2.1711857318878174
1695572385.060764,0.36743974685668945,-0.011196281760931015,-2.198718547821045
1695572385.1274416,0.3476804494857788,-0.024744223803281784,-2.2418291568756104
1695572385.1610456,0.34622782468795776,-0.026207998394966125,-2.253561019897461
1695572385.19554,0.3396255373954773,-0.03049992024898529,-2.2610104084014893
1695572385.2291915,0.33535388112068176,-0.035704322159290314,-2.271681070327759
1695572385.2707973,0.33116602897644043,-0.03994280844926834,-2.2745580673217773
1695572385.3044152,0.33012619614601135,-0.044066689908504486,-2.2857608795166016
1695572385.3372269,0.32919636368751526,-0.04758914187550545,-2.291609525680542
1695572385.3688164,0.3251108229160309,-0.0504213310778141,-2.2772104740142822
1695572385.4035075,0.32316333055496216,-0.052510280162096024,-2.2712459564208984
1695572385.4371738,0.3259961009025574,-0.053480204194784164,-2.266784906387329
1695572385.4697962,0.33286112546920776,-0.05581359565258026,-2.2613744735717773
1695572385.5026443,0.33209872245788574,-0.055978719145059586,-2.2618141174316406
1695572385.5389206,0.3340877890586853,-0.05721583217382431,-2.2611560821533203
1695572385.5731726,0.33874377608299255,-0.05823970213532448,-2.262242317199707
1695572385.605199,0.33464515209198,-0.056535717099905014,-2.2585039138793945
1695572385.6397974,0.3289598822593689,-0.05532997101545334,-2.253931999206543
1695572385.6714392,0.3286888897418976,-0.05317644029855728,-2.25178599357605
1695572385.706056,0.3333131968975067,-0.05228206887841225,-2.249901294708252
1695572385.737667,0.3391743302345276,-0.050240740180015564,-2.2479512691497803
1695572385.7734184,0.3306725323200226,-0.05162382870912552,-2.245209217071533
1695572385.8049865,0.32232993841171265,-0.053120579570531845,-2.242687702178955
1695572385.8380623,0.31964990496635437,-0.05510411784052849,-2.2434866428375244
1695572385.870561,0.32455140352249146,-0.056445345282554626,-2.245140790939331
1695572385.9041722,0.3332885503768921,-0.05762927979230881,-2.2467243671417236
1695572385.9390502,0.3317641019821167,-0.05750946328043938,-2.2402281761169434
1695572385.9731026,0.3311258554458618,-0.057741884142160416,-2.2416789531707764
1695572386.0073466,0.33045998215675354,-0.05826777219772339,-2.2425851821899414
1695572386.0405333,0.32991349697113037,-0.058981213718652725,-2.2441670894622803
1695572386.0730567,0.3273785412311554,-0.058534275740385056,-2.244535207748413
1695572386.107298,0.32905682921409607,-0.05913592502474785,-2.2468466758728027
1695572386.1385517,0.32668831944465637,-0.05906210467219353,-2.2436630725860596
1695572386.171672,0.3308868110179901,-0.059533871710300446,-2.2453811168670654
1695572386.207305,0.32628098130226135,-0.0582721084356308,-2.2401156425476074
1695572386.2384284,0.32824939489364624,-0.05892152711749077,-2.2409791946411133
1695572386.2727683,0.3340616226196289,-0.059569351375103,-2.2447917461395264
1695572386.315791,0.34156084060668945,-0.059240784496068954,-2.2490437030792236
1695572386.361048,0.3372718095779419,-0.05923246964812279,-2.261662006378174
1695572386.402581,0.33399155735969543,-0.058846615254879,-2.252664566040039
1695572386.4456084,0.3092937171459198,-0.05804668366909027,-2.256812810897827
1695572386.48929,0.31092503666877747,-0.05755992606282234,-2.262993335723877
1695572386.5321848,0.3015628159046173,-0.056972552090883255,-2.274596929550171
1695572386.576415,0.29358431696891785,-0.058556534349918365,-2.2670016288757324
1695572386.6190453,0.30110371112823486,-0.05924033746123314,-2.267075538635254
1695572386.6626759,0.3108556270599365,-0.06018303707242012,-2.271862745285034
1695572386.7037652,0.319353848695755,-0.061964329332113266,-2.272512435913086
1695572386.7489202,0.32389405369758606,-0.06175139918923378,-2.2694666385650635
1695572386.7924502,0.3195057511329651,-0.06251617521047592,-2.2780723571777344
1695572386.837988,0.3172147870063782,-0.06347113102674484,-2.279646396636963
1695572386.882023,0.31942832469940186,-0.06339718401432037,-2.2803759574890137
1695572386.9231644,0.32017025351524353,-0.062485869973897934,-2.2740163803100586
1695572386.96829,0.3189927935600281,-0.06219329684972763,-2.256493091583252
1695572387.012045,0.3204418420791626,-0.06162523850798607,-2.252894163131714
1695572387.0540488,0.3173321485519409,-0.06208474561572075,-2.2478065490722656
1695572387.0970886,0.31579768657684326,-0.062067583203315735,-2.244605541229248
1695572387.1401868,0.3124358654022217,-0.06314463913440704,-2.2404942512512207
1695572387.1817908,0.30570805072784424,-0.062324292957782745,-2.252878189086914
1695572387.225925,0.2994639277458191,-0.060664672404527664,-2.249732494354248
1695572387.267667,0.29836830496788025,-0.06070046126842499,-2.2548699378967285
Distance top: 0.61493397
Distance right: 0.56670237
