1700673018.2790227,0.3243985176086426,0.01775011606514454,-2.0247108936309814
1700673018.3691695,0.3221512734889984,0.028064439073204994,-2.04471492767334
1700673018.448786,0.322157621383667,0.03163299337029457,-2.054957628250122
1700673018.536449,0.32249125838279724,0.032569676637649536,-2.062272548675537
1700673018.6080825,0.32445579767227173,0.030658401548862457,-2.068817377090454
1700673018.6356027,0.3286927342414856,0.026106610894203186,-2.073685884475708
1700673018.6752965,0.32806846499443054,0.025887472555041313,-2.076293706893921
1700673018.7073634,0.3283455967903137,0.025192975997924805,-2.0760481357574463
1700673018.7394419,0.32742753624916077,0.025411788374185562,-2.0765414237976074
1700673018.7735221,0.32572832703590393,0.02620713971555233,-2.0776803493499756
1700673018.8082104,0.32442137598991394,0.02683247998356819,-2.0798850059509277
1700673018.8394268,0.3226117491722107,0.02802632749080658,-2.080929756164551
1700673018.8740351,0.32150575518608093,0.02911689132452011,-2.0821471214294434
1700673018.9064555,0.32078903913497925,0.030542394146323204,-2.0829811096191406
1700673018.9395797,0.3207630515098572,0.032534629106521606,-2.0840044021606445
1700673018.9806378,0.320696085691452,0.03450595587491989,-2.0851032733917236
1700673019.0106928,0.3211383819580078,0.03675224632024765,-2.086027145385742
1700673019.0403028,0.32245898246765137,0.038772083818912506,-2.0870561599731445
1700673019.0743883,0.32357627153396606,0.0400826558470726,-2.0872864723205566
1700673019.1074648,0.32429108023643494,0.04067785292863846,-2.0871143341064453
1700673019.1410444,0.3247133791446686,0.04093416780233383,-2.0870206356048584
1700673019.1741211,0.3249431252479553,0.04095686972141266,-2.0867199897766113
1700673019.208314,0.3247348666191101,0.04047084599733353,-2.08560848236084
1700673019.2407064,0.32436835765838623,0.04014161229133606,-2.0855085849761963
1700673019.2743022,0.32348889112472534,0.0399768203496933,-2.085373640060425
1700673019.3077826,0.323323518037796,0.03956311568617821,-2.086181640625
1700673019.344754,0.32301437854766846,0.03936214745044708,-2.086777448654175
1700673019.3779755,0.32355549931526184,0.03928486630320549,-2.087820053100586
1700673019.410017,0.32387426495552063,0.03910212963819504,-2.088226079940796
1700673019.4422824,0.3242150843143463,0.03874992951750755,-2.0884110927581787
1700673019.4779928,0.32478761672973633,0.03811759501695633,-2.088386297225952
1700673019.5090714,0.324755996465683,0.03762555122375488,-2.087820053100586
1700673019.543147,0.32446327805519104,0.037118155509233475,-2.087289333343506
1700673019.5756967,0.32421472668647766,0.03673485666513443,-2.0870308876037598
1700673019.608746,0.32347798347473145,0.036533523350954056,-2.0863804817199707
1700673019.6438668,0.3229091465473175,0.036806657910346985,-2.085752010345459
1700673019.6764517,0.32268545031547546,0.037327952682971954,-2.0856025218963623
1700673019.7112966,0.32214590907096863,0.03741557151079178,-2.08514142036438
1700673019.7422078,0.3215624690055847,0.03750734031200409,-2.084392547607422
1700673019.7763708,0.32121267914772034,0.037364035844802856,-2.082918882369995
1700673019.809195,0.32126352190971375,0.03740132227540016,-2.0819387435913086
1700673019.8432655,0.3218463063240051,0.037331629544496536,-2.0810446739196777
1700673019.8773632,0.32275715470314026,0.03684471920132637,-2.0799362659454346
1700673019.9107013,0.32354873418807983,0.03628326579928398,-2.078988552093506
1700673019.9431708,0.3247224986553192,0.03554831072688103,-2.079035758972168
1700673019.9763634,0.325798362493515,0.03447408229112625,-2.0796518325805664
1700673020.0093024,0.3266001343727112,0.03367962688207626,-2.0808355808258057
1700673020.0451176,0.326947420835495,0.033339597284793854,-2.081824541091919
1700673020.0773292,0.3268148899078369,0.033068545162677765,-2.082545280456543
1700673020.1119528,0.325880229473114,0.03441985324025154,-2.0833959579467773
1700673020.1449952,0.32539066672325134,0.03556761145591736,-2.083587646484375
1700673020.1780453,0.3252222537994385,0.036536820232868195,-2.083777904510498
1700673020.2101448,0.3255951702594757,0.036427710205316544,-2.0840203762054443
1700673020.245218,0.3260349631309509,0.03621203079819679,-2.0839908123016357
1700673020.2773254,0.32621318101882935,0.03596018627285957,-2.0836706161499023
1700673020.3124213,0.3260413706302643,0.03516680747270584,-2.082916736602783
1700673020.3446956,0.3258970081806183,0.034326281398534775,-2.081707239151001
1700673020.379248,0.3253450095653534,0.03251251205801964,-2.0790562629699707
1700673020.4133039,0.32516035437583923,0.030109981074929237,-2.0764408111572266
1700673020.4478748,0.32522904872894287,0.02802235633134842,-2.073982000350952
1700673020.4823387,0.3250180780887604,0.026529215276241302,-2.0712013244628906
1700673020.5145853,0.3246740996837616,0.025890260934829712,-2.0688297748565674
1700673020.5471454,0.32462453842163086,0.02593129314482212,-2.066906452178955
1700673020.5813532,0.3249945044517517,0.026169048622250557,-2.065481424331665
1700673020.6155715,0.3250276446342468,0.02651170641183853,-2.063581705093384
1700673020.6481023,0.3254396915435791,0.027197351679205894,-2.062537908554077
1700673020.6825206,0.3256363868713379,0.02830875664949417,-2.0613911151885986
1700673020.715552,0.32522591948509216,0.02967839688062668,-2.0596542358398438
1700673020.749097,0.3230128884315491,0.03026997111737728,-2.056049346923828
1700673020.7827601,0.3212582468986511,0.030273491516709328,-2.053251028060913
1700673020.8158448,0.32032477855682373,0.02985185571014881,-2.052266836166382
1700673020.8504233,0.3198474943637848,0.02911560609936714,-2.0516531467437744
1700673020.8832123,0.3198644518852234,0.028267640620470047,-2.0521910190582275
1700673020.9159658,0.31970489025115967,0.0279520433396101,-2.0525336265563965
1700673020.9490507,0.31990060210227966,0.027972916141152382,-2.053441047668457
1700673020.9842446,0.3203141689300537,0.028384054079651833,-2.0549933910369873
1700673021.0163364,0.3203763961791992,0.029032250866293907,-2.0560302734375
1700673021.050894,0.32063329219818115,0.02966616302728653,-2.0573415756225586
1700673021.083953,0.32114216685295105,0.030572805553674698,-2.0596182346343994
1700673021.1163483,0.32178083062171936,0.03103828616440296,-2.0620410442352295
1700673021.1499443,0.3222356140613556,0.03120245970785618,-2.0639212131500244
1700673021.1828122,0.32245901226997375,0.031115107238292694,-2.0648033618927
1700673021.2158725,0.32252898812294006,0.030635878443717957,-2.0646798610687256
1700673021.2513971,0.3222356140613556,0.030378129333257675,-2.064178466796875
1700673021.2829988,0.32180553674697876,0.030327390879392624,-2.063929557800293
1700673021.3175225,0.32130804657936096,0.0301419235765934,-2.063809871673584
1700673021.3511024,0.3210684359073639,0.03049764782190323,-2.0638856887817383
1700673021.3853524,0.3203846216201782,0.030967576429247856,-2.0635299682617188
1700673021.4170337,0.31924253702163696,0.03144722059369087,-2.0613012313842773
1700673021.451295,0.31833943724632263,0.031678494065999985,-2.060570240020752
1700673021.4832897,0.31789717078208923,0.03169035166501999,-2.0608325004577637
1700673021.5179305,0.3178867697715759,0.031085267663002014,-2.0611860752105713
1700673021.550503,0.3177427053451538,0.030972030013799667,-2.061439037322998
1700673021.6187148,0.31799960136413574,0.030787264928221703,-2.062093496322632
1700673021.652257,0.31897205114364624,0.03047436848282814,-2.0629453659057617
1700673021.6859026,0.3195756673812866,0.03017277643084526,-2.0635533332824707
1700673021.7185178,0.320199191570282,0.029891088604927063,-2.0646417140960693
1700673021.751115,0.3206925690174103,0.0298309326171875,-2.066411256790161
1700673021.7863574,0.3208194971084595,0.029551057144999504,-2.0682904720306396
1700673021.8179357,0.3202069401741028,0.029003772884607315,-2.0692100524902344
1700673021.852011,0.3201426565647125,0.028148889541625977,-2.0700466632843018
1700673021.8880966,0.32047778367996216,0.027767721563577652,-2.071648359298706
1700673021.9219909,0.3204856812953949,0.02735278382897377,-2.072845220565796
1700673021.9531019,0.3206077814102173,0.027340296655893326,-2.0739617347717285
1700673021.9883766,0.32098135352134705,0.02726217918097973,-2.07491135597229
1700673022.0205698,0.32131844758987427,0.027338650077581406,-2.0755093097686768
1700673022.0543616,0.32116323709487915,0.02796865627169609,-2.075721502304077
1700673022.0874708,0.32099705934524536,0.028315283358097076,-2.0763068199157715
1700673022.120568,0.32097721099853516,0.028468351811170578,-2.076695442199707
1700673022.1532185,0.32107990980148315,0.028490008786320686,-2.0772159099578857
1700673022.188311,0.32070544362068176,0.028810054063796997,-2.078089952468872
1700673022.2200358,0.32018327713012695,0.029327107593417168,-2.079118490219116
1700673022.254061,0.3201664686203003,0.029985573142766953,-2.0800113677978516
1700673022.287619,0.3203788101673126,0.030060797929763794,-2.0809645652770996
1700673022.3222063,0.32089751958847046,0.02979113906621933,-2.08193039894104
1700673022.354322,0.3214240074157715,0.029890310019254684,-2.0822298526763916
1700673022.387465,0.3216281235218048,0.02986534871160984,-2.0822196006774902
1700673022.421061,0.3218887746334076,0.029629584401845932,-2.0808706283569336
1700673022.4543018,0.32179105281829834,0.02941861003637314,-2.079767942428589
1700673022.4884982,0.3216106593608856,0.028889533132314682,-2.0786209106445312
1700673022.5207596,0.32139790058135986,0.027732381597161293,-2.0774645805358887
1700673022.5558302,0.32173630595207214,0.026735978201031685,-2.076284170150757
1700673022.5893478,0.32191818952560425,0.02547493949532509,-2.0759236812591553
1700673022.6235754,0.321500688791275,0.025663170963525772,-2.0764222145080566
1700673022.6571283,0.3213244676589966,0.02635645680129528,-2.077568769454956
1700673022.6897917,0.3213919997215271,0.026702921837568283,-2.078188896179199
1700673022.7223945,0.32093268632888794,0.027227774262428284,-2.07883882522583
1700673022.7559173,0.32055822014808655,0.028141863644123077,-2.079644203186035
1700673022.7902346,0.32034048438072205,0.02899802476167679,-2.0804412364959717
1700673022.8243315,0.3201367259025574,0.029327426105737686,-2.081040143966675
1700673022.8634322,0.3198680281639099,0.02929501421749592,-2.081740379333496
1700673022.8956678,0.3198951184749603,0.0293794646859169,-2.082477569580078
1700673022.926297,0.3200426995754242,0.0295555517077446,-2.0832321643829346
1700673022.9578497,0.32046619057655334,0.029888242483139038,-2.083899974822998
1700673022.9925694,0.3206077516078949,0.03053707256913185,-2.083881378173828
1700673023.0249932,0.3213542103767395,0.030502120032906532,-2.083165407180786
1700673023.0582967,0.3218994140625,0.030386758968234062,-2.0817811489105225
1700673023.092389,0.3227813243865967,0.029507329687476158,-2.0808279514312744
1700673023.125536,0.3237121105194092,0.02902034856379032,-2.0798985958099365
1700673023.1571157,0.32391226291656494,0.029133304953575134,-2.0796115398406982
1700673023.1909475,0.32390475273132324,0.029216567054390907,-2.0790598392486572
1700673023.2261043,0.32381388545036316,0.02935098670423031,-2.078601837158203
1700673023.2584593,0.32342827320098877,0.03001158870756626,-2.078334331512451
1700673023.29205,0.3234037160873413,0.03124859742820263,-2.0785350799560547
1700673023.3254774,0.3236791789531708,0.031949326395988464,-2.079235315322876
1700673028.343144,-0.0716695487499237,0.3381137251853943,-2.091299057006836
1700673028.4093943,-0.06690734624862671,0.34165361523628235,-2.0966365337371826
1700673028.4644637,-0.1261317878961563,0.2575492858886719,-2.1629302501678467
1700673028.5256898,-0.1274557262659073,0.2538227140903473,-2.1386120319366455
1700673028.5802674,-0.13007858395576477,0.25310832262039185,-2.135897159576416
1700673028.6243486,-0.13196474313735962,0.2531639635562897,-2.139014959335327
1700673028.6682332,-0.13320153951644897,0.2529407739639282,-2.1423139572143555
1700673028.7097902,-0.134515181183815,0.25271791219711304,-2.144974708557129
1700673028.753278,-0.13553369045257568,0.25164884328842163,-2.1472439765930176
1700673028.7963407,-0.13560059666633606,0.2515992820262909,-2.1489651203155518
1700673028.8390014,-0.13508528470993042,0.2531232535839081,-2.1561710834503174
1700673028.8840544,-0.136543869972229,0.25652292370796204,-2.1748545169830322
1700673028.9268713,-0.13742196559906006,0.2598063051700592,-2.1870760917663574
1700673028.9699464,-0.13799184560775757,0.2618579566478729,-2.196622610092163
1700673029.0113828,-0.13864293694496155,0.2634306848049164,-2.2046902179718018
1700673029.053547,-0.13945424556732178,0.2660503089427948,-2.215927839279175
1700673029.0942824,-0.1400805413722992,0.2668916583061218,-2.219895601272583
1700673029.1374326,-0.14072924852371216,0.2666361331939697,-2.2230780124664307
1700673029.1785398,-0.14139406383037567,0.26622357964515686,-2.2258548736572266
1700673029.22214,-0.14196041226387024,0.2657073140144348,-2.2317819595336914
1700673029.26223,-0.14209899306297302,0.26504042744636536,-2.234583854675293
1700673029.305335,-0.14208000898361206,0.2651177644729614,-2.2376019954681396
1700673029.3472152,-0.14222170412540436,0.2652304470539093,-2.2415246963500977
1700673029.3892462,-0.14231151342391968,0.26397398114204407,-2.237955331802368
1700673029.4288516,-0.14201614260673523,0.26365429162979126,-2.236064910888672
1700673029.470595,-0.14170047640800476,0.26402363181114197,-2.235849380493164
1700673029.5122364,-0.1409822404384613,0.26406678557395935,-2.237501859664917
1700673029.5563135,-0.17427776753902435,0.3219127357006073,-2.0917816162109375
1700673029.597932,-0.14351512491703033,0.29953858256340027,-2.010530710220337
1700673029.639391,-0.11452669650316238,0.2596152424812317,-1.963762640953064
1700673029.6804805,-0.09392262995243073,0.22384542226791382,-1.9436534643173218
1700673029.7220223,-0.06995737552642822,0.17903120815753937,-1.9305577278137207
1700673029.7635577,-0.07723482698202133,0.1821812093257904,-1.9424850940704346
1700673029.807292,-0.08520370721817017,0.186160147190094,-1.952164649963379
1700673029.8470228,-0.09408941864967346,0.19219058752059937,-1.9607285261154175
1700673029.8920314,-0.10339359939098358,0.1970769464969635,-1.972049355506897
1700673029.934102,-0.11271640658378601,0.2109503149986267,-1.9796901941299438
1700673029.9752994,-0.11728648096323013,0.2205801010131836,-1.9812198877334595
1700673030.0181046,-0.12117723375558853,0.23069864511489868,-1.991062045097351
1700673030.060198,-0.12282160669565201,0.2364599108695984,-1.9936347007751465
1700673030.103332,-0.12380069494247437,0.2395258992910385,-1.9950898885726929
1700673030.1452894,-0.12510716915130615,0.2417965978384018,-1.9980974197387695
1700673030.1883516,-0.12794694304466248,0.24727773666381836,-2.0067179203033447
1700673030.2299395,-0.12694355845451355,0.2481902539730072,-2.0118682384490967
1700673030.2720065,-0.12541787326335907,0.24799636006355286,-2.017333984375
1700673030.3135905,-0.12309934198856354,0.24605929851531982,-2.02213978767395
1700673030.3563864,-0.12118677794933319,0.24217365682125092,-2.0420498847961426
1700673030.399251,-0.11957001686096191,0.23964889347553253,-2.051147937774658
1700673030.443368,-0.11796359717845917,0.23798276484012604,-2.056007146835327
1700673030.488452,-0.11431463062763214,0.23646658658981323,-2.060472011566162
1700673030.5282729,-0.11071170121431351,0.23910841345787048,-2.0558664798736572
1700673030.569898,-0.10563665628433228,0.2409488707780838,-2.0477452278137207
1700673030.6114922,-0.10074543207883835,0.24271492660045624,-2.0400519371032715
1700673030.652014,-0.09742032736539841,0.24480120837688446,-2.032304525375366
1700673030.6950986,-0.09198084473609924,0.24738472700119019,-2.0213046073913574
1700673030.7382123,-0.09329715371131897,0.2473306655883789,-2.0192739963531494
1700673030.7799454,-0.09646972268819809,0.24658256769180298,-2.0190939903259277
1700673030.807447,-0.09848782420158386,0.24643352627754211,-2.017932653427124
1700673030.8374705,-0.10037785768508911,0.24589446187019348,-2.019174337387085
1700673030.8655057,-0.10257001221179962,0.24514786899089813,-2.020843744277954
1700673030.894055,-0.10235176235437393,0.245364710688591,-2.023864984512329
1700673030.923705,-0.10352674126625061,0.24424108862876892,-2.0279717445373535
1700673030.9508758,-0.10573072731494904,0.2428094744682312,-2.0304577350616455
1700673030.9855754,-0.10663411021232605,0.2431972175836563,-2.031744956970215
1700673031.0175233,-0.10794107615947723,0.24341356754302979,-2.0322582721710205
1700673031.0541987,-0.10953415930271149,0.24339787662029266,-2.0332510471343994
1700673031.0837305,-0.11127762496471405,0.24324162304401398,-2.0348775386810303
1700673031.117111,-0.11297404766082764,0.24347418546676636,-2.036569833755493
1700673031.1514714,-0.11326232552528381,0.24483256042003632,-2.0355870723724365
1700673031.1835718,-0.11217562109231949,0.24636922776699066,-2.0313913822174072
1700673031.217499,-0.11123025417327881,0.24654211103916168,-2.029874324798584
1700673031.2520654,-0.11151936650276184,0.24551096558570862,-2.030546188354492
1700673031.283297,-0.11068959534168243,0.2447788417339325,-2.0301878452301025
1700673031.3173842,-0.11074216663837433,0.24357710778713226,-2.0309808254241943
1700673031.3531222,-0.10977330058813095,0.24357807636260986,-2.029998540878296
1700673031.3841667,-0.10919161885976791,0.24318841099739075,-2.0291011333465576
1700673031.4174132,-0.1090480163693428,0.2424526959657669,-2.0294880867004395
1700673031.4534628,-0.10911919921636581,0.2418098747730255,-2.0297605991363525
1700673031.4874423,-0.109526127576828,0.24179436266422272,-2.0311076641082764
1700673031.5184782,-0.10864357650279999,0.2425265610218048,-2.0307323932647705
1700673031.5534577,-0.10855807363986969,0.24276103079319,-2.0311577320098877
1700673031.5859036,-0.10848765075206757,0.2424313873052597,-2.031167984008789
1700673031.6189384,-0.10867618769407272,0.24115385115146637,-2.030996084213257
1700673031.6522584,-0.10961051285266876,0.2405146062374115,-2.0318593978881836
1700673031.6853116,-0.11099511384963989,0.24070723354816437,-2.0337038040161133
1700673031.7186768,-0.11232803761959076,0.24089185893535614,-2.035231828689575
1700673031.7509353,-0.11239347606897354,0.24017609655857086,-2.0355350971221924
1700673031.7870605,-0.11211900413036346,0.23872588574886322,-2.0347306728363037
1700673031.8198643,-0.11170679330825806,0.23775441944599152,-2.0342836380004883
1700673031.8509443,-0.1111103966832161,0.2372765690088272,-2.0334300994873047
1700673031.8877888,-0.11111152917146683,0.23712146282196045,-2.0328190326690674
1700673031.920849,-0.11119015514850616,0.23745594918727875,-2.031456708908081
1700673031.9540806,-0.1111195981502533,0.23772765696048737,-2.0300450325012207
1700673031.987163,-0.11103315651416779,0.23804602026939392,-2.0286006927490234
1700673032.0191936,-0.11037814617156982,0.2389870285987854,-2.028428554534912
1700673032.0534284,-0.1096830666065216,0.23863741755485535,-2.0283613204956055
1700673032.0879476,-0.10964727401733398,0.23854699730873108,-2.0288968086242676
1700673032.1210423,-0.1098405048251152,0.23889049887657166,-2.0298540592193604
1700673032.15311,-0.11029709875583649,0.23940758407115936,-2.03104305267334
1700673032.1882143,-0.11060669273138046,0.23970580101013184,-2.0328619480133057
1700673032.2227488,-0.11106964945793152,0.23963801562786102,-2.0346827507019043
1700673032.2563019,-0.11128520965576172,0.23932884633541107,-2.035867214202881
1700673032.2873988,-0.11206109821796417,0.23923660814762115,-2.0340375900268555
1700673032.321104,-0.1123545840382576,0.23956014215946198,-2.032599925994873
1700673032.354455,-0.11217944324016571,0.23993907868862152,-2.031261682510376
1700673032.3875053,-0.11147820949554443,0.24075427651405334,-2.0298776626586914
1700673032.4205852,-0.11030926555395126,0.24157080054283142,-2.0276143550872803
1700673032.45343,-0.10909363627433777,0.24205036461353302,-2.0257961750030518
1700673032.4876106,-0.1083994209766388,0.24217382073402405,-2.025203227996826
1700673032.5225768,-0.10765501856803894,0.24205483496189117,-2.0246284008026123
1700673032.5550597,-0.10713841021060944,0.24197518825531006,-2.024005651473999
1700673032.5902166,-0.10722474753856659,0.2420494705438614,-2.024484634399414
1700673032.6393003,-0.10772394388914108,0.24175578355789185,-2.0252320766448975
1700673032.679351,-0.10876776278018951,0.2410440593957901,-2.0269598960876465
1700673032.7209327,-0.10968009382486343,0.2404838502407074,-2.028921604156494
1700673032.7623317,-0.11143770813941956,0.2395269274711609,-2.0332388877868652
1700673032.8044498,-0.11244508624076843,0.2396717667579651,-2.0344018936157227
1700673032.8440855,-0.11124405264854431,0.24130237102508545,-2.034726619720459
1700673032.884361,-0.11071104556322098,0.24100419878959656,-2.0356342792510986
1700673032.9281855,-0.10969164222478867,0.2404000163078308,-2.0332424640655518
1700673032.9702437,-0.10893036425113678,0.23935504257678986,-2.032438039779663
1700673033.0121207,-0.10958470404148102,0.23948629200458527,-2.0330653190612793
1700673033.0523567,-0.11103613674640656,0.23890936374664307,-2.0341544151306152
1700673033.0934706,-0.11143302917480469,0.2387448400259018,-2.03385591506958
1700673033.1360557,-0.11189651489257812,0.23710377514362335,-2.0335326194763184
1700673033.177166,-0.11216136813163757,0.23606716096401215,-2.0336718559265137
1700673033.2201324,-0.11197170615196228,0.23661477863788605,-2.033370018005371
1700673033.2592347,-0.1115642562508583,0.23791703581809998,-2.033012866973877
1700673033.3012645,-0.11380700767040253,0.23893865942955017,-2.03489351272583
1700673033.3440049,-0.11358154565095901,0.2405097633600235,-2.032733201980591
1700673033.3867345,-0.11207839846611023,0.24184228479862213,-2.0288197994232178
1700673033.4258347,-0.11015807092189789,0.2434009462594986,-2.025573492050171
1700673033.4666111,-0.10853320360183716,0.24306584894657135,-2.023115873336792
1700673033.507164,-0.10707753896713257,0.2435949146747589,-2.0227787494659424
1700673039.2220805,-0.31702861189842224,-0.02970797009766102,-2.1335747241973877
1700673039.2896497,-0.3186138868331909,-0.030830783769488335,-2.1387221813201904
1700673039.351241,-0.3181951344013214,-0.035663556307554245,-2.139504909515381
1700673039.417858,-0.31866753101348877,-0.041948311030864716,-2.135363817214966
1700673039.4834502,-0.3190118670463562,-0.04526573419570923,-2.1311569213867188
1700673039.547104,-0.31989553570747375,-0.04917823150753975,-2.1239914894104004
1700673039.606164,-0.32010555267333984,-0.0511152409017086,-2.116241931915283
1700673039.6484683,-0.3190472722053528,-0.0513153076171875,-2.1125004291534424
1700673039.6910725,-0.3175784945487976,-0.052437737584114075,-2.107426166534424
1700673039.7336195,-0.3173102140426636,-0.05262242257595062,-2.10579252243042
1700673039.7756476,-0.31707024574279785,-0.05309552699327469,-2.1047523021698
1700673039.8196783,-0.3177488446235657,-0.054716549813747406,-2.1056506633758545
1700673039.864449,-0.3185199201107025,-0.05504234507679939,-2.1083266735076904
1700673039.9071171,-0.31951606273651123,-0.055493518710136414,-2.112111806869507
1700673039.9494889,-0.3205200433731079,-0.05561573803424835,-2.1153714656829834
1700673039.9944086,-0.3219098746776581,-0.05526772886514664,-2.117436647415161
1700673040.0380342,-0.323299765586853,-0.05355780944228172,-2.1183066368103027
1700673040.0802183,-0.3234260082244873,-0.05181211978197098,-2.1176364421844482
1700673040.124295,-0.32282304763793945,-0.04946627467870712,-2.114919662475586
1700673040.1674728,-0.3215738534927368,-0.04979461431503296,-2.112440586090088
1700673040.2092464,-0.320758193731308,-0.04967666417360306,-2.110536575317383
1700673040.2523344,-0.32039350271224976,-0.04894324392080307,-2.106755018234253
1700673040.2938867,-0.32096627354621887,-0.04780704528093338,-2.105665922164917
1700673040.3359468,-0.32135486602783203,-0.04863273724913597,-2.107110023498535
1700673040.377457,-0.323054701089859,-0.04789678007364273,-2.108130693435669
1700673040.421182,-0.32445427775382996,-0.04937692731618881,-2.113051414489746
1700673040.4626193,-0.3254418969154358,-0.050641436129808426,-2.118182897567749
1700673040.50366,-0.32648926973342896,-0.05188552290201187,-2.122929334640503
1700673040.5462456,-0.3273535966873169,-0.05211406946182251,-2.124474048614502
1700673040.5873015,-0.3280685544013977,-0.05158761888742447,-2.124675750732422
1700673040.6306186,-0.32865801453590393,-0.05057806521654129,-2.126962661743164
1700673040.6721818,-0.3276405334472656,-0.05036818981170654,-2.12687611579895
1700673040.7133296,-0.326429545879364,-0.050474390387535095,-2.126025915145874
1700673040.755397,-0.3256760537624359,-0.050763100385665894,-2.126293420791626
1700673040.798331,-0.324571430683136,-0.051157400012016296,-2.1258416175842285
1700673040.8372486,-0.32337427139282227,-0.051866255700588226,-2.124983072280884
1700673040.8792992,-0.3228146731853485,-0.05196289345622063,-2.1247992515563965
1700673040.9224977,-0.32113444805145264,-0.051391664892435074,-2.1230356693267822
1700673040.9740956,-0.3213438093662262,-0.05036383867263794,-2.121824264526367
1700673041.0144255,-0.32140034437179565,-0.049634624272584915,-2.1207337379455566
1700673041.0555577,-0.32160821557044983,-0.04890657588839531,-2.1202118396759033
1700673041.0955968,-0.3216800093650818,-0.048139788210392,-2.119431495666504
1700673041.1366723,-0.32171690464019775,-0.04779081046581268,-2.118675708770752
1700673041.1767328,-0.3223533034324646,-0.047424592077732086,-2.1191201210021973
1700673041.2188265,-0.32255691289901733,-0.0472671240568161,-2.120378017425537
1700673041.2590625,-0.3241225779056549,-0.04781912639737129,-2.1284282207489014
1700673041.302135,-0.32446393370628357,-0.0479775108397007,-2.1303465366363525
1700673041.3442285,-0.3238227069377899,-0.04819417744874954,-2.1291399002075195
1700673041.3892736,-0.3226766884326935,-0.048363734036684036,-2.1258599758148193
1700673041.4303236,-0.32020461559295654,-0.049076586961746216,-2.121323347091675
1700673041.472408,-0.3188251554965973,-0.048400506377220154,-2.1177685260772705
1700673041.5124838,-0.3181808888912201,-0.048319071531295776,-2.116429567337036
1700673041.5550208,-0.3181341290473938,-0.04858909547328949,-2.1167478561401367
1700673041.5950887,-0.3189261555671692,-0.04874371737241745,-2.117692232131958
1700673041.6377304,-0.31936562061309814,-0.04944619536399841,-2.1190226078033447
1700673041.6777916,-0.32015615701675415,-0.04971838742494583,-2.1201400756835938
1700673041.7173522,-0.3208375573158264,-0.04973350465297699,-2.1206109523773193
1700673041.761389,-0.3213809132575989,-0.04953711852431297,-2.1205766201019287
1700673041.7954218,-0.3206874430179596,-0.05019321292638779,-2.119744062423706
1700673041.826473,-0.31995856761932373,-0.050944142043590546,-2.1191349029541016
1700673041.856024,-0.32063210010528564,-0.05045308917760849,-2.1201632022857666
1700673041.8875475,-0.32080215215682983,-0.050457365810871124,-2.1210029125213623
1700673041.9231038,-0.3210357129573822,-0.05018174648284912,-2.1211671829223633
1700673041.9556313,-0.32154399156570435,-0.04987126216292381,-2.1216418743133545
1700673041.9901595,-0.3215497136116028,-0.04993622750043869,-2.121837854385376
1700673042.022476,-0.32108137011528015,-0.05009870231151581,-2.12176513671875
1700673042.0560071,-0.3205268681049347,-0.049311935901641846,-2.1206858158111572
1700673042.0895486,-0.31968846917152405,-0.04841477423906326,-2.1187047958374023
1700673042.122152,-0.3186458945274353,-0.04816937446594238,-2.116778612136841
1700673042.1557133,-0.3179336190223694,-0.04838681221008301,-2.1152918338775635
1700673042.1902537,-0.3173719644546509,-0.04871092364192009,-2.114238977432251
1700673042.2228599,-0.31688883900642395,-0.04928113892674446,-2.114205837249756
1700673042.255422,-0.31654682755470276,-0.04994463920593262,-2.114798069000244
1700673042.2899945,-0.3168989419937134,-0.050120607018470764,-2.1168925762176514
1700673042.3225522,-0.31751370429992676,-0.049412213265895844,-2.1183269023895264
1700673042.3561234,-0.3177567720413208,-0.04874018579721451,-2.1191818714141846
1700673042.3906758,-0.31819677352905273,-0.04756198823451996,-2.1191771030426025
1700673042.4232986,-0.31880640983581543,-0.0462951734662056,-2.118736743927002
1700673042.4578414,-0.32013723254203796,-0.044980183243751526,-2.1186225414276123
1700673042.4904094,-0.32137802243232727,-0.04425187408924103,-2.1186537742614746
1700673042.5240316,-0.32213401794433594,-0.04388285428285599,-2.118941307067871
1700673042.5585566,-0.3231508433818817,-0.04387926682829857,-2.1184606552124023
1700673042.5911176,-0.3240046501159668,-0.04380760341882706,-2.1181631088256836
1700673042.6237123,-0.3244127035140991,-0.04368077218532562,-2.1182198524475098
1700673042.6582732,-0.32486751675605774,-0.043617554008960724,-2.118694305419922
1700673042.692373,-0.325259804725647,-0.043727461248636246,-2.1191070079803467
1700673042.7254097,-0.3251175880432129,-0.04378115013241768,-2.1195740699768066
1700673042.756949,-0.3247125446796417,-0.04396726191043854,-2.119863271713257
1700673042.7920077,-0.32392042875289917,-0.044074755162000656,-2.1191983222961426
1700673042.825116,-0.32282134890556335,-0.044359222054481506,-2.1183266639709473
1700673042.8606555,-0.3224765360355377,-0.04451832175254822,-2.117919683456421
1700673042.892742,-0.32219815254211426,-0.044257890433073044,-2.1173877716064453
1700673042.930828,-0.32186979055404663,-0.04427899420261383,-2.11674427986145
1700673042.9604619,-0.3212726414203644,-0.04400724917650223,-2.1157939434051514
1700673042.9920452,-0.32075780630111694,-0.04342756047844887,-2.1157336235046387
1700673043.0256174,-0.320387065410614,-0.04282624274492264,-2.1165249347686768
1700673043.0601652,-0.32043150067329407,-0.042448658496141434,-2.1170551776885986
1700673043.0932028,-0.320822149515152,-0.042444657534360886,-2.117189645767212
1700673043.126247,-0.32090461254119873,-0.04282861202955246,-2.1166670322418213
1700673043.1588268,-0.3203931450843811,-0.04351962357759476,-2.1151318550109863
1700673043.1939368,-0.31963247060775757,-0.04452758654952049,-2.1132924556732178
1700673043.227021,-0.3186606168746948,-0.045582327991724014,-2.110757827758789
1700673043.2595658,-0.31690871715545654,-0.04674219340085983,-2.1077358722686768
1700673043.293657,-0.3153521716594696,-0.04811063036322594,-2.105741500854492
1700673043.3269045,-0.3147291839122772,-0.04888106882572174,-2.104872226715088
1700673043.3594618,-0.31469547748565674,-0.049383919686079025,-2.104745864868164
1700673043.3935385,-0.3149591386318207,-0.049649178981781006,-2.1045751571655273
1700673043.4296076,-0.31519371271133423,-0.04975935444235802,-2.104041337966919
1700673043.4591632,-0.31520649790763855,-0.04977790266275406,-2.1030335426330566
1700673043.4942486,-0.3149559497833252,-0.049409352242946625,-2.1018197536468506
1700673043.527305,-0.31469064950942993,-0.04919435828924179,-2.1002631187438965
1700673043.5608833,-0.314075767993927,-0.04920879751443863,-2.0987632274627686
1700673043.5959687,-0.3133271038532257,-0.0495036244392395,-2.097283363342285
1700673043.6280365,-0.3125784695148468,-0.04965110868215561,-2.096400499343872
1700673043.6630828,-0.3124934434890747,-0.04880886524915695,-2.096897840499878
1700673043.6936245,-0.3130677342414856,-0.04784306138753891,-2.098790168762207
1700673043.7296681,-0.31405410170555115,-0.04615746811032295,-2.1008381843566895
1700673043.7647376,-0.31520694494247437,-0.0449051633477211,-2.103466033935547
1700673043.797297,-0.3159640431404114,-0.04448153078556061,-2.105865001678467
1700673043.8293695,-0.31650570034980774,-0.04414716362953186,-2.107628107070923
1700673043.8644466,-0.31540447473526,-0.04462713748216629,-2.107562303543091
1700673043.897997,-0.3135368227958679,-0.04533760994672775,-2.1064743995666504
1700673043.9320638,-0.31257548928260803,-0.04568198695778847,-2.10500168800354
1700673043.9631095,-0.3116455674171448,-0.0461762472987175,-2.103961944580078
1700673043.9976757,-0.3119374215602875,-0.045988261699676514,-2.1040947437286377
1700673044.0308027,-0.3117406964302063,-0.04601752385497093,-2.1038432121276855
1700673044.0644855,-0.3117888569831848,-0.046188801527023315,-2.1037001609802246
1700673044.098038,-0.31190598011016846,-0.046403005719184875,-2.1032214164733887
1700673044.132135,-0.31218743324279785,-0.04608771950006485,-2.1024274826049805
1700673044.1641738,-0.31271910667419434,-0.045515142381191254,-2.1024727821350098
1700673044.1987097,-0.31293341517448425,-0.04505667835474014,-2.1026554107666016
1700673044.232877,-0.31341397762298584,-0.044767484068870544,-2.1034743785858154
1700673044.2644358,-0.3142740726470947,-0.04418719559907913,-2.104708671569824
1700673044.300003,-0.31523793935775757,-0.04399959743022919,-2.1060192584991455
1700673044.3321495,-0.31612926721572876,-0.04374242201447487,-2.107147216796875
1700673044.365697,-0.3162138760089874,-0.0440446175634861,-2.107227325439453
1700673049.2232645,0.04914792254567146,-0.3027137517929077,-2.1808931827545166
1700673049.296381,0.05157386511564255,-0.30113789439201355,-2.1817076206207275
1700673049.3504963,0.016796156764030457,-0.30815479159355164,-2.156498908996582
1700673049.409353,0.01600487530231476,-0.3057238459587097,-2.165654182434082
1700673049.46992,0.015042640268802643,-0.30870556831359863,-2.1629855632781982
1700673049.5352974,0.014707628637552261,-0.310581773519516,-2.1617825031280518
1700673049.6014018,0.013944149017333984,-0.3111531734466553,-2.1667253971099854
1700673049.645631,0.01400868408381939,-0.31138724088668823,-2.170109987258911
1700673049.687701,0.01361607015132904,-0.3132856786251068,-2.17175555229187
1700673049.7294095,0.013785595074295998,-0.31359389424324036,-2.168877601623535
1700673049.774016,0.01305299811065197,-0.31314146518707275,-2.1653647422790527
1700673049.819028,0.012855438515543938,-0.3122243285179138,-2.1622490882873535
1700673049.860874,0.015517722815275192,-0.3095719814300537,-2.161644220352173
1700673049.9040515,0.01785413734614849,-0.3080124258995056,-2.1636176109313965
1700673049.947471,0.019878704100847244,-0.30550888180732727,-2.161325454711914
1700673049.989451,0.022507725283503532,-0.30094513297080994,-2.153120756149292
1700673050.0305433,0.022899458184838295,-0.2993501126766205,-2.147891044616699
1700673050.0726578,0.022521687671542168,-0.29829511046409607,-2.1430177688598633
1700673050.1133385,0.02200786955654621,-0.29778817296028137,-2.1399123668670654
1700673050.1554916,0.02218494564294815,-0.2975407838821411,-2.13677978515625
1700673050.1980858,0.02254047989845276,-0.29847636818885803,-2.137638568878174
1700673050.239992,0.022511450573801994,-0.2985300123691559,-2.137356758117676
1700673050.2809796,0.02227966859936714,-0.29950523376464844,-2.1392624378204346
1700673050.3234432,0.021814333274960518,-0.29979079961776733,-2.138118028640747
1700673050.3648808,0.021377701312303543,-0.2999606728553772,-2.1380770206451416
1700673050.4072804,0.020548539236187935,-0.3002447187900543,-2.1385233402252197
1700673050.4494467,0.020057106390595436,-0.3001078963279724,-2.1375467777252197
1700673050.4949577,0.018995214253664017,-0.29969626665115356,-2.1346919536590576
1700673050.537565,0.018648628145456314,-0.2998223602771759,-2.1326982975006104
1700673050.5776114,0.01829867996275425,-0.3003346025943756,-2.1336851119995117
1700673050.6243434,0.01727437786757946,-0.3011643886566162,-2.135031223297119
1700673050.6644602,0.016986344009637833,-0.30152997374534607,-2.1375417709350586
1700673050.7055209,0.017446011304855347,-0.30218595266342163,-2.13991117477417
1700673050.7481344,0.017936257645487785,-0.30271637439727783,-2.1430983543395996
1700673050.7900972,0.018849896267056465,-0.30317258834838867,-2.145778179168701
1700673050.8313255,0.019802136346697807,-0.30470985174179077,-2.1504242420196533
1700673050.8744137,0.020343733951449394,-0.30606144666671753,-2.1541390419006348
1700673050.912445,0.020419538021087646,-0.3068498373031616,-2.1566691398620605
1700673050.956028,0.020399779081344604,-0.3068637251853943,-2.1549110412597656
1700673050.9970772,0.020386667922139168,-0.30507683753967285,-2.1503610610961914
1700673051.0386891,0.019213620573282242,-0.30322346091270447,-2.1486549377441406
1700673051.0797544,0.018431948497891426,-0.30031055212020874,-2.145639181137085
1700673051.12881,0.017575548961758614,-0.29613181948661804,-2.1395814418792725
1700673051.172361,0.01752549596130848,-0.29488733410835266,-2.1360952854156494
1700673051.210895,0.01667545549571514,-0.2944113612174988,-2.1348469257354736
1700673051.2529516,0.016351044178009033,-0.2937554121017456,-2.1340742111206055
1700673051.2933784,0.015525264665484428,-0.293899267911911,-2.135697841644287
1700673051.3359108,0.01547757163643837,-0.29432758688926697,-2.135382890701294
1700673051.375459,0.015872063115239143,-0.29414474964141846,-2.1334524154663086
1700673051.4166052,0.016479622572660446,-0.29359132051467896,-2.1310932636260986
1700673051.4581575,0.01674618199467659,-0.2950761020183563,-2.133718490600586
1700673051.498394,0.018019109964370728,-0.2978562116622925,-2.1402382850646973
1700673051.5389345,0.0185571126639843,-0.3004893958568573,-2.147109270095825
1700673051.5795724,0.01843792386353016,-0.3027069568634033,-2.154104232788086
1700673051.6207285,0.018216071650385857,-0.30393901467323303,-2.1572625637054443
1700673051.6604402,0.017256397753953934,-0.3050543963909149,-2.1588757038116455
1700673051.7027595,0.016872519627213478,-0.30454471707344055,-2.1569108963012695
1700673051.744365,0.017145393416285515,-0.3039264976978302,-2.15718936920166
1700673051.7864392,0.01715960167348385,-0.30323904752731323,-2.1562983989715576
1700673051.826299,0.016824183985590935,-0.3031310737133026,-2.1567652225494385
1700673051.870363,0.017122510820627213,-0.30339857935905457,-2.1592466831207275
1700673051.908542,0.01758326217532158,-0.3034321665763855,-2.1624372005462646
1700673051.9502063,0.0186002254486084,-0.3037453591823578,-2.165309429168701
1700673051.9924216,0.019739525392651558,-0.30383867025375366,-2.1661224365234375
1700673052.0340688,0.020829154178500175,-0.30290377140045166,-2.16397762298584
1700673052.07611,0.02137395180761814,-0.3014683723449707,-2.1593687534332275
1700673052.1164467,0.021775783970952034,-0.2998983561992645,-2.1533830165863037
1700673052.1579762,0.021420201286673546,-0.2987283170223236,-2.148210048675537
1700673052.1855423,0.021388091146945953,-0.2985695004463196,-2.1459126472473145
1700673052.2148123,0.021498342975974083,-0.29868462681770325,-2.1449010372161865
1700673052.2435234,0.02102827839553356,-0.2991265058517456,-2.144984006881714
1700673052.2712047,0.020702432841062546,-0.30002710223197937,-2.145873546600342
1700673052.2987225,0.020240789279341698,-0.30055007338523865,-2.146782398223877
1700673052.3303428,0.019808301702141762,-0.3009127378463745,-2.148425579071045
1700673052.3598945,0.019385453313589096,-0.30088475346565247,-2.1495065689086914
1700673052.3924737,0.019308701157569885,-0.30092376470565796,-2.150885581970215
1700673052.4238503,0.019287440925836563,-0.3008479177951813,-2.151181936264038
1700673052.4573915,0.018695391714572906,-0.30034682154655457,-2.149543285369873
1700673052.490923,0.01871759630739689,-0.2996675670146942,-2.147050142288208
1700673052.5264373,0.01887565664947033,-0.2997092306613922,-2.146313190460205
1700673052.5598977,0.018792318180203438,-0.2999344766139984,-2.1464526653289795
1700673052.5914655,0.018797697499394417,-0.2999475300312042,-2.1449265480041504
1700673052.6256008,0.018932830542325974,-0.29967641830444336,-2.1441588401794434
1700673052.6591303,0.01898898556828499,-0.2993621230125427,-2.1452555656433105
1700673052.6932049,0.019086439162492752,-0.299113005399704,-2.1450283527374268
1700673052.7252328,0.01901961676776409,-0.29898226261138916,-2.1447391510009766
1700673052.7603657,0.018995165824890137,-0.2990281879901886,-2.1442670822143555
1700673052.7934306,0.01916603371500969,-0.29916977882385254,-2.1436703205108643
1700673052.826928,0.01897473819553852,-0.29836276173591614,-2.141188621520996
1700673052.860431,0.018979037180542946,-0.2978760600090027,-2.140347719192505
1700673052.893642,0.018729964271187782,-0.29792624711990356,-2.141127109527588
1700673052.9283142,0.018734807148575783,-0.2986084818840027,-2.143369436264038
1700673052.9595864,0.019254304468631744,-0.2988954782485962,-2.145277261734009
1700673053.000153,0.019285187125205994,-0.2990565598011017,-2.1476988792419434
1700673053.027618,0.019311171025037766,-0.29896441102027893,-2.1495044231414795
1700673053.0611885,0.019578563049435616,-0.29880231618881226,-2.1498863697052
1700673053.0939567,0.019991248846054077,-0.2988450825214386,-2.149818181991577
1700673053.1280234,0.020368631929159164,-0.2990821301937103,-2.149552822113037
1700673053.161278,0.02059965580701828,-0.29967373609542847,-2.1487021446228027
1700673053.1953707,0.021241700276732445,-0.30030182003974915,-2.1482815742492676
1700673053.228919,0.02155815251171589,-0.30096179246902466,-2.1481871604919434
1700673053.2624006,0.021418632939457893,-0.30137261748313904,-2.1479992866516113
1700673053.2964265,0.021598054096102715,-0.30093148350715637,-2.144473075866699
1700673053.3284552,0.021697623655200005,-0.30080410838127136,-2.143494129180908
1700673053.3633783,0.021406525745987892,-0.3011428713798523,-2.144732713699341
1700673053.3961625,0.020777979865670204,-0.3015134334564209,-2.1468896865844727
1700673053.4282527,0.020640958100557327,-0.30187076330184937,-2.149578332901001
1700673053.4625201,0.020646261051297188,-0.3023929297924042,-2.152770757675171
1700673053.4954767,0.020322751253843307,-0.30287066102027893,-2.1560165882110596
1700673053.5292778,0.020502816885709763,-0.3025965094566345,-2.1576037406921387
1700673053.5633726,0.02086840756237507,-0.3025389611721039,-2.1578211784362793
1700673053.5979364,0.02106896974146366,-0.30252689123153687,-2.1577913761138916
1700673053.6314714,0.021255895495414734,-0.30233335494995117,-2.1569619178771973
1700673053.6634455,0.021844541653990746,-0.3023967444896698,-2.156522512435913
1700673053.6959598,0.022309860214591026,-0.3021160960197449,-2.155816078186035
1700673053.7295585,0.022951912134885788,-0.3018459677696228,-2.1527276039123535
1700673053.7621458,0.023166591301560402,-0.3017822802066803,-2.151374578475952
1700673053.797415,0.022764278575778008,-0.3018237054347992,-2.151045083999634
1700673053.8313496,0.022337593138217926,-0.3007376194000244,-2.1487247943878174
1700673053.8652372,0.022115079686045647,-0.2993794083595276,-2.145517587661743
1700673053.898559,0.021795470267534256,-0.2979973256587982,-2.1418001651763916
1700673053.9301164,0.02133297175168991,-0.2970251142978668,-2.1403777599334717
1700673053.963777,0.021033266559243202,-0.2968568205833435,-2.141695976257324
1700673053.999317,0.020871011540293694,-0.2973271310329437,-2.144693374633789
1700673054.0312545,0.020515577867627144,-0.2982619106769562,-2.147918939590454
1700673054.0654335,0.02060697227716446,-0.29926371574401855,-2.149526834487915
1700673054.0980055,0.020956115797162056,-0.2994685471057892,-2.150068759918213
1700673054.133268,0.021362483501434326,-0.29998570680618286,-2.1517224311828613
1700673054.165589,0.02162644825875759,-0.30043408274650574,-2.152500629425049
1700673054.200153,0.021872973069548607,-0.3016130030155182,-2.1538596153259277
1700673054.2328186,0.022085923701524734,-0.3023592233657837,-2.1542975902557373
1700673054.2659707,0.022112827748060226,-0.30307093262672424,-2.154601573944092
1700673054.3005161,0.022531650960445404,-0.3037026524543762,-2.1553173065185547
1700673054.3325858,0.02288678288459778,-0.3031250238418579,-2.1541645526885986
1700673054.367292,0.023323191329836845,-0.3015413284301758,-2.1484975814819336
1700673058.438473,0.8186773061752319,-0.271343857049942,-2.124103307723999
1700673058.5075336,0.8187172412872314,-0.2695840001106262,-2.121187210083008
1700673058.56747,0.8249858021736145,-0.250759094953537,-2.183661460876465
1700673058.6372552,0.8239511251449585,-0.25097522139549255,-2.173168420791626
1700673058.6924572,0.8186545968055725,-0.2526191174983978,-2.156625986099243
1700673058.7635827,0.817232608795166,-0.2542153298854828,-2.1543848514556885
1700673058.8061934,0.8153152465820312,-0.25598305463790894,-2.148648500442505
1700673058.8484476,0.8141109347343445,-0.2564009428024292,-2.148277521133423
1700673058.8915484,0.8138309121131897,-0.25645503401756287,-2.1494171619415283
1700673058.934906,0.8134309649467468,-0.2564360201358795,-2.146974563598633
1700673058.9775643,0.8128581047058105,-0.25634926557540894,-2.144463539123535
1700673059.0209587,0.811561644077301,-0.2558256983757019,-2.1418004035949707
1700673059.0640285,0.8105100989341736,-0.25551360845565796,-2.1396737098693848
1700673059.1071208,0.8099074363708496,-0.2553938031196594,-2.1392815113067627
1700673059.1472688,0.8092466592788696,-0.2554739713668823,-2.1398732662200928
1700673059.1899188,0.8070265054702759,-0.255074143409729,-2.1424546241760254
1700673059.2345605,0.8057222366333008,-0.25448209047317505,-2.1451916694641113
1700673059.2771394,0.805128276348114,-0.25392013788223267,-2.1497044563293457
1700673059.3209524,0.8059954643249512,-0.2527296543121338,-2.15720796585083
1700673059.363419,0.808159351348877,-0.251991868019104,-2.1611292362213135
1700673059.4044626,0.8102675676345825,-0.2516045868396759,-2.164013624191284
1700673059.4455655,0.8123461008071899,-0.2511690855026245,-2.165651321411133
1700673059.4871314,0.8142609596252441,-0.2509905993938446,-2.166938304901123
1700673059.5297344,0.8169175982475281,-0.25079771876335144,-2.1685564517974854
1700673059.5708075,0.8179444074630737,-0.2508978545665741,-2.169011116027832
1700673059.6124253,0.818295419216156,-0.25120943784713745,-2.1685352325439453
1700673059.6551247,0.8189864158630371,-0.2524454593658447,-2.167480707168579
1700673059.697198,0.818395733833313,-0.25328153371810913,-2.1661620140075684
1700673059.7393725,0.8177087306976318,-0.253683865070343,-2.1636900901794434
1700673059.7802918,0.8173663020133972,-0.2540060579776764,-2.1627023220062256
1700673059.824523,0.8181543350219727,-0.254299521446228,-2.161842107772827
1700673059.8665686,0.8184908032417297,-0.25458747148513794,-2.16302752494812
1700673059.9093828,0.8190262913703918,-0.25473228096961975,-2.1636998653411865
1700673059.9509823,0.8196935653686523,-0.2544683814048767,-2.16662859916687
1700673059.9935179,0.8200574517250061,-0.2543621361255646,-2.172940969467163
1700673060.033374,0.8200263977050781,-0.253431111574173,-2.177906036376953
1700673060.0764053,0.8197177648544312,-0.2523961067199707,-2.180664300918579
1700673060.117457,0.8195741772651672,-0.25134190917015076,-2.1821672916412354
1700673060.159824,0.8188886046409607,-0.24977809190750122,-2.18339467048645
1700673060.2031717,0.8189048171043396,-0.24897219240665436,-2.1854844093322754
1700673060.243253,0.8187277317047119,-0.24863320589065552,-2.186271905899048
1700673060.284413,0.8184822797775269,-0.24857692420482635,-2.1869454383850098
1700673060.3251793,0.8190163969993591,-0.24894598126411438,-2.186668634414673
1700673060.3641534,0.8194022178649902,-0.2494805008172989,-2.186680793762207
1700673060.3966923,0.8194348812103271,-0.2502935528755188,-2.1865456104278564
1700673060.4262278,0.8190675973892212,-0.25100332498550415,-2.1856303215026855
1700673060.4562728,0.8182876706123352,-0.2515329122543335,-2.1847739219665527
1700673060.488819,0.8172175884246826,-0.2519436478614807,-2.182528495788574
1700673060.519367,0.8166670203208923,-0.2520155906677246,-2.1811726093292236
1700673060.553956,0.8158586025238037,-0.2520429790019989,-2.178328514099121
1700673060.5870903,0.8148038387298584,-0.25202614068984985,-2.175016164779663
1700673060.6199384,0.814206063747406,-0.25169649720191956,-2.173750638961792
1700673060.6545415,0.8143201470375061,-0.2513807415962219,-2.173778772354126
1700673060.6870618,0.8146175146102905,-0.25095731019973755,-2.1725406646728516
1700673060.7205863,0.81476229429245,-0.25039657950401306,-2.1708102226257324
1700673060.7551873,0.8151108622550964,-0.2500429153442383,-2.1678435802459717
1700673060.7884119,0.8154240250587463,-0.2501670718193054,-2.164027214050293
1700673060.8221216,0.8156716227531433,-0.2505496144294739,-2.1603004932403564
1700673060.8551576,0.8155893087387085,-0.25106310844421387,-2.157172441482544
1700673060.887681,0.8155359625816345,-0.2515450716018677,-2.1546194553375244
1700673060.9222927,0.8150023221969604,-0.2523116171360016,-2.152477979660034
1700673060.9555397,0.8146858215332031,-0.25281915068626404,-2.1512763500213623
1700673060.9870772,0.8147583603858948,-0.2530609369277954,-2.150710105895996
1700673061.024115,0.8144060373306274,-0.25345346331596375,-2.15085506439209
1700673061.0572946,0.8141611218452454,-0.2537596821784973,-2.1515636444091797
1700673061.0883634,0.8141400814056396,-0.2543507218360901,-2.1528868675231934
1700673061.12068,0.8141133785247803,-0.2544938623905182,-2.1538712978363037
1700673061.1562595,0.8140534162521362,-0.25478115677833557,-2.154742479324341
1700673061.1878123,0.8141574859619141,-0.2548971474170685,-2.155961751937866
1700673061.2223756,0.8144412040710449,-0.2551516890525818,-2.1571638584136963
1700673061.2585385,0.8145237565040588,-0.2555178701877594,-2.156524896621704
1700673061.2897086,0.8146143555641174,-0.2559073865413666,-2.1551034450531006
1700673061.3242905,0.815065860748291,-0.25541818141937256,-2.155207872390747
1700673061.357385,0.8154332041740417,-0.25528523325920105,-2.1548871994018555
1700673061.3909569,0.8159268498420715,-0.25547125935554504,-2.1543617248535156
1700673061.4235094,0.8159736394882202,-0.25581440329551697,-2.154144287109375
1700673061.4572315,0.8160374164581299,-0.2562723755836487,-2.15425181388855
1700673061.4907758,0.8161598443984985,-0.2562922239303589,-2.154449224472046
1700673061.524437,0.8165388703346252,-0.2559882700443268,-2.15505051612854
1700673061.558433,0.8170400261878967,-0.25557971000671387,-2.15602970123291
1700673061.592294,0.8177386522293091,-0.2554587125778198,-2.1569933891296387
1700673061.6243322,0.8180922269821167,-0.2550124526023865,-2.158112049102783
1700673061.6574318,0.8184316754341125,-0.2545238137245178,-2.159201145172119
1700673061.6909556,0.8181284070014954,-0.2539059817790985,-2.161634922027588
1700673061.7583823,0.8175856471061707,-0.25349071621894836,-2.161846876144409
1700673061.7924316,0.8176679015159607,-0.2531721293926239,-2.160627841949463
1700673061.8244886,0.8185288310050964,-0.2529364228248596,-2.15929913520813
1700673061.8585305,0.8185772895812988,-0.2528438866138458,-2.1574196815490723
1700673061.8905997,0.8183190226554871,-0.2528536319732666,-2.155787706375122
1700673061.9271905,0.8177599906921387,-0.25299006700515747,-2.1547305583953857
1700673061.9592602,0.8168018460273743,-0.25284793972969055,-2.1528332233428955
1700673061.9908495,0.815822958946228,-0.25267162919044495,-2.1499290466308594
1700673062.0259233,0.8156359791755676,-0.2524924576282501,-2.1478052139282227
1700673062.0579612,0.8153737783432007,-0.2525801956653595,-2.1467514038085938
1700673062.0914445,0.814936637878418,-0.25251179933547974,-2.1461451053619385
1700673062.127068,0.8144058585166931,-0.2525824010372162,-2.145512104034424
1700673062.1591465,0.8137797713279724,-0.25261151790618896,-2.1440484523773193
1700673062.1942275,0.8135473728179932,-0.25262314081192017,-2.14300537109375
1700673062.2275345,0.8137051463127136,-0.25260624289512634,-2.1426892280578613
1700673062.2613502,0.8141674995422363,-0.25224733352661133,-2.144235134124756
1700673062.296462,0.8150173425674438,-0.2517296373844147,-2.1472930908203125
1700673062.3280268,0.8157446980476379,-0.2510054409503937,-2.151839017868042
1700673062.3621023,0.816616952419281,-0.2502247095108032,-2.1576249599456787
1700673062.3961742,0.8185791969299316,-0.2497253268957138,-2.163336992263794
1700673062.4283183,0.8203040957450867,-0.24983897805213928,-2.1666464805603027
1700673062.460499,0.8214975595474243,-0.25016358494758606,-2.1694858074188232
1700673062.4964318,0.8219410181045532,-0.2506917715072632,-2.169995069503784
1700673062.5286033,0.8218790888786316,-0.25144433975219727,-2.169607400894165
1700673062.5613782,0.821854293346405,-0.2521626055240631,-2.1682074069976807
1700673062.5961218,0.8214646577835083,-0.2529098093509674,-2.167351484298706
1700673062.6286657,0.8209637403488159,-0.2538289725780487,-2.1656641960144043
1700673062.662373,0.8205300569534302,-0.2543289065361023,-2.165228843688965
1700673062.696068,0.8195951581001282,-0.2549550533294678,-2.1647462844848633
1700673062.7286088,0.818392813205719,-0.25535690784454346,-2.164616346359253
1700673062.7628973,0.817157506942749,-0.2556483745574951,-2.164717674255371
1700673062.7954276,0.8157803416252136,-0.2559146285057068,-2.1656157970428467
1700673062.8289096,0.8147314190864563,-0.2561069428920746,-2.165888547897339
1700673062.8654156,0.8136598467826843,-0.25621721148490906,-2.1656765937805176
1700673062.898464,0.8128154873847961,-0.25636664032936096,-2.1644959449768066
1700673062.93053,0.8119574189186096,-0.2566405236721039,-2.1635663509368896
1700673062.9641955,0.8112976551055908,-0.2566952109336853,-2.1626784801483154
1700673062.9987392,0.8110015988349915,-0.2566947937011719,-2.162073850631714
1700673063.0323074,0.8110049366950989,-0.2567184269428253,-2.163059949874878
1700673063.067428,0.811098039150238,-0.2567666471004486,-2.164440155029297
1700673063.0998979,0.8112824559211731,-0.2568439841270447,-2.165066719055176
1700673063.1309674,0.8121115565299988,-0.2567128837108612,-2.164700984954834
1700673063.1640275,0.8128638863563538,-0.2567521631717682,-2.1651804447174072
1700673063.2101085,0.8130913972854614,-0.2568961977958679,-2.164935827255249
1700673063.2534273,0.8130213618278503,-0.2569206655025482,-2.1656529903411865
1700673063.2948189,0.8133720755577087,-0.2569899559020996,-2.166283130645752
1700673063.337804,0.8131415247917175,-0.25753748416900635,-2.164438247680664
1700673063.3788776,0.8132328391075134,-0.25735801458358765,-2.162273406982422
1700673063.422462,0.8137258887290955,-0.25709158182144165,-2.1613736152648926
1700673063.4634776,0.8134354948997498,-0.2568506896495819,-2.1623594760894775
1700673063.5044043,0.812556803226471,-0.2559923529624939,-2.1671245098114014
1700673063.547508,0.8127672672271729,-0.2552294433116913,-2.170334815979004
A coordinates: -0.110000454 0.24231318
B coordinates: -0.3189536 -0.048912156
