1701016692.730265,0.5116046667098999,-0.2008129209280014,-2.3317301273345947
1701016692.838783,0.46786946058273315,-0.1477547138929367,-2.0483198165893555
1701016692.974567,0.43954867124557495,-0.06548759341239929,-2.082714080810547
1701016693.0478015,0.4354338049888611,-0.05832413583993912,-2.087832450866699
1701016693.120432,0.43313586711883545,-0.05842204764485359,-2.0987319946289062
1701016693.1654923,0.43191608786582947,-0.061761822551488876,-2.1047463417053223
1701016693.2102096,0.4300319254398346,-0.06638267636299133,-2.1169943809509277
1701016693.2532754,0.43000906705856323,-0.07145616412162781,-2.1211061477661133
1701016693.2993793,0.4304564297199249,-0.07452239841222763,-2.1227800846099854
1701016693.3434384,0.43324944376945496,-0.07773886620998383,-2.131610870361328
1701016693.3866591,0.43625184893608093,-0.0776914656162262,-2.120750904083252
1701016693.434203,0.4387359917163849,-0.07695332914590836,-2.110365152359009
1701016693.4922907,0.43932217359542847,-0.07647834718227386,-2.095247745513916
1701016693.5404003,0.43913334608078003,-0.07543778419494629,-2.083667278289795
1701016693.5879586,0.4326772093772888,-0.0717320665717125,-2.0837390422821045
1701016693.6332505,0.42942938208580017,-0.06839624047279358,-2.0796515941619873
1701016693.6743038,0.4272698163986206,-0.06499330699443817,-2.082475185394287
1701016693.71739,0.4276013672351837,-0.05965800955891609,-2.08357572555542
1701016693.7610462,0.4290996789932251,-0.0572311133146286,-2.086399555206299
1701016693.8056188,0.4308425188064575,-0.05656995251774788,-2.0890650749206543
1701016693.848573,0.43270304799079895,-0.05814502015709877,-2.0852394104003906
1701016693.8916657,0.43470263481140137,-0.06125038117170334,-2.078885078430176
1701016693.9347136,0.43569818139076233,-0.0632622092962265,-2.0725464820861816
1701016693.9763527,0.43564969301223755,-0.06521905958652496,-2.064084053039551
1701016694.0218396,0.43311113119125366,-0.06442079693078995,-2.0615808963775635
1701016694.0638762,0.43109673261642456,-0.06266747415065765,-2.058091878890991
1701016694.1067314,0.42963331937789917,-0.06222495064139366,-2.0536606311798096
1701016694.1487994,0.42795151472091675,-0.06210868060588837,-2.0434772968292236
1701016694.1898508,0.4283851981163025,-0.06274399161338806,-2.0370001792907715
1701016694.2340572,0.4291660189628601,-0.06276684999465942,-2.033921957015991
1701016694.2798917,0.43685010075569153,-0.0639486238360405,-2.008737325668335
1701016694.3215673,0.43361541628837585,-0.06445655971765518,-2.0183115005493164
1701016694.3626828,0.4331076443195343,-0.06562711298465729,-2.027550458908081
1701016694.407275,0.4326573610305786,-0.06686719506978989,-2.0354790687561035
1701016694.4489694,0.43088966608047485,-0.06876914203166962,-2.042802572250366
1701016694.4904933,0.42933499813079834,-0.07076455652713776,-2.0491158962249756
1701016694.5328991,0.42925310134887695,-0.07287005335092545,-2.0514767169952393
1701016694.5736475,0.4320644736289978,-0.07324899733066559,-2.037893295288086
1701016694.6166267,0.4333914518356323,-0.07554902136325836,-2.0423271656036377
1701016694.65793,0.43428051471710205,-0.07585332542657852,-2.0490660667419434
1701016694.7004912,0.43589574098587036,-0.07254336774349213,-2.041128396987915
1701016694.744208,0.4372522830963135,-0.06713806837797165,-2.029919385910034
1701016694.7862692,0.43585115671157837,-0.06785508990287781,-2.0362017154693604
1701016694.8286357,0.4337556064128876,-0.06814231723546982,-2.0435001850128174
1701016694.870719,0.4334478974342346,-0.06875073909759521,-2.0486488342285156
1701016694.913269,0.4326537251472473,-0.0686447024345398,-2.0659303665161133
1701016694.9566958,0.43266960978507996,-0.06797977536916733,-2.068890333175659
1701016695.0005274,0.4323329031467438,-0.06779281795024872,-2.072798728942871
1701016695.040609,0.4321569502353668,-0.06785501539707184,-2.0741610527038574
1701016695.0839748,0.43094533681869507,-0.06883331388235092,-2.074889659881592
1701016695.1236234,0.4292290210723877,-0.07003011554479599,-2.0804126262664795
1701016695.1677804,0.42864543199539185,-0.07106365263462067,-2.0885183811187744
1701016695.2081783,0.42865926027297974,-0.0717252716422081,-2.0982420444488525
1701016695.2492266,0.42937934398651123,-0.07203580439090729,-2.103177070617676
1701016695.2897828,0.4290684163570404,-0.07157900184392929,-2.0996780395507812
1701016695.3322163,0.42864111065864563,-0.06990767270326614,-2.0926382541656494
1701016695.3720548,0.42770108580589294,-0.06771913915872574,-2.0846571922302246
1701016695.4141092,0.4228755235671997,-0.06309100240468979,-2.075995922088623
1701016695.455647,0.41917839646339417,-0.060591742396354675,-2.0792407989501953
1701016695.4996138,0.4173276722431183,-0.05886943265795708,-2.07694935798645
1701016695.538672,0.4158482551574707,-0.05704570561647415,-2.0731241703033447
1701016695.579755,0.4143896698951721,-0.05609065294265747,-2.075827121734619
1701016695.6207883,0.4128110706806183,-0.05520904064178467,-2.075833797454834
1701016695.6617296,0.41417479515075684,-0.057163357734680176,-2.0778064727783203
1701016695.703906,0.4156705439090729,-0.05909102410078049,-2.0808610916137695
1701016695.7474334,0.4167211055755615,-0.061314985156059265,-2.089304208755493
1701016695.7893498,0.4206177890300751,-0.063395656645298,-2.0967886447906494
1701016695.8314414,0.4226331114768982,-0.06434943526983261,-2.095409631729126
1701016695.8714721,0.42228853702545166,-0.06436589360237122,-2.094045639038086
1701016695.9126496,0.4218834638595581,-0.06465542316436768,-2.0922281742095947
1701016695.9567137,0.4197276532649994,-0.06568027287721634,-2.0896832942962646
1701016695.9992902,0.4184842109680176,-0.0651533231139183,-2.083883047103882
1701016696.0396757,0.41737401485443115,-0.06397148221731186,-2.0773046016693115
1701016696.0827775,0.4175134301185608,-0.06322497874498367,-2.0728912353515625
1701016696.1138375,0.41642338037490845,-0.06301245838403702,-2.0744316577911377
1701016696.1423206,0.41528812050819397,-0.06254562735557556,-2.0751171112060547
1701016696.1753645,0.41347163915634155,-0.06267130374908447,-2.0793282985687256
1701016696.2054965,0.41334816813468933,-0.06268231570720673,-2.0801072120666504
1701016696.2355247,0.4129188656806946,-0.06210172548890114,-2.075955867767334
1701016696.2655714,0.41250473260879517,-0.06206003576517105,-2.077014446258545
1701016696.2938673,0.4133796691894531,-0.062156252562999725,-2.07721209526062
1701016696.3224702,0.41525647044181824,-0.0624145045876503,-2.076995372772217
1701016696.35266,0.41756173968315125,-0.06253854185342789,-2.0777623653411865
1701016696.3812091,0.41881251335144043,-0.06208471208810806,-2.0763535499572754
1701016696.4146314,0.4197947680950165,-0.061731960624456406,-2.0747463703155518
1701016696.447613,0.41968202590942383,-0.061550866812467575,-2.07279896736145
1701016696.4816875,0.41976192593574524,-0.06216130405664444,-2.072471857070923
1701016696.5156686,0.41930264234542847,-0.06300494074821472,-2.072897434234619
1701016696.5472584,0.4193781018257141,-0.06363880634307861,-2.0749013423919678
1701016696.5805154,0.4195348620414734,-0.06415539234876633,-2.0775766372680664
1701016696.6146767,0.4200359582901001,-0.0642499178647995,-2.0807478427886963
1701016696.6488147,0.41992855072021484,-0.06346622854471207,-2.0834622383117676
1701016696.6803665,0.41928547620773315,-0.06305091828107834,-2.0860352516174316
1701016696.714684,0.4186234772205353,-0.06251338869333267,-2.083937168121338
1701016696.748755,0.41680774092674255,-0.06272747367620468,-2.085726499557495
1701016696.783314,0.4161934554576874,-0.06348137557506561,-2.085002899169922
1701016696.8161836,0.4150480628013611,-0.06402575224637985,-2.0854668617248535
1701016696.8477125,0.4148954451084137,-0.06390290707349777,-2.0817835330963135
1701016696.8832583,0.41598784923553467,-0.06365388631820679,-2.0791871547698975
1701016696.9168582,0.4167863130569458,-0.06340621411800385,-2.08048939704895
1701016696.9504147,0.41587913036346436,-0.06345803290605545,-2.0846643447875977
1701016696.9825323,0.4169151782989502,-0.06386377662420273,-2.0888853073120117
1701016697.0161867,0.4175570011138916,-0.06390947103500366,-2.0883376598358154
1701016697.0493095,0.4192613959312439,-0.06401064246892929,-2.0873260498046875
1701016697.083432,0.4207579493522644,-0.06419748812913895,-2.0862908363342285
1701016697.1177127,0.4214105010032654,-0.06372533738613129,-2.083193302154541
1701016697.1526098,0.4210016429424286,-0.06286274641752243,-2.0800259113311768
1701016697.1886718,0.4200868308544159,-0.062319785356521606,-2.0791027545928955
1701016697.2172403,0.4186268746852875,-0.06196731701493263,-2.0788426399230957
1701016697.2522619,0.41618555784225464,-0.06196583807468414,-2.081691265106201
1701016697.2854712,0.41535937786102295,-0.0619087740778923,-2.078500270843506
1701016697.3164983,0.41518211364746094,-0.06251800060272217,-2.0761563777923584
1701016697.3517895,0.41453543305397034,-0.06320736557245255,-2.07460880279541
1701016697.3853734,0.41398200392723083,-0.06339815258979797,-2.0723073482513428
1701016697.417556,0.41366589069366455,-0.06318286061286926,-2.0687217712402344
1701016697.4516585,0.41406014561653137,-0.06335169076919556,-2.067354440689087
1701016697.4838645,0.4142806828022003,-0.06326950341463089,-2.066314220428467
1701016697.5176675,0.41432127356529236,-0.0629124790430069,-2.065765619277954
1701016697.5526195,0.41591304540634155,-0.06258153170347214,-2.065112829208374
1701016697.58416,0.4175795912742615,-0.06290531903505325,-2.0656890869140625
1701016697.6187346,0.4185733199119568,-0.06368816643953323,-2.069913625717163
1701016697.6521556,0.41875773668289185,-0.06394067406654358,-2.0737454891204834
1701016697.685317,0.41853412985801697,-0.06384090334177017,-2.0741124153137207
1701016697.7202759,0.4180138111114502,-0.06358072906732559,-2.071279525756836
1701016697.7523937,0.4173964858055115,-0.06411493569612503,-2.069688081741333
1701016697.7855587,0.4171197712421417,-0.06466760486364365,-2.0692617893218994
1701016697.8200932,0.41712242364883423,-0.06576933711767197,-2.0699658393859863
1701016697.8524199,0.4179239273071289,-0.06688011437654495,-2.071256637573242
1701016697.8873081,0.4175232946872711,-0.0677114874124527,-2.072270631790161
1701016705.610495,0.08154431730508804,0.27635860443115234,-2.1192734241485596
1701016705.6806173,0.08293291926383972,0.2786896526813507,-2.1383066177368164
1701016705.7428362,0.08293060213327408,0.2787414789199829,-2.1367135047912598
1701016705.80755,0.0806468278169632,0.27962246537208557,-2.118269205093384
1701016705.8709295,0.08176293969154358,0.2801341414451599,-2.1093251705169678
1701016705.9315937,0.08077572286128998,0.2807040214538574,-2.1018567085266113
1701016705.9953744,0.08078242838382721,0.2795790731906891,-2.1008217334747314
1701016706.0612068,0.08138763904571533,0.27584967017173767,-2.1063878536224365
1701016706.1222055,0.08327038586139679,0.2739119827747345,-2.113445520401001
1701016706.1658022,0.08469627797603607,0.2732093334197998,-2.119877815246582
1701016706.2084084,0.08468330651521683,0.2733074426651001,-2.1229488849639893
1701016706.2500627,0.08485844731330872,0.27377867698669434,-2.125755786895752
1701016706.291174,0.08697354793548584,0.27431342005729675,-2.1313483715057373
1701016706.3337245,0.08724170178174973,0.2750660181045532,-2.131704807281494
1701016706.3761897,0.08748205751180649,0.2751385271549225,-2.134399652481079
1701016706.4195902,0.08756572008132935,0.276029497385025,-2.136436939239502
1701016706.4647226,0.0870085284113884,0.27575746178627014,-2.136807918548584
1701016706.5061092,0.0857994481921196,0.2751677930355072,-2.136023998260498
1701016706.5537064,0.08216361701488495,0.2746434509754181,-2.1340835094451904
1701016706.598314,0.080201655626297,0.2753541171550751,-2.134648561477661
1701016706.6414437,0.07925467938184738,0.27628543972969055,-2.1352577209472656
1701016706.683572,0.07950583845376968,0.27660661935806274,-2.135411024093628
1701016706.7237508,0.0803835466504097,0.27649807929992676,-2.134763717651367
1701016706.7675896,0.08069314062595367,0.2764190137386322,-2.134617328643799
1701016706.8096812,0.08089514076709747,0.2758791744709015,-2.1340181827545166
1701016706.8534577,0.08048269897699356,0.2755714952945709,-2.1341187953948975
1701016706.8994172,0.07902617007493973,0.27546828985214233,-2.130619764328003
1701016706.9415414,0.07992889732122421,0.27576327323913574,-2.1275763511657715
1701016706.9861581,0.08122574537992477,0.27592530846595764,-2.1260762214660645
1701016707.0287788,0.0831761360168457,0.2756403684616089,-2.125828504562378
1701016707.0698597,0.0832388699054718,0.2752898931503296,-2.127129077911377
1701016707.1121535,0.0827675312757492,0.27535948157310486,-2.12678599357605
1701016707.1563082,0.08262448012828827,0.27650803327560425,-2.122894525527954
1701016707.2002225,0.08255566656589508,0.2770722210407257,-2.1200978755950928
1701016707.2434,0.0828535184264183,0.277175635099411,-2.1184768676757812
1701016707.2841685,0.08237327635288239,0.2772718071937561,-2.1172139644622803
1701016707.326387,0.08014541864395142,0.2764708697795868,-2.115250825881958
1701016707.3669918,0.07900381088256836,0.27604228258132935,-2.1143012046813965
1701016707.4076183,0.0787479355931282,0.27623990178108215,-2.1157174110412598
1701016707.449906,0.078395314514637,0.27705785632133484,-2.1171932220458984
1701016707.4919932,0.07772143185138702,0.27686822414398193,-2.118098497390747
1701016707.5336373,0.07641491293907166,0.27748873829841614,-2.1186788082122803
1701016707.573623,0.07577820122241974,0.27761322259902954,-2.1202497482299805
1701016707.61533,0.07503291964530945,0.2778063416481018,-2.122344493865967
1701016707.6556108,0.07393164932727814,0.27843958139419556,-2.1219468116760254
1701016707.6996388,0.0740792378783226,0.2806132733821869,-2.1205027103424072
1701016707.7403975,0.07440163195133209,0.2806999981403351,-2.1185359954833984
1701016707.7836273,0.07395075261592865,0.28046077489852905,-2.11665415763855
1701016707.8252685,0.07395045459270477,0.28043127059936523,-2.1181325912475586
1701016707.8677242,0.0738455131649971,0.28005409240722656,-2.119168996810913
1701016707.9065893,0.07399891316890717,0.2797577977180481,-2.1203508377075195
1701016707.9532797,0.07343395054340363,0.279610276222229,-2.121074914932251
1701016708.000856,0.071535125374794,0.27931347489356995,-2.121713161468506
1701016708.0459206,0.07084827870130539,0.27959179878234863,-2.121081590652466
1701016708.0905867,0.07088175415992737,0.27933430671691895,-2.121342182159424
1701016708.1213915,0.07090523093938828,0.2793586552143097,-2.1211771965026855
1701016708.1499374,0.0712537169456482,0.2790642976760864,-2.121337413787842
1701016708.179295,0.0707370787858963,0.27863237261772156,-2.121623992919922
1701016708.208593,0.07106248289346695,0.2784067392349243,-2.121725082397461
1701016708.239144,0.07122839242219925,0.2791290581226349,-2.1205310821533203
1701016708.270734,0.07135891914367676,0.2795787751674652,-2.1203393936157227
1701016708.3010929,0.07165061682462692,0.27948081493377686,-2.1209347248077393
1701016708.3288674,0.07163648307323456,0.2795613706111908,-2.1209876537323
1701016708.3584232,0.07098802924156189,0.27914121747016907,-2.1210837364196777
1701016708.3891845,0.07149969041347504,0.2786164879798889,-2.119899272918701
1701016708.423985,0.07210348546504974,0.2780880331993103,-2.1192729473114014
1701016708.4593291,0.07255534827709198,0.2776983976364136,-2.1187753677368164
1701016708.489692,0.0725698471069336,0.2775486409664154,-2.1189398765563965
1701016708.5238621,0.07263859361410141,0.2771676182746887,-2.119882106781006
1701016708.556975,0.07344923913478851,0.2773982286453247,-2.1211607456207275
1701016708.591553,0.07398604601621628,0.27787336707115173,-2.122302293777466
1701016708.6231213,0.0747268944978714,0.278598815202713,-2.1241488456726074
1701016708.6572165,0.07586187869310379,0.27905693650245667,-2.124875783920288
1701016708.6897557,0.07662564516067505,0.2796189486980438,-2.1256070137023926
1701016708.7243328,0.07708506286144257,0.280068576335907,-2.126793146133423
1701016708.7584283,0.07647331058979034,0.2800444960594177,-2.128427743911743
1701016708.7906425,0.07474000751972198,0.2797302305698395,-2.129608154296875
1701016708.8242066,0.07263398170471191,0.2791752815246582,-2.130523443222046
1701016708.8582895,0.07032166421413422,0.2788495123386383,-2.131023406982422
1701016708.8920243,0.06831322610378265,0.27889055013656616,-2.130565643310547
1701016708.9256294,0.06732621788978577,0.2789844870567322,-2.128790855407715
1701016708.9592514,0.06721382588148117,0.27978724241256714,-2.128633975982666
1701016708.9908128,0.06747230142354965,0.2807562053203583,-2.1284284591674805
1701016709.0269415,0.06765430420637131,0.2811604142189026,-2.1271722316741943
1701016709.057536,0.06762969493865967,0.2813858985900879,-2.125241994857788
1701016709.0941026,0.06825099140405655,0.28132790327072144,-2.122969150543213
1701016709.125701,0.06893130391836166,0.28097251057624817,-2.12192964553833
1701016709.1588254,0.0694466382265091,0.28066807985305786,-2.1224708557128906
1701016709.194119,0.06944232434034348,0.2802487015724182,-2.123422861099243
1701016709.2292128,0.06913171708583832,0.2794601023197174,-2.1242218017578125
1701016709.2618175,0.06863148510456085,0.2789864242076874,-2.1243410110473633
1701016709.2936215,0.06798143684864044,0.2786887586116791,-2.123960256576538
1701016709.3276963,0.06710374355316162,0.27895841002464294,-2.123241424560547
1701016709.3608143,0.066059909760952,0.27944299578666687,-2.122506856918335
1701016709.3933926,0.06478935480117798,0.28042319416999817,-2.121717929840088
1701016709.4276001,0.06366303563117981,0.2813194990158081,-2.120875835418701
1701016709.4601715,0.06364403665065765,0.2819589078426361,-2.1206142902374268
1701016709.4937344,0.06403066962957382,0.28226912021636963,-2.119431495666504
1701016709.5283701,0.06414338946342468,0.28220421075820923,-2.1179490089416504
1701016709.5616937,0.06427648663520813,0.2821027636528015,-2.11625599861145
1701016709.5938728,0.0647154152393341,0.28143051266670227,-2.1144020557403564
1701016709.6275024,0.0649186447262764,0.28033995628356934,-2.1122612953186035
1701016709.6616843,0.06545456498861313,0.2794797420501709,-2.1114819049835205
1701016709.693835,0.06636098772287369,0.2785097658634186,-2.1114211082458496
1701016709.7284229,0.06713353097438812,0.27844977378845215,-2.111978769302368
1701016709.761764,0.06764967739582062,0.2786869704723358,-2.113842725753784
1701016709.7958663,0.06764477491378784,0.2798624336719513,-2.115534782409668
1701016709.8269932,0.06815443187952042,0.2806086838245392,-2.1161880493164062
1701016709.8620987,0.06812013685703278,0.281286358833313,-2.1185123920440674
1701016709.895937,0.06735963374376297,0.2824990153312683,-2.1206817626953125
1701016709.939052,0.06667768210172653,0.2837350368499756,-2.1232330799102783
1701016709.9821203,0.0661424845457077,0.2846319079399109,-2.1266696453094482
1701016710.0257149,0.06568121165037155,0.2845969498157501,-2.128063440322876
1701016710.0668693,0.06532209366559982,0.284519225358963,-2.1287145614624023
1701016710.1067114,0.0655788704752922,0.2839597761631012,-2.127697229385376
1701016710.151365,0.06557151675224304,0.28393787145614624,-2.127228021621704
1701016710.1902106,0.0658503919839859,0.284248024225235,-2.126471519470215
1701016710.231081,0.06668346375226974,0.2846806049346924,-2.125842332839966
1701016710.272195,0.06738226115703583,0.28530818223953247,-2.1256332397460938
1701016710.3140404,0.06772598624229431,0.28441837430000305,-2.124086618423462
1701016710.354646,0.06779070943593979,0.28347036242485046,-2.1226887702941895
1701016710.396255,0.0681287944316864,0.2831572890281677,-2.122272253036499
1701016710.4396298,0.06835038959980011,0.28188255429267883,-2.121183156967163
1701016710.4829917,0.06743577122688293,0.2816591262817383,-2.119506359100342
1701016710.5246022,0.06495951116085052,0.2822435200214386,-2.116309642791748
1701016710.567395,0.06236032769083977,0.282340943813324,-2.113508701324463
1701016710.6091533,0.06121113896369934,0.28228485584259033,-2.1157689094543457
1701016710.6537187,0.06147110462188721,0.28148695826530457,-2.1181581020355225
1701016710.694286,0.06183850020170212,0.28093022108078003,-2.1191773414611816
1701016710.7375264,0.06373316049575806,0.28170260787010193,-2.1235790252685547
1701016710.7810853,0.06605454534292221,0.2815696597099304,-2.1254825592041016
1701016710.8213391,0.06791620701551437,0.28186994791030884,-2.126223087310791
1701016716.2337449,-0.24421200156211853,-0.03907041624188423,-2.0657286643981934
1701016716.3067424,-0.2413644939661026,-0.04519818350672722,-2.064162254333496
1701016716.3846169,-0.25675928592681885,-0.04490572214126587,-2.064950704574585
1701016716.4464915,-0.24763821065425873,-0.05066447705030441,-2.057206869125366
1701016716.5064914,-0.24566468596458435,-0.05217106267809868,-2.0538394451141357
1701016716.551372,-0.24371415376663208,-0.05109090730547905,-2.0526020526885986
1701016716.5938659,-0.24381165206432343,-0.05166736617684364,-2.0526890754699707
1701016716.6381228,-0.24507729709148407,-0.052116621285676956,-2.054857015609741
1701016716.6836677,-0.24747197329998016,-0.051818400621414185,-2.0565524101257324
1701016716.7257955,-0.25129976868629456,-0.051099516451358795,-2.0568764209747314
1701016716.7678285,-0.2531038224697113,-0.04938399791717529,-2.0555152893066406
1701016716.8105495,-0.25298717617988586,-0.048966601490974426,-2.052527666091919
1701016716.8538654,-0.2519545555114746,-0.04904063418507576,-2.051053047180176
1701016716.8985703,-0.2517448663711548,-0.04737689718604088,-2.0524816513061523
1701016716.9414964,-0.24952726066112518,-0.04709937795996666,-2.053516149520874
1701016716.984725,-0.24737682938575745,-0.04762830212712288,-2.05418062210083
1701016717.0278802,-0.24694950878620148,-0.04705078899860382,-2.0573625564575195
1701016717.0709324,-0.2469102144241333,-0.047739606350660324,-2.060147523880005
1701016717.113504,-0.2511630952358246,-0.048828836530447006,-2.0704903602600098
1701016717.1543696,-0.2525448799133301,-0.049961816519498825,-2.0771148204803467
1701016717.1961167,-0.2540472447872162,-0.04891010373830795,-2.081998586654663
1701016717.2386997,-0.2536092698574066,-0.0483035109937191,-2.0802671909332275
1701016717.283722,-0.2529646158218384,-0.04780542105436325,-2.0775065422058105
1701016717.3252783,-0.25320667028427124,-0.04636773467063904,-2.0751984119415283
1701016717.3685567,-0.25338324904441833,-0.04634088650345802,-2.0725178718566895
1701016717.4091094,-0.2533910572528839,-0.04663502797484398,-2.0692498683929443
1701016717.4528635,-0.25376269221305847,-0.0473131500184536,-2.0668723583221436
1701016717.4966145,-0.2521188259124756,-0.05014507472515106,-2.0629515647888184
1701016717.536524,-0.2495189756155014,-0.05258772522211075,-2.060026168823242
1701016717.5787523,-0.24953600764274597,-0.05316484719514847,-2.0607376098632812
1701016717.6196666,-0.25094565749168396,-0.052640993148088455,-2.062896490097046
1701016717.6637414,-0.2531886398792267,-0.05060466751456261,-2.0656421184539795
1701016717.7043316,-0.25500816106796265,-0.048195842653512955,-2.068610429763794
1701016717.7470984,-0.25593361258506775,-0.04657746106386185,-2.070082187652588
1701016717.7929957,-0.2567479908466339,-0.04636538773775101,-2.069904088973999
1701016717.8356836,-0.256893515586853,-0.04661378264427185,-2.0697250366210938
1701016717.8783698,-0.2564217448234558,-0.04715093970298767,-2.0691864490509033
1701016717.9195423,-0.25605741143226624,-0.04691849276423454,-2.068589925765991
1701016717.9626262,-0.2524092495441437,-0.04915884882211685,-2.0639054775238037
1701016718.0042207,-0.2517697215080261,-0.04880236089229584,-2.0619633197784424
1701016718.0487723,-0.2521892488002777,-0.0477747805416584,-2.061169147491455
1701016718.0883782,-0.25187188386917114,-0.04784441366791725,-2.0600898265838623
1701016718.1321082,-0.252905011177063,-0.04719623178243637,-2.0599818229675293
1701016718.1704931,-0.2539438307285309,-0.047037214040756226,-2.060887575149536
1701016718.2122898,-0.25482597947120667,-0.047321826219558716,-2.0618784427642822
1701016718.2533243,-0.25545549392700195,-0.04695580154657364,-2.0622193813323975
1701016718.2961137,-0.2558239996433258,-0.04604444280266762,-2.062558650970459
1701016718.3427024,-0.2556564211845398,-0.0462629459798336,-2.0627918243408203
1701016718.385377,-0.2557266652584076,-0.046765632927417755,-2.062528133392334
1701016718.425429,-0.25559601187705994,-0.04731360077857971,-2.062410831451416
1701016718.4679744,-0.25472959876060486,-0.04732099920511246,-2.0620789527893066
1701016718.5095477,-0.25427475571632385,-0.0474766343832016,-2.0626060962677
1701016718.5516024,-0.253885954618454,-0.046348996460437775,-2.0629353523254395
1701016718.5936213,-0.2534846365451813,-0.045702479779720306,-2.062983512878418
1701016718.6346803,-0.25451529026031494,-0.0443023256957531,-2.065713882446289
1701016718.6757214,-0.25536370277404785,-0.04380723834037781,-2.0670554637908936
1701016718.705365,-0.2556649446487427,-0.043487172573804855,-2.0665335655212402
1701016718.7359056,-0.2561988830566406,-0.04318178817629814,-2.066720724105835
1701016718.7664316,-0.2568264901638031,-0.043224502354860306,-2.0676445960998535
1701016718.79747,-0.2569485008716583,-0.04354887083172798,-2.067626714706421
1701016718.826559,-0.256604939699173,-0.04420587792992592,-2.0665411949157715
1701016718.8616538,-0.2563977837562561,-0.04517115652561188,-2.06571626663208
1701016718.892783,-0.2560804784297943,-0.04610181599855423,-2.064507007598877
1701016718.9274518,-0.2556563913822174,-0.046483129262924194,-2.063178777694702
1701016718.9599774,-0.2558622360229492,-0.04672565683722496,-2.0623409748077393
1701016718.9945493,-0.2564121186733246,-0.04725876450538635,-2.062255859375
1701016719.0267003,-0.2569890022277832,-0.04848276823759079,-2.0621371269226074
1701016719.0598114,-0.2576711177825928,-0.048537347465753555,-2.062195301055908
1701016719.0934498,-0.2583528757095337,-0.04826802760362625,-2.0616159439086914
1701016719.1269772,-0.25850141048431396,-0.04800572618842125,-2.0601305961608887
1701016719.1615622,-0.25878071784973145,-0.047709472477436066,-2.059392213821411
1701016719.192885,-0.25903618335723877,-0.04790519177913666,-2.059682846069336
1701016719.227633,-0.2589883804321289,-0.0483352467417717,-2.0599489212036133
1701016719.2608955,-0.25899097323417664,-0.048336438834667206,-2.0606842041015625
1701016719.2954655,-0.2587435841560364,-0.04879063740372658,-2.0615901947021484
1701016719.327348,-0.25855425000190735,-0.04878315329551697,-2.0624921321868896
1701016719.360878,-0.2584858536720276,-0.0487838089466095,-2.0634942054748535
1701016719.3944645,-0.2587093412876129,-0.04906710237264633,-2.064316749572754
1701016719.4265585,-0.2588866949081421,-0.049093157052993774,-2.065051317214966
1701016719.4607587,-0.25900354981422424,-0.04818331077694893,-2.065300226211548
1701016719.4942994,-0.25896307826042175,-0.04843730479478836,-2.0658833980560303
1701016719.5285707,-0.2585332691669464,-0.04806775599718094,-2.064580202102661
1701016719.5616345,-0.258074015378952,-0.047732602804899216,-2.0632543563842773
1701016719.5972848,-0.2577788829803467,-0.04739895835518837,-2.0623347759246826
1701016719.6283224,-0.25787118077278137,-0.047045789659023285,-2.0625288486480713
1701016719.6639738,-0.25813716650009155,-0.047134555876255035,-2.063053607940674
1701016719.6965432,-0.2581518292427063,-0.04773934930562973,-2.0636277198791504
1701016719.729708,-0.25599169731140137,-0.04876770079135895,-2.0619406700134277
1701016719.7635326,-0.2547686994075775,-0.0495014414191246,-2.061293601989746
1701016719.797151,-0.25408434867858887,-0.049793973565101624,-2.0599708557128906
1701016719.8296843,-0.2539134621620178,-0.05005541816353798,-2.058751106262207
1701016719.864334,-0.25409671664237976,-0.05059840902686119,-2.0586705207824707
1701016719.896615,-0.25438857078552246,-0.05074692144989967,-2.058940887451172
1701016719.9317608,-0.2547380328178406,-0.05116943269968033,-2.059389591217041
1701016719.96232,-0.2554700970649719,-0.05072315037250519,-2.0588700771331787
1701016719.996353,-0.2562063932418823,-0.050629764795303345,-2.0588302612304688
1701016720.0314963,-0.2572193145751953,-0.050418294966220856,-2.059485912322998
1701016720.062667,-0.2579881250858307,-0.05033837631344795,-2.0601091384887695
1701016720.0955405,-0.2591797113418579,-0.04979179799556732,-2.0621378421783447
1701016720.1656563,-0.25690144300460815,-0.05046882480382919,-2.0600526332855225
1701016720.1977746,-0.25639382004737854,-0.051008258014917374,-2.060802698135376
1701016720.2313945,-0.25654056668281555,-0.05074678733944893,-2.060903787612915
1701016720.264613,-0.25690996646881104,-0.04996775835752487,-2.061128616333008
1701016720.2966912,-0.2571275532245636,-0.04849617928266525,-2.0612032413482666
1701016720.331372,-0.25709405541419983,-0.04742917791008949,-2.061241388320923
1701016720.3665006,-0.2573491036891937,-0.046603232622146606,-2.0615198612213135
1701016720.397023,-0.2572186589241028,-0.04655708000063896,-2.0618278980255127
1701016720.431616,-0.2569875121116638,-0.04656297713518143,-2.0623133182525635
1701016720.4660318,-0.25684216618537903,-0.04664332792162895,-2.062790632247925
1701016720.5012352,-0.2565707564353943,-0.04689642786979675,-2.062293291091919
1701016720.5334797,-0.2558216452598572,-0.047749631106853485,-2.061415195465088
1701016720.567234,-0.25488483905792236,-0.04911832511425018,-2.060626268386841
1701016720.6023538,-0.254672110080719,-0.04932042583823204,-2.0607709884643555
1701016720.6339452,-0.2547840476036072,-0.04930848628282547,-2.0610973834991455
1701016720.6670206,-0.2554945647716522,-0.04881134629249573,-2.0615005493164062
1701016720.7129014,-0.2564147114753723,-0.04863817244768143,-2.0622036457061768
1701016720.7570536,-0.2574479877948761,-0.047831133008003235,-2.061739683151245
1701016720.7996387,-0.2581215798854828,-0.04677822068333626,-2.0604541301727295
1701016720.8411818,-0.2585556209087372,-0.04765629023313522,-2.0573341846466064
1701016720.8825963,-0.25894618034362793,-0.04864947497844696,-2.057682752609253
1701016720.9231877,-0.2588285505771637,-0.05074001103639603,-2.058959484100342
1701016720.9642394,-0.2589021325111389,-0.05111665651202202,-2.0612080097198486
1701016721.0046806,-0.2590087354183197,-0.04944944754242897,-2.0636696815490723
1701016721.0487273,-0.25941988825798035,-0.04691055417060852,-2.065495252609253
1701016721.09048,-0.26002001762390137,-0.04464497044682503,-2.0671701431274414
1701016721.1355438,-0.25982236862182617,-0.042893972247838974,-2.0677096843719482
1701016721.1763566,-0.2606067657470703,-0.0419553741812706,-2.0681967735290527
1701016721.2164614,-0.2607862949371338,-0.04232845455408096,-2.067833423614502
1701016721.258234,-0.25999897718429565,-0.04472019523382187,-2.0666918754577637
1701016721.3012593,-0.25982993841171265,-0.045863695442676544,-2.065767765045166
1701016721.3415935,-0.2608485817909241,-0.045742399990558624,-2.0681862831115723
1701016725.6576607,0.20962877571582794,-0.37315690517425537,-2.007570266723633
1701016725.7314885,0.21474957466125488,-0.3793039619922638,-2.0177197456359863
1701016725.7937121,0.2146969735622406,-0.3779658079147339,-2.0219004154205322
1701016725.8580878,0.21603457629680634,-0.37884917855262756,-2.021437644958496
1701016725.9213598,0.21782000362873077,-0.3836502134799957,-2.02353572845459
1701016725.98147,0.2146163433790207,-0.38334226608276367,-2.0250298976898193
1701016726.0437114,0.20974746346473694,-0.3811865746974945,-2.0256621837615967
1701016726.1047225,0.20782308280467987,-0.38033726811408997,-2.025176525115967
1701016726.1480167,0.2085508406162262,-0.380249947309494,-2.0258901119232178
1701016726.189556,0.21615970134735107,-0.38143256306648254,-2.0265281200408936
1701016726.2334623,0.22341296076774597,-0.3810640573501587,-2.0295000076293945
1701016726.2744944,0.22926530241966248,-0.3805694282054901,-2.034590482711792
1701016726.317141,0.23155491054058075,-0.38141611218452454,-2.0397205352783203
1701016726.3574772,0.23656737804412842,-0.37739047408103943,-2.0443360805511475
1701016726.4011085,0.2396468073129654,-0.3747071623802185,-2.045466661453247
1701016726.4428349,0.2424173504114151,-0.3718072175979614,-2.0456531047821045
1701016726.485473,0.24241597950458527,-0.36971017718315125,-2.0446603298187256
1701016726.529358,0.24145661294460297,-0.36790719628334045,-2.0456128120422363
1701016726.5703895,0.23930750787258148,-0.37019777297973633,-2.0484068393707275
1701016726.6114604,0.2375396490097046,-0.37239035964012146,-2.051271915435791
1701016726.6553402,0.2337428629398346,-0.3733189105987549,-2.051224946975708
1701016726.6962106,0.2325819730758667,-0.3747783303260803,-2.0560402870178223
1701016726.7403588,0.23542355000972748,-0.3740479648113251,-2.055931806564331
1701016726.7807896,0.2370833307504654,-0.3733499348163605,-2.057356595993042
1701016726.8223484,0.23910614848136902,-0.3718099892139435,-2.0547797679901123
1701016726.865414,0.24320143461227417,-0.36917048692703247,-2.0532851219177246
1701016726.907733,0.24537986516952515,-0.36748653650283813,-2.052095651626587
1701016726.950537,0.24625012278556824,-0.3656231164932251,-2.048912763595581
1701016726.9893508,0.24639113247394562,-0.36388394236564636,-2.0460550785064697
1701016727.0315077,0.2444654405117035,-0.364352285861969,-2.0466508865356445
1701016727.0703487,0.24134156107902527,-0.3656444251537323,-2.0474419593811035
1701016727.1103523,0.23898810148239136,-0.36695560812950134,-2.048433542251587
1701016727.153474,0.23712432384490967,-0.3677063584327698,-2.048635959625244
1701016727.194141,0.23569193482398987,-0.36913830041885376,-2.0484042167663574
1701016727.2383163,0.2329942286014557,-0.36974284052848816,-2.048328161239624
1701016727.2806132,0.2323957085609436,-0.3702850639820099,-2.0496959686279297
1701016727.3087122,0.23254066705703735,-0.37016844749450684,-2.0513105392456055
1701016727.3392413,0.23100942373275757,-0.3695283830165863,-2.0522830486297607
1701016727.3695607,0.22890998423099518,-0.368622750043869,-2.0527641773223877
1701016727.4000778,0.22644764184951782,-0.36724936962127686,-2.0513999462127686
1701016727.4286027,0.22380688786506653,-0.36541539430618286,-2.048555850982666
1701016727.4591331,0.22192712128162384,-0.36350372433662415,-2.0457775592803955
1701016727.4906654,0.2222154140472412,-0.3620210886001587,-2.0433433055877686
1701016727.5241964,0.22448678314685822,-0.3617742955684662,-2.0428175926208496
1701016727.5572321,0.22574354708194733,-0.3619258403778076,-2.0429935455322266
1701016727.589776,0.22698670625686646,-0.36288321018218994,-2.0453813076019287
1701016727.6233163,0.2274669110774994,-0.36388930678367615,-2.046358108520508
1701016727.6574798,0.22724920511245728,-0.3642065227031708,-2.0462071895599365
1701016727.6895328,0.2278117835521698,-0.3637293875217438,-2.043558359146118
1701016727.7226825,0.22804395854473114,-0.3639235496520996,-2.043137311935425
1701016727.7585404,0.22791525721549988,-0.36396780610084534,-2.042963743209839
1701016727.7905054,0.22943800687789917,-0.36423784494400024,-2.0426266193389893
1701016727.825264,0.23017531633377075,-0.3650437295436859,-2.043975591659546
1701016727.8584561,0.2298988550901413,-0.36572399735450745,-2.0442488193511963
1701016727.891554,0.22900530695915222,-0.3662438690662384,-2.0440356731414795
1701016727.925958,0.22765180468559265,-0.3668057918548584,-2.042832136154175
1701016727.9575992,0.22658289968967438,-0.36714598536491394,-2.042186975479126
1701016727.991705,0.22578053176403046,-0.36744746565818787,-2.0414960384368896
1701016728.025455,0.22531628608703613,-0.3676474094390869,-2.040879487991333
1701016728.0627205,0.22397464513778687,-0.3650693893432617,-2.037930727005005
1701016728.0922465,0.2265160083770752,-0.3655608296394348,-2.0372791290283203
1701016728.1262069,0.22770622372627258,-0.36621224880218506,-2.0366907119750977
1701016728.1623354,0.2283637821674347,-0.3671959936618805,-2.0384364128112793
1701016728.1914546,0.22856572270393372,-0.36823683977127075,-2.040637493133545
1701016728.225788,0.22946137189865112,-0.3684517741203308,-2.0396506786346436
1701016728.2612472,0.23093193769454956,-0.3682219982147217,-2.038655996322632
1701016728.2937675,0.2331026792526245,-0.36911192536354065,-2.0406394004821777
1701016728.325352,0.23481804132461548,-0.3704566955566406,-2.041266679763794
1701016728.3594854,0.23591284453868866,-0.3715750277042389,-2.0409510135650635
1701016728.3923337,0.23497317731380463,-0.37267792224884033,-2.041210412979126
1701016728.4262064,0.23274019360542297,-0.3737246096134186,-2.042449712753296
1701016728.4603336,0.22999323904514313,-0.374355673789978,-2.043368101119995
1701016728.492961,0.22726929187774658,-0.37431126832962036,-2.0439367294311523
1701016728.526066,0.22513502836227417,-0.37402844429016113,-2.0447487831115723
1701016728.5607245,0.22376273572444916,-0.37377798557281494,-2.0455925464630127
1701016728.5944536,0.22293049097061157,-0.3731270730495453,-2.045609951019287
1701016728.627726,0.2222249060869217,-0.371944397687912,-2.044060230255127
1701016728.6607213,0.22184711694717407,-0.37068384885787964,-2.0419046878814697
1701016728.6937027,0.22166244685649872,-0.36988747119903564,-2.040858507156372
1701016728.7278147,0.2233811616897583,-0.370228111743927,-2.040635347366333
1701016728.761055,0.22405773401260376,-0.3710208535194397,-2.0394575595855713
1701016728.7938275,0.22585266828536987,-0.3714900016784668,-2.038609743118286
1701016728.8288553,0.22799135744571686,-0.37126123905181885,-2.0380921363830566
1701016728.860452,0.23001672327518463,-0.3706471025943756,-2.037944793701172
1701016728.8945048,0.22972950339317322,-0.3697478175163269,-2.0363988876342773
1701016728.9291017,0.22847162187099457,-0.36905625462532043,-2.0353777408599854
1701016728.9613955,0.22859790921211243,-0.36860811710357666,-2.0358800888061523
1701016728.994702,0.22668087482452393,-0.36503079533576965,-2.033184051513672
1701016729.0289543,0.22509600222110748,-0.36389127373695374,-2.0313398838043213
1701016729.0634818,0.22300510108470917,-0.36321184039115906,-2.0299668312072754
1701016729.1070185,0.21968254446983337,-0.3606037199497223,-2.0290040969848633
1701016729.1498287,0.21890269219875336,-0.36206555366516113,-2.029756784439087
1701016729.1914518,0.21748898923397064,-0.36173906922340393,-2.028886318206787
1701016729.233101,0.2157406210899353,-0.3606138527393341,-2.028008222579956
1701016729.2727153,0.21618440747261047,-0.36242368817329407,-2.0298240184783936
1701016729.315357,0.2217051237821579,-0.3637505769729614,-2.031498908996582
1701016729.3545086,0.22643563151359558,-0.36439934372901917,-2.0324714183807373
1701016729.3975828,0.23016604781150818,-0.3653973340988159,-2.034508466720581
1701016729.4421668,0.232711061835289,-0.36390185356140137,-2.031587839126587
1701016729.486737,0.23570924997329712,-0.36674895882606506,-2.0346055030822754
1701016729.5296736,0.2355596274137497,-0.3661491870880127,-2.0349833965301514
1701016729.5707467,0.23582495748996735,-0.3662954568862915,-2.035433292388916
1701016729.6156995,0.2323569357395172,-0.362253874540329,-2.0329525470733643
1701016729.655676,0.23244565725326538,-0.3641025125980377,-2.0331003665924072
1701016729.6966112,0.230814129114151,-0.3667691648006439,-2.034350633621216
1701016729.738276,0.225522980093956,-0.36801379919052124,-2.038655996322632
1701016729.7793012,0.2238186001777649,-0.36981600522994995,-2.043686628341675
1701016729.8223279,0.22347156703472137,-0.37142348289489746,-2.0490729808807373
1701016729.8659222,0.2239273637533188,-0.37268519401550293,-2.054515838623047
1701016729.9062028,0.22907179594039917,-0.3796413838863373,-2.063613176345825
1701016729.9498613,0.23011809587478638,-0.3804978132247925,-2.0650455951690674
1701016729.9898882,0.23078341782093048,-0.3794142007827759,-2.0655970573425293
1701016730.0299444,0.22981366515159607,-0.3781023919582367,-2.066164970397949
1701016730.069973,0.2241540253162384,-0.3742823898792267,-2.060133218765259
1701016730.113002,0.2198663353919983,-0.37213611602783203,-2.05680513381958
1701016730.1540298,0.21656450629234314,-0.37129753828048706,-2.054955244064331
1701016730.1975665,0.2125205397605896,-0.3717920482158661,-2.056351661682129
1701016730.2414186,0.2077966332435608,-0.3722640573978424,-2.0562520027160645
1701016730.2834077,0.20715400576591492,-0.37302687764167786,-2.055924654006958
1701016730.325237,0.20827873051166534,-0.37252578139305115,-2.0542173385620117
1701016730.366833,0.20776230096817017,-0.37109917402267456,-2.052574396133423
1701016730.407867,0.20929160714149475,-0.36774373054504395,-2.04858660697937
1701016730.4470623,0.2104421854019165,-0.3666635751724243,-2.048006534576416
1701016730.4867132,0.21334481239318848,-0.3664170503616333,-2.049680233001709
1701016730.5302465,0.21570609509944916,-0.3653499186038971,-2.0504560470581055
1701016730.5718224,0.21846944093704224,-0.36606431007385254,-2.0512702465057373
1701016730.6145468,0.21927732229232788,-0.36803752183914185,-2.051856279373169
1701016730.653823,0.2173546701669693,-0.36962464451789856,-2.0516297817230225
1701016730.696604,0.21436259150505066,-0.36935651302337646,-2.0496106147766113
1701016730.736687,0.2113327831029892,-0.36889714002609253,-2.0475308895111084
1701016730.7793176,0.20808298885822296,-0.36833611130714417,-2.0468595027923584
1701016730.8193605,0.2067544013261795,-0.3678617477416992,-2.0466818809509277
1701016741.034259,0.08940310031175613,-0.04532085731625557,-2.165647029876709
1701016741.1116347,0.08583258837461472,-0.04352395981550217,-2.1341824531555176
1701016741.1726158,0.07195029407739639,-0.05128980055451393,-2.1281847953796387
1701016741.2345276,0.0729513093829155,-0.051689453423023224,-2.120596408843994
1701016741.4865553,0.06406852602958679,-0.05569714307785034,-2.133852481842041
1701016741.5180933,0.06211322918534279,-0.05491326004266739,-2.130187749862671
1701016741.547924,0.06125865504145622,-0.05387706682085991,-2.1263036727905273
1701016741.578078,0.06206788867712021,-0.05451741814613342,-2.1230204105377197
1701016741.6082282,0.06241138279438019,-0.05455370247364044,-2.1195948123931885
1701016741.638247,0.06404051184654236,-0.055260200053453445,-2.11543607711792
1701016741.67229,0.06484371423721313,-0.055347640067338943,-2.111886739730835
1701016741.704429,0.06579059362411499,-0.05519087612628937,-2.110729217529297
1701016741.7374601,0.06552093476057053,-0.055052027106285095,-2.1109611988067627
1701016741.771655,0.06589129567146301,-0.05602226033806801,-2.111093521118164
1701016741.807312,0.06552176177501678,-0.05679423362016678,-2.113173484802246
1701016741.8396294,0.0648956149816513,-0.05707992613315582,-2.1140451431274414
1701016741.873871,0.06477674841880798,-0.05796652287244797,-2.1135759353637695
1701016741.9064722,0.06471084803342819,-0.059112537652254105,-2.1143550872802734
1701016741.9395428,0.06429799646139145,-0.059485405683517456,-2.114722490310669
1701016741.9726775,0.0640246719121933,-0.059155408293008804,-2.115595817565918
1701016742.0083048,0.06467378884553909,-0.05859651416540146,-2.115514039993286
1701016742.040374,0.06469856202602386,-0.057660363614559174,-2.117201089859009
1701016742.0725534,0.0659077912569046,-0.05760655179619789,-2.1206090450286865
1701016742.1068068,0.066594198346138,-0.057002775371074677,-2.122925043106079
1701016742.1415694,0.06768816709518433,-0.05696382373571396,-2.123237371444702
1701016742.172693,0.06898164004087448,-0.05711003765463829,-2.121215343475342
1701016742.207435,0.07045838236808777,-0.05688733235001564,-2.117633819580078
1701016742.2416012,0.07136620581150055,-0.05657602846622467,-2.117699384689331
1701016742.2756608,0.07263626158237457,-0.05554777756333351,-2.1179983615875244
1701016742.3088005,0.0734470933675766,-0.05460821092128754,-2.1190035343170166
1701016742.3409064,0.07470063865184784,-0.05358479171991348,-2.120438814163208
1701016742.38225,0.07556158304214478,-0.05294562876224518,-2.120918035507202
1701016742.4117734,0.07598775625228882,-0.05305781215429306,-2.1204118728637695
1701016742.4408014,0.07649622112512589,-0.053908705711364746,-2.119689702987671
1701016742.475322,0.07620925456285477,-0.054374195635318756,-2.1188302040100098
1701016742.5068445,0.07531224191188812,-0.054006997495889664,-2.118425130844116
1701016742.5406134,0.0741487666964531,-0.05438574403524399,-2.1199941635131836
1701016742.5736916,0.07360507547855377,-0.054031554609537125,-2.1196823120117188
1701016742.607702,0.07343171536922455,-0.05305398628115654,-2.1191928386688232
1701016742.6423423,0.07347539812326431,-0.051890868693590164,-2.119044065475464
1701016742.6775007,0.0737839788198471,-0.05152992904186249,-2.117685079574585
1701016742.7081668,0.0736580342054367,-0.05161893367767334,-2.116805076599121
1701016742.7433035,0.07361559569835663,-0.051558900624513626,-2.1157760620117188
1701016742.7772913,0.07373617589473724,-0.05153840407729149,-2.1148104667663574
1701016742.8089168,0.0724523663520813,-0.05213483050465584,-2.1127262115478516
1701016742.84149,0.07226671278476715,-0.052729152143001556,-2.113109827041626
1701016742.8825543,0.07329878211021423,-0.053393661975860596,-2.112755537033081
1701016742.9116526,0.07473292946815491,-0.05405972898006439,-2.113952875137329
1701016742.942372,0.07468672841787338,-0.05405593290925026,-2.1151745319366455
1701016742.975566,0.07406830042600632,-0.05325023829936981,-2.116960287094116
1701016743.0086417,0.07367198169231415,-0.052895307540893555,-2.121380090713501
1701016743.04471,0.07190307229757309,-0.052357763051986694,-2.1230647563934326
1701016743.0764918,0.07159614562988281,-0.05319192260503769,-2.126392364501953
1701016743.1107683,0.07230612635612488,-0.054078925400972366,-2.126891851425171
1701016743.1443214,0.07341787219047546,-0.054764170199632645,-2.1249423027038574
1701016743.1789303,0.07438523322343826,-0.05469192937016487,-2.1227619647979736
1701016743.2104664,0.07605008780956268,-0.05469565838575363,-2.1205615997314453
1701016743.243544,0.07693478465080261,-0.05379268527030945,-2.118947744369507
1701016743.2776983,0.07768689095973969,-0.052855510264635086,-2.1181094646453857
1701016743.3125005,0.07763925939798355,-0.051650069653987885,-2.1187868118286133
1701016743.3471136,0.077296182513237,-0.05038326978683472,-2.119781970977783
1701016743.3796775,0.07708483934402466,-0.04958989843726158,-2.120373249053955
1701016743.4186888,0.07682904601097107,-0.04921688139438629,-2.120894193649292
1701016743.4502456,0.07712535560131073,-0.04908538609743118,-2.1205732822418213
1701016743.4807746,0.07816720008850098,-0.05007532611489296,-2.119091272354126
1701016743.5168018,0.0794704407453537,-0.0518035814166069,-2.117269515991211
1701016743.5483959,0.08014536648988724,-0.05358436703681946,-2.1171016693115234
1701016743.5809467,0.08080542087554932,-0.05512785166501999,-2.116734504699707
1701016743.612487,0.08105824887752533,-0.05534523352980614,-2.117098808288574
1701016743.6454968,0.08037351816892624,-0.05509781092405319,-2.1189382076263428
1701016743.6804063,0.07925653457641602,-0.0544135607779026,-2.1232967376708984
1701016743.7146566,0.07847988605499268,-0.053331974893808365,-2.1255598068237305
1701016743.7483,0.07779036462306976,-0.052661266177892685,-2.125800848007202
1701016743.7797587,0.0767744779586792,-0.05181080847978592,-2.1260550022125244
1701016743.816969,0.07581943273544312,-0.05122595280408859,-2.1249375343322754
1701016743.8494954,0.07496076822280884,-0.050712548196315765,-2.1228232383728027
1701016743.8840241,0.07430922985076904,-0.05021236836910248,-2.1205098628997803
1701016743.9155514,0.07373422384262085,-0.04944268614053726,-2.1179826259613037
1701016743.9486425,0.07406258583068848,-0.04900750145316124,-2.1153252124786377
1701016743.9804356,0.07443709671497345,-0.04834820330142975,-2.114333152770996
1701016744.0140162,0.07496282458305359,-0.047752995043992996,-2.114691734313965
1701016744.0472994,0.0760236382484436,-0.04724333807826042,-2.115696907043457
1701016744.080837,0.07696841657161713,-0.046923838555812836,-2.117159366607666
1701016744.1143944,0.07679317891597748,-0.046982478350400925,-2.1188321113586426
1701016744.1494794,0.07610052824020386,-0.046892762184143066,-2.120781660079956
1701016744.1825294,0.07531072199344635,-0.04706011712551117,-2.122657060623169
1701016744.2155514,0.07249806821346283,-0.04733122140169144,-2.1263046264648438
1701016744.2486696,0.07096292078495026,-0.048397623002529144,-2.1301140785217285
1701016744.2822795,0.07151057571172714,-0.04997306317090988,-2.1334900856018066
1701016744.317974,0.07109808921813965,-0.05108821392059326,-2.135315179824829
1701016744.3516815,0.07102681696414948,-0.052308402955532074,-2.1386125087738037
1701016744.383776,0.07020559906959534,-0.05314893275499344,-2.1426753997802734
1701016744.417618,0.07139592617750168,-0.05405120924115181,-2.143165111541748
1701016744.450946,0.07201522588729858,-0.05441920459270477,-2.140638589859009
1701016744.4835136,0.07303816080093384,-0.054277654737234116,-2.1350510120391846
1701016744.5191164,0.07414710521697998,-0.05406155437231064,-2.1289892196655273
1701016744.5516732,0.0763460248708725,-0.053829438984394073,-2.125843048095703
1701016744.5852349,0.07716086506843567,-0.05359624698758125,-2.1250274181365967
1701016744.6194844,0.07728297263383865,-0.052718885242938995,-2.1219675540924072
1701016744.6515377,0.07717015594244003,-0.05262193828821182,-2.121591329574585
1701016744.6856132,0.07516729831695557,-0.05201372504234314,-2.122893810272217
1701016744.7181578,0.07343164831399918,-0.05119697377085686,-2.1251673698425293
1701016744.7516816,0.07283657789230347,-0.05076457932591438,-2.1268301010131836
1701016744.785294,0.07399719953536987,-0.050530754029750824,-2.1246907711029053
1701016744.8189113,0.07542679458856583,-0.04998328909277916,-2.1222517490386963
1701016744.8546605,0.076576828956604,-0.050030648708343506,-2.120168924331665
1701016744.887274,0.076739102602005,-0.04979117587208748,-2.1192867755889893
1701016744.919795,0.07757683098316193,-0.04955173283815384,-2.1171875
1701016744.9506419,0.07932813465595245,-0.050126589834690094,-2.113706588745117
1701016744.9869604,0.08041170239448547,-0.05022237077355385,-2.111363410949707
1701016745.0197763,0.08140511810779572,-0.04993410408496857,-2.1097986698150635
1701016745.0524025,0.08188355714082718,-0.04972519725561142,-2.1094653606414795
1701016745.0884244,0.0825691670179367,-0.04947343468666077,-2.109827756881714
1701016745.1216943,0.08324941247701645,-0.049294982105493546,-2.10978102684021
1701016745.1538615,0.08376061916351318,-0.04889890179038048,-2.109971523284912
1701016745.1864653,0.08402007818222046,-0.04897599294781685,-2.1106486320495605
1701016745.2206242,0.08279149234294891,-0.04884500056505203,-2.114251136779785
1701016745.253314,0.0808328315615654,-0.04865583777427673,-2.1217141151428223
1701016745.2873456,0.07900502532720566,-0.04861968755722046,-2.128840446472168
1701016745.3198805,0.07789646089076996,-0.04891880601644516,-2.133516311645508
1701016745.353658,0.07828748971223831,-0.04981260001659393,-2.1335999965667725
1701016745.3861525,0.0777493566274643,-0.0509229376912117,-2.134827136993408
1701016745.421285,0.07755483686923981,-0.05167317017912865,-2.13431978225708
1701016745.455314,0.07725318521261215,-0.05152926221489906,-2.134546995162964
1701016745.4897838,0.07613837718963623,-0.0512072779238224,-2.134758949279785
1701016745.524306,0.07615502178668976,-0.05107008293271065,-2.1340274810791016
1701016745.5566688,0.07615417242050171,-0.05100994557142258,-2.1337547302246094
1701016745.5894551,0.07630857825279236,-0.05057306960225105,-2.1329543590545654
1701016745.6230114,0.07660377025604248,-0.05019209161400795,-2.133324146270752
1701016745.653074,0.07658860087394714,-0.050435155630111694,-2.134213924407959
1701016745.6903298,0.07663124054670334,-0.050674088299274445,-2.1347765922546387
1701016745.7229404,0.07661783695220947,-0.05094478279352188,-2.1352007389068604
1701016745.7570205,0.07684680074453354,-0.05072517693042755,-2.135687828063965
1701016745.7906044,0.07702946662902832,-0.050246160477399826,-2.136094570159912
1701016745.8236496,0.07718382775783539,-0.049940213561058044,-2.137026071548462
1701016745.8559499,0.07707996666431427,-0.049731139093637466,-2.1386423110961914
1701016745.889472,0.07704588025808334,-0.0494786873459816,-2.1395375728607178
1701016745.9246817,0.07647015154361725,-0.049706969410181046,-2.1400904655456543
1701016745.9573371,0.07595841586589813,-0.04989409074187279,-2.140061140060425
1701016745.9898582,0.07549484819173813,-0.04992933198809624,-2.1397364139556885
1701016746.023432,0.07505092024803162,-0.04999962076544762,-2.139716148376465
1701016746.0572886,0.07496275007724762,-0.05008218437433243,-2.1418704986572266
1701016746.090425,0.07442814856767654,-0.0492626428604126,-2.1447858810424805
1701016746.1236482,0.07461459934711456,-0.04815416783094406,-2.145822286605835
A coordinates: 0.072653815 0.27905774
B coordinates: -0.25638005 -0.047629654
Center: 0.07536836 -0.053394087
metaphor: push
guidance_approach: two_tactor
intensity: linear
layout: vertical
Target location: [-0.15377264  0.18705444]
Theta: 43.92418273073603
1701016880.4300869,0.020280584692955017,-0.24069474637508392,-2.1488230228424072
1701016880.4953942,0.1566978543996811,-0.4011029303073883,-2.2787370681762695
1701016880.5629323,0.05613371357321739,-0.13970588147640228,-2.0871570110321045
1701016880.6244824,0.056786999106407166,-0.10307297110557556,-2.0902297496795654
1701016880.6733952,0.05549805238842964,-0.06753750890493393,-2.094320297241211
1701016880.7190278,0.054084911942481995,-0.058292269706726074,-2.1009562015533447
1701016880.7641082,0.04882223531603813,-0.056509360671043396,-2.10009503364563
1701016880.807648,0.04568011313676834,-0.06371289491653442,-2.100132942199707
1701016880.850755,0.04433291405439377,-0.06844469159841537,-2.10207200050354
1701016880.8938153,0.04430506378412247,-0.0716354101896286,-2.1039865016937256
1701016880.939407,0.04750871658325195,-0.0783219113945961,-2.1058287620544434
1701016880.983467,0.0495331734418869,-0.08336294442415237,-2.106294631958008
1701016881.0263424,0.049849025905132294,-0.08061563223600388,-2.1056978702545166
1701016881.0709248,0.05147899314761162,-0.07348603755235672,-2.107865333557129
1701016881.1146293,0.05368230491876602,-0.07040393352508545,-2.108045816421509
1701016881.1571918,0.056112293154001236,-0.0707268938422203,-2.1081531047821045
1701016881.2012684,0.05434926971793175,-0.06738795340061188,-2.1061460971832275
1701016881.242448,0.05221910402178764,-0.0672929584980011,-2.1054351329803467
1701016881.2856271,0.05056809261441231,-0.06733786314725876,-2.1040003299713135
1701016881.3293035,0.048263031989336014,-0.06577789038419724,-2.10292649269104
1701016881.373365,0.04712856188416481,-0.06795674562454224,-2.0992960929870605
1701016881.4174926,0.04801972210407257,-0.06874439120292664,-2.0981993675231934
1701016881.4592566,0.049461040645837784,-0.06888631731271744,-2.0972230434417725
1701016881.5024605,0.05502241849899292,-0.07924296706914902,-2.099701404571533
1701016881.5472755,0.05414854735136032,-0.07842613011598587,-2.103564500808716
1701016881.5895503,0.05330323427915573,-0.07757697999477386,-2.105316162109375
1701016881.6332119,0.054627396166324615,-0.0794810876250267,-2.106703996658325
1701016881.6763003,0.053912203758955,-0.07438842952251434,-2.106626510620117
1701016881.7193632,0.053430117666721344,-0.06881911307573318,-2.1056485176086426
1701016881.760986,0.052679263055324554,-0.06762442737817764,-2.1043992042541504
1701016881.8036015,0.04846528172492981,-0.0629502683877945,-2.1024980545043945
1701016881.8470533,0.04755128175020218,-0.06083914637565613,-2.1028504371643066
1701016881.8887937,0.047326911240816116,-0.05901512876152992,-2.1024391651153564
1701016881.9303906,0.04663600027561188,-0.05707427114248276,-2.10331654548645
1701016881.9718258,0.0455457977950573,-0.05458369106054306,-2.102835178375244
1701016882.0140474,0.04671593755483627,-0.05824992060661316,-2.1018683910369873
1701016882.0593581,0.04897082597017288,-0.06377732008695602,-2.0997211933135986
1701016882.1014175,0.05296158418059349,-0.07146845757961273,-2.1004526615142822
1701016882.142071,0.05616253986954689,-0.0742219015955925,-2.100792646408081
1701016882.1856468,0.05818375572562218,-0.07540221512317657,-2.101180076599121
1701016882.2287414,0.05764389410614967,-0.07297811657190323,-2.101775646209717
1701016882.2715685,0.054944321513175964,-0.06442604213953018,-2.1019411087036133
1701016882.315582,0.053520768880844116,-0.057544030249118805,-2.1007275581359863
1701016882.3561652,0.050901852548122406,-0.05367226526141167,-2.099726676940918
1701016882.3992395,0.04738912731409073,-0.0507829412817955,-2.098569869995117
1701016882.445338,0.04144040122628212,-0.0417524054646492,-2.0975840091705322
1701016882.4892464,0.03907317668199539,-0.03896443545818329,-2.09773588180542
1701016882.534333,0.03802373260259628,-0.039983686059713364,-2.0976650714874268
1701016882.5758715,0.03673617169260979,-0.04093119129538536,-2.0991053581237793
1701016882.6209228,0.03718546777963638,-0.043303269892930984,-2.1010115146636963
1701016882.6639974,0.03757362440228462,-0.045155689120292664,-2.1028358936309814
1701016882.7040348,0.03806309774518013,-0.049905795603990555,-2.1038763523101807
1701016882.7476084,0.037943050265312195,-0.05300150811672211,-2.1035850048065186
1701016882.7910852,0.037813641130924225,-0.05461270362138748,-2.101835012435913
1701016882.8387136,0.038392942398786545,-0.05925004929304123,-2.097642421722412
1701016882.8833332,0.04012948274612427,-0.06084427982568741,-2.0948398113250732
1701016882.9269104,0.041515178978443146,-0.06373976171016693,-2.0936601161956787
1701016882.971952,0.04474470764398575,-0.06913954019546509,-2.093310832977295
1701016883.017646,0.046626798808574677,-0.07056967914104462,-2.093898296356201
1701016883.0575457,0.04914071410894394,-0.07210496813058853,-2.093855142593384
1701016883.0975692,0.0479934960603714,-0.0701693445444107,-2.0951144695281982
1701016883.1388695,0.04283542558550835,-0.07006683200597763,-2.0968849658966064
1701016883.1859484,0.039077602326869965,-0.07028306275606155,-2.0987513065338135
1701016883.2440863,0.038869623094797134,-0.06617842614650726,-2.1022019386291504
1701016883.2798302,0.03980535641312599,-0.06102266535162926,-2.103957414627075
1701016883.3121622,0.04007953405380249,-0.05922140181064606,-2.1047654151916504
1701016883.3457174,0.03972737118601799,-0.05679480731487274,-2.1054906845092773
1701016883.378159,0.04053182154893875,-0.054445166140794754,-2.105733633041382
1701016883.4127038,0.04143991321325302,-0.05392282456159592,-2.1053595542907715
1701016883.4473076,0.04194733500480652,-0.05331968143582344,-2.105372190475464
1701016883.479379,0.04274357855319977,-0.052625857293605804,-2.1046111583709717
1701016883.5154321,0.0443996787071228,-0.051901884377002716,-2.1029560565948486
1701016883.5485005,0.04148876667022705,-0.05417115241289139,-2.103734016418457
1701016883.5817037,0.04069092869758606,-0.05431938171386719,-2.1032724380493164
1701016883.6132405,0.041973777115345,-0.053119055926799774,-2.102518081665039
1701016883.6452854,0.04396739602088928,-0.051646482199430466,-2.102396011352539
1701016883.67685,0.04407802224159241,-0.04980694502592087,-2.103262424468994
1701016883.7093837,0.04287464916706085,-0.04722750559449196,-2.10581374168396
1701016883.7395701,0.042042866349220276,-0.044761281460523605,-2.1084654331207275
1701016883.7710943,0.04147166758775711,-0.042819876223802567,-2.1113901138305664
1701016883.8038542,0.0417974591255188,-0.04218297451734543,-2.1137735843658447
1701016883.8374197,0.042966678738594055,-0.042269907891750336,-2.113524913787842
1701016883.8708131,0.04510117322206497,-0.04252424091100693,-2.111686944961548
1701016883.9039834,0.04781065136194229,-0.04312075302004814,-2.1095077991485596
1701016883.9415243,0.05049145221710205,-0.04391895979642868,-2.106304883956909
1701016883.9710553,0.051972895860672,-0.04487571865320206,-2.103313684463501
1701016884.0046062,0.052970416843891144,-0.046035341918468475,-2.1002085208892822
1701016884.03918,0.05249181389808655,-0.04701198637485504,-2.0984199047088623
1701016884.0717733,0.051843978464603424,-0.04960095137357712,-2.0975136756896973
1701016884.103318,0.050291508436203,-0.05110303312540054,-2.096959114074707
1701016884.1378934,0.04852374643087387,-0.05113937705755234,-2.096665382385254
1701016884.1714463,0.04647933319211006,-0.0502738282084465,-2.0970942974090576
1701016884.2040038,0.04502084106206894,-0.04892325401306152,-2.096865177154541
1701016884.2391078,0.04379502311348915,-0.04748939722776413,-2.096391439437866
1701016884.270668,0.04257984831929207,-0.04593496024608612,-2.0955684185028076
1701016884.3057215,0.04173824191093445,-0.04466892033815384,-2.0941848754882812
1701016884.3396935,0.041142720729112625,-0.04416690766811371,-2.0937507152557373
1701016884.3712535,0.04082664102315903,-0.04440530017018318,-2.0933260917663574
1701016884.4073472,0.04015020281076431,-0.045150816440582275,-2.093528985977173
1701016884.4384384,0.041083551943302155,-0.04664032906293869,-2.093899726867676
1701016884.4730268,0.04242813587188721,-0.04844672977924347,-2.094529390335083
1701016884.5071309,0.042403511703014374,-0.05090927705168724,-2.09594464302063
1701016884.5401902,0.041981041431427,-0.053766679018735886,-2.0971360206604004
1701016884.5737545,0.04155559837818146,-0.05508030205965042,-2.097989797592163
1701016884.6068182,0.04097803682088852,-0.056063998490571976,-2.099031686782837
1701016884.640893,0.04090394079685211,-0.05678902193903923,-2.0993430614471436
1701016884.6734586,0.04084010049700737,-0.05717456713318825,-2.0998175144195557
1701016884.707122,0.0410245805978775,-0.05651801824569702,-2.099630117416382
1701016884.7391622,0.040599413216114044,-0.05628253519535065,-2.099966049194336
1701016884.7737586,0.04004784673452377,-0.056615982204675674,-2.100670576095581
1701016884.8078394,0.04014148935675621,-0.05692588537931442,-2.10093355178833
1701016884.840959,0.0414365790784359,-0.05662022531032562,-2.101209878921509
1701016884.8745239,0.041857920587062836,-0.05587714910507202,-2.101471185684204
1701016884.9085891,0.03866543248295784,-0.05881668999791145,-2.104224443435669
1701016884.9416494,0.03806646913290024,-0.05955873429775238,-2.1028201580047607
1701016884.974202,0.03819446265697479,-0.05817865580320358,-2.1008665561676025
1701016885.0088627,0.036751363426446915,-0.059050895273685455,-2.100304365158081
1701016885.0494325,0.036780886352062225,-0.057479240000247955,-2.099010467529297
1701016885.09152,0.037342049181461334,-0.05512392148375511,-2.0993525981903076
1701016885.1341026,0.037460409104824066,-0.05394778773188591,-2.099726438522339
1701016885.1756682,0.037330977618694305,-0.053564123809337616,-2.099827527999878
1701016885.2187822,0.03661008179187775,-0.05454142764210701,-2.1022374629974365
1701016885.2593472,0.037473104894161224,-0.054308243095874786,-2.1052772998809814
1701016885.301434,0.03620171546936035,-0.0521828830242157,-2.1086976528167725
1701016885.3419864,0.035408057272434235,-0.05091194808483124,-2.112511157989502
1701016885.3840415,0.034631628543138504,-0.048697344958782196,-2.116001844406128
1701016885.4245908,0.03298407793045044,-0.04614541679620743,-2.116398334503174
1701016885.4671617,0.03239395469427109,-0.04645746573805809,-2.11601185798645
1701016885.5091252,0.03256510943174362,-0.04651545733213425,-2.1148762702941895
1701016885.5527067,0.034218620508909225,-0.047329679131507874,-2.1125426292419434
1701016885.595755,0.03555937856435776,-0.047843314707279205,-2.1101763248443604
1701016885.6391091,0.036666885018348694,-0.04823799058794975,-2.108485698699951
1701016885.681181,0.0363173633813858,-0.05105649679899216,-2.108480453491211
1701016885.7217433,0.033195145428180695,-0.05177805945277214,-2.1095080375671387
1701016885.7638113,0.03202463686466217,-0.05114045366644859,-2.110867500305176
1701016885.805391,0.030643243342638016,-0.04965808242559433,-2.111607074737549
1701016885.848996,0.028000742197036743,-0.04590229690074921,-2.1137897968292236
1701016885.8900537,0.02528635784983635,-0.04302509129047394,-2.119983673095703
1701016885.9336133,0.02344338223338127,-0.041169364005327225,-2.122812509536743
1701016885.9756503,0.02186886966228485,-0.039221830666065216,-2.1243715286254883
1701016886.0172343,0.018810443580150604,-0.038965169340372086,-2.124851703643799
1701016886.0574634,0.018704164773225784,-0.04045196622610092,-2.122882604598999
1701016886.0995398,0.019367218017578125,-0.04253038391470909,-2.1214048862457275
1701016886.139125,0.020732440054416656,-0.04430480673909187,-2.1215648651123047
1701016886.179189,0.02253931760787964,-0.04583516716957092,-2.1232612133026123
1701016886.2227364,0.025696657598018646,-0.04559572786092758,-2.128328561782837
1701016886.2664685,0.026994995772838593,-0.04461309313774109,-2.131526231765747
1701016886.3065665,0.028903640806674957,-0.04201831296086311,-2.1298012733459473
1701016886.3501258,0.03092874586582184,-0.03929407149553299,-2.130756378173828
1701016886.3912597,0.03185552358627319,-0.03564010560512543,-2.1324422359466553
1701016886.4328206,0.03318076208233833,-0.03357516601681709,-2.133380889892578
1701016886.4738991,0.03307768329977989,-0.0329849049448967,-2.1339802742004395
1701016886.5164928,0.032815415412187576,-0.03326072543859482,-2.1353840827941895
1701016886.5573077,0.03434719517827034,-0.03239750489592552,-2.130157470703125
1701016886.5984085,0.034254901111125946,-0.0324941985309124,-2.128514051437378
1701016886.6370025,0.03441449999809265,-0.0313999280333519,-2.124927043914795
1701016886.6808593,0.036153972148895264,-0.029775846749544144,-2.121696949005127
1701016886.721895,0.03934748098254204,-0.029257211834192276,-2.1151366233825684
1701016886.7654963,0.0411253497004509,-0.03029806911945343,-2.1117186546325684
1701016886.8047068,0.03945736959576607,-0.03312305361032486,-2.1125564575195312
1701016886.845887,0.038963682949543,-0.037403374910354614,-2.112112283706665
1701016886.887798,0.040063321590423584,-0.043360140174627304,-2.109708070755005
1701016886.9313614,0.0389079786837101,-0.04459300637245178,-2.1099181175231934
1701016886.9694254,0.038136936724185944,-0.045523494482040405,-2.1093051433563232
1701016887.011505,0.036461781710386276,-0.04500656574964523,-2.1094396114349365
1701016887.0531514,0.03339409455657005,-0.04476054012775421,-2.110271453857422
1701016887.0942953,0.031870484352111816,-0.042411282658576965,-2.1118292808532715
1701016887.136408,0.0308719240128994,-0.04015655443072319,-2.11377215385437
1701016887.1774678,0.03028913214802742,-0.03833010792732239,-2.1149888038635254
1701016887.220571,0.03064596652984619,-0.03553934022784233,-2.1163272857666016
1701016887.2611394,0.03157110884785652,-0.03526369482278824,-2.1164557933807373
1701016887.303228,0.032201528549194336,-0.03446602076292038,-2.1165060997009277
1701016887.3438022,0.03267435356974602,-0.033963631838560104,-2.1159629821777344
1701016887.3883736,0.03342508152127266,-0.03312556818127632,-2.1154165267944336
1701016887.4299672,0.03363584727048874,-0.032367199659347534,-2.1143977642059326
1701016887.461521,0.03388252854347229,-0.03205473721027374,-2.114229440689087
1701016887.4911447,0.03425739333033562,-0.03161098062992096,-2.1145806312561035
1701016887.5207133,0.03430670499801636,-0.0309233907610178,-2.1147449016571045
1701016887.551767,0.03489504009485245,-0.03057142347097397,-2.114804983139038
1701016887.582315,0.03548513352870941,-0.03039739653468132,-2.114288330078125
1701016887.618403,0.035729341208934784,-0.029583141207695007,-2.1130573749542236
1701016887.6514626,0.03589633107185364,-0.02879658341407776,-2.1121368408203125
1701016887.6855617,0.03601929545402527,-0.02813764661550522,-2.1111738681793213
1701016887.7170906,0.03565263748168945,-0.028159447014331818,-2.1107122898101807
1701016887.7511399,0.03459244221448898,-0.028279364109039307,-2.1110329627990723
1701016887.7836998,0.03302104026079178,-0.028981825336813927,-2.1108975410461426
1701016887.81775,0.03161666542291641,-0.029049035161733627,-2.110165596008301
1701016887.851814,0.030759749934077263,-0.029333891347050667,-2.109590768814087
1701016887.8854063,0.030738791450858116,-0.02947310172021389,-2.1099321842193604
1701016887.9255104,0.030938979238271713,-0.029958363622426987,-2.1108880043029785
1701016887.9555855,0.030969208106398582,-0.03046013042330742,-2.111595630645752
1701016887.9856591,0.030951710417866707,-0.031028226017951965,-2.1112473011016846
1701016888.019192,0.031063411384820938,-0.031170906499028206,-2.110243558883667
1701016888.0512614,0.031187426298856735,-0.031074650585651398,-2.1082868576049805
1701016888.0863204,0.0311202984303236,-0.03151268884539604,-2.106208562850952
1701016888.1188574,0.030629925429821014,-0.032848700881004333,-2.1053833961486816
1701016888.1534152,0.029284758493304253,-0.034569963812828064,-2.1068050861358643
1701016888.1864922,0.029472533613443375,-0.03719480335712433,-2.1079113483428955
1701016888.2190812,0.029670244082808495,-0.03961145505309105,-2.1080381870269775
1701016888.2526324,0.02961716800928116,-0.040445610880851746,-2.1070396900177
1701016888.2866774,0.029540738090872765,-0.040570516139268875,-2.1059482097625732
1701016888.3192174,0.029221516102552414,-0.04125424847006798,-2.1041476726531982
1701016888.3527918,0.030576955527067184,-0.0430925078690052,-2.103778123855591
1701016888.387905,0.03197959065437317,-0.046317920088768005,-2.1034939289093018
1701016888.421437,0.03177989274263382,-0.0474417507648468,-2.1059815883636475
1701016888.4535263,0.030878836289048195,-0.047123003751039505,-2.1066558361053467
1701016888.487589,0.029821151867508888,-0.045639969408512115,-2.1062333583831787
1701016888.520127,0.02840258926153183,-0.04400800168514252,-2.103879928588867
1701016888.5541961,0.027271198108792305,-0.04279763624072075,-2.101525068283081
1701016888.5872293,0.02642703242599964,-0.040610261261463165,-2.098642349243164
1701016888.61978,0.027539264410734177,-0.03946463018655777,-2.0971872806549072
1701016888.6538644,0.02969055064022541,-0.04018356651067734,-2.098304510116577
1701016888.68895,0.030466122552752495,-0.0399475172162056,-2.0993802547454834
1701016888.7215185,0.031887076795101166,-0.04065050557255745,-2.101231813430786
1701016888.7536623,0.03426656126976013,-0.045468878000974655,-2.1068551540374756
1701016888.7877595,0.03145548701286316,-0.04692860692739487,-2.1110031604766846
1701016888.8544896,0.02755633555352688,-0.044759951531887054,-2.109898090362549
1701016888.8885448,0.02499394118785858,-0.04210587963461876,-2.109184741973877
1701016888.9220862,0.025076866149902344,-0.04260370880365372,-2.10770320892334
1701016888.9561422,0.025176644325256348,-0.04075322300195694,-2.107511043548584
1701016888.987671,0.025771131739020348,-0.037998463958501816,-2.1078362464904785
1701016889.02082,0.02695685811340809,-0.034387484192848206,-2.1079468727111816
1701016889.0554047,0.027803324162960052,-0.03126053512096405,-2.1082069873809814
1701016889.089484,0.027797389775514603,-0.029316332191228867,-2.107241153717041
1701016889.1220365,0.027655750513076782,-0.027500279247760773,-2.1068472862243652
1701016889.154602,0.027049990370869637,-0.027321655303239822,-2.107116222381592
1701016889.1886451,0.026764946058392525,-0.027504336088895798,-2.1070291996002197
1701016889.2227707,0.026803845539689064,-0.026485316455364227,-2.106269359588623
1701016889.267909,0.028165780007839203,-0.026176728308200836,-2.1059515476226807
1701016889.3109968,0.030215824022889137,-0.02569938823580742,-2.1067111492156982
1701016889.3540905,0.03227931261062622,-0.02566322311758995,-2.1083343029022217
1701016889.3987615,0.034841131418943405,-0.024195920675992966,-2.105229377746582
1701016889.4413884,0.03608408570289612,-0.024688102304935455,-2.1024441719055176
1701016889.483474,0.036800071597099304,-0.024668443948030472,-2.1007657051086426
1701016889.5245178,0.0375441312789917,-0.025119196623563766,-2.1009767055511475
1701016889.5666602,0.0388861745595932,-0.026524264365434647,-2.099586009979248
1701016889.6097405,0.038706645369529724,-0.02823781967163086,-2.0991311073303223
1701016889.6518495,0.03941789269447327,-0.03163566067814827,-2.0989158153533936
1701016889.6939166,0.040320318192243576,-0.03586995601654053,-2.1000986099243164
1701016889.7361372,0.040268562734127045,-0.041631683707237244,-2.1012821197509766
1701016889.7779298,0.03776264190673828,-0.04241928830742836,-2.1034317016601562
1701016889.81997,0.03531560301780701,-0.041432321071624756,-2.1052939891815186
1701016889.8635616,0.035052090883255005,-0.0402887687087059,-2.1086902618408203
1701016889.9061239,0.035443633794784546,-0.03939241170883179,-2.1082956790924072
1701016889.9476984,0.03571772575378418,-0.03824767470359802,-2.107945203781128
1701016889.9877708,0.03568626195192337,-0.03779306262731552,-2.108748197555542
1701016890.0308213,0.03437339514493942,-0.038542188704013824,-2.110130548477173
1701016890.071852,0.034046709537506104,-0.03918411582708359,-2.110525608062744
1701016890.1139185,0.03431108593940735,-0.03859134018421173,-2.109555244445801
1701016890.155522,0.034406404942274094,-0.038027018308639526,-2.1084818840026855
1701016890.1976259,0.03406073898077011,-0.03798605501651764,-2.107044219970703
1701016890.238695,0.03321925550699234,-0.038021281361579895,-2.1067142486572266
1701016890.281771,0.03232569247484207,-0.03880108892917633,-2.105236530303955
1701016890.3218482,0.03139623999595642,-0.03844683617353439,-2.104773998260498
1701016890.3644805,0.03101072460412979,-0.03827982023358345,-2.102895975112915
1701016890.4055865,0.03216378390789032,-0.03815552592277527,-2.101762294769287
1701016890.4467113,0.03365972638130188,-0.03737550228834152,-2.100438117980957
1701016890.4877875,0.034750886261463165,-0.036260936409235,-2.0984389781951904
1701016890.5293508,0.03622342646121979,-0.034837886691093445,-2.097283124923706
1701016890.5714273,0.0388059988617897,-0.03428254276514053,-2.096940040588379
1701016890.613532,0.03967953473329544,-0.034079473465681076,-2.099454402923584
1701016890.6566062,0.03952499479055405,-0.03369404748082161,-2.1020071506500244
1701016890.701794,0.03865013271570206,-0.03465892747044563,-2.1045289039611816
1701016890.7413683,0.03773435950279236,-0.035210102796554565,-2.106213092803955
1701016890.782408,0.03708360716700554,-0.035571567714214325,-2.108551502227783
1701016890.8234682,0.0363612063229084,-0.03627423197031021,-2.1093926429748535
1701016890.8641338,0.03587177023291588,-0.03633378818631172,-2.1090567111968994
1701016890.9042346,0.03586587309837341,-0.03599435091018677,-2.107599973678589
1701016890.9473343,0.03594088554382324,-0.03496755287051201,-2.106499195098877
1701016890.9864109,0.03692280501127243,-0.03451550751924515,-2.1056883335113525
1701016891.0299993,0.03790127858519554,-0.03487253934144974,-2.1049208641052246
1701016891.0710864,0.03930586576461792,-0.03468965366482735,-2.1038570404052734
1701016891.1112826,0.04180537909269333,-0.037297606468200684,-2.1023082733154297
1701016891.153918,0.043613970279693604,-0.040987320244312286,-2.1032423973083496
1701016891.1955087,0.044779956340789795,-0.04430817812681198,-2.1037919521331787
1701016891.2381322,0.04376126825809479,-0.0480349138379097,-2.1070737838745117
1701016891.279214,0.04286779835820198,-0.04812968522310257,-2.107382297515869
1701016891.3212726,0.04249085113406181,-0.047747258096933365,-2.1055378913879395
1701016891.3608727,0.041694171726703644,-0.04476645588874817,-2.1036503314971924
1701016891.4039512,0.040278688073158264,-0.04030692204833031,-2.10172700881958
1701016891.4455612,0.039367228746414185,-0.03721803426742554,-2.1018102169036865
1701016891.4871433,0.03840069845318794,-0.034103672951459885,-2.099400758743286
1701016891.5287716,0.03844033181667328,-0.03185898810625076,-2.097428560256958
1701016891.571389,0.038219086825847626,-0.0292508602142334,-2.0953314304351807
1701016891.6134515,0.039182353764772415,-0.030185207724571228,-2.0927367210388184
1701016891.6555433,0.04087650030851364,-0.03207719326019287,-2.0921449661254883
1701016891.698634,0.041127391159534454,-0.03200913965702057,-2.093500852584839
1701016891.7385347,0.04057377576828003,-0.028695348650217056,-2.096355438232422
1701016891.779613,0.03958363085985184,-0.027420111000537872,-2.10251784324646
1701016891.82171,0.03711630031466484,-0.027757108211517334,-2.1133899688720703
1701016891.8517613,0.03737521916627884,-0.027737906202673912,-2.113990306854248
1701016891.8812842,0.03639112412929535,-0.02857503667473793,-2.111696720123291
1701016891.9108212,0.03514396771788597,-0.030947517603635788,-2.1094961166381836
1701016891.9413276,0.034079186618328094,-0.03516806289553642,-2.1086623668670654
1701016891.9708536,0.033208463340997696,-0.039113372564315796,-2.107797384262085
1701016892.0004375,0.03220207244157791,-0.04159912094473839,-2.1083343029022217
1701016892.0325227,0.03088889643549919,-0.04311506077647209,-2.109407901763916
1701016892.0656095,0.028275340795516968,-0.04320201650261879,-2.1162521839141846
1701016892.1007361,0.027975939214229584,-0.041857343167066574,-2.1173338890075684
1701016892.1327631,0.029567699879407883,-0.04157188534736633,-2.1149771213531494
1701016892.1664565,0.0322859100997448,-0.04167703539133072,-2.1109631061553955
1701016892.1990426,0.0355871319770813,-0.040980320423841476,-2.1062028408050537
1701016892.2326407,0.037319183349609375,-0.039198391139507294,-2.1030497550964355
1701016892.2675219,0.037861257791519165,-0.03753407299518585,-2.1010677814483643
1701016892.3015406,0.03766384720802307,-0.035625506192445755,-2.099891424179077
1701016892.3335118,0.03628268092870712,-0.03435685113072395,-2.1000771522521973
1701016892.3665135,0.034576356410980225,-0.03423665463924408,-2.1004440784454346
1701016892.3995707,0.03304868936538696,-0.03442058712244034,-2.1011104583740234
1701016892.432629,0.03189139440655708,-0.0345037579536438,-2.101343870162964
1701016892.4686944,0.031245116144418716,-0.03548341616988182,-2.1009249687194824
1701016892.5013478,0.030364394187927246,-0.03774276375770569,-2.1012864112854004
1701016892.534525,0.029460711404681206,-0.03974602371454239,-2.1006174087524414
1701016892.568155,0.02862907573580742,-0.040831901133060455,-2.0992565155029297
1701016892.5997255,0.028168173506855965,-0.040800563991069794,-2.0977673530578613
1701016892.6353157,0.028037386015057564,-0.03933951258659363,-2.0966107845306396
1701016892.667382,0.028698153793811798,-0.037424325942993164,-2.095705032348633
1701016892.7005312,0.030111271888017654,-0.03551167622208595,-2.095036029815674
1701016892.7352927,0.030858946964144707,-0.03359086439013481,-2.09486722946167
1701016892.7669392,0.031456634402275085,-0.03176910802721977,-2.0942904949188232
1701016892.8014994,0.03223279118537903,-0.030790342018008232,-2.0937893390655518
1701016892.8355944,0.032387543469667435,-0.0308285690844059,-2.0953621864318848
1701016892.868698,0.031527675688266754,-0.03176233544945717,-2.0983994007110596
1701016892.9009178,0.030963962897658348,-0.03325410187244415,-2.1001739501953125
1701016892.935638,0.0305474866181612,-0.03505939245223999,-2.1027326583862305
1701016892.9775171,0.02938864380121231,-0.03654417395591736,-2.1048386096954346
1701016893.007088,0.028256479650735855,-0.03713547810912132,-2.1056950092315674
1701016893.0380456,0.027322864159941673,-0.03795808553695679,-2.1068735122680664
1701016893.0685143,0.027307208627462387,-0.039028771221637726,-2.106877326965332
1701016893.102406,0.027414213865995407,-0.041544653475284576,-2.104999542236328
1701016893.1355364,0.027451414614915848,-0.045039452612400055,-2.1033196449279785
1701016893.1695292,0.025374336168169975,-0.047207437455654144,-2.1066579818725586
1701016893.2025816,0.02417021617293358,-0.04729671776294708,-2.1068689823150635
1701016893.237185,0.022681336849927902,-0.04557304084300995,-2.1112661361694336
1701016893.2710116,0.02300357073545456,-0.04185883700847626,-2.111867666244507
1701016893.3055496,0.024486295878887177,-0.03835558518767357,-2.112076759338379
1701016893.3381913,0.025908779352903366,-0.035582128912210464,-2.1105268001556396
1701016893.3717434,0.025986162945628166,-0.03309744596481323,-2.112049102783203
1701016893.4043076,0.027884917333722115,-0.030090514570474625,-2.107004165649414
1701016893.4375346,0.028721075505018234,-0.027834076434373856,-2.1022469997406006
1701016893.4700694,0.028622377663850784,-0.025515101850032806,-2.096926689147949
1701016893.5042915,0.027947479858994484,-0.023450927808880806,-2.090996503829956
1701016893.5373769,0.026189984753727913,-0.021678157150745392,-2.0853192806243896
1701016893.5705123,0.02458464913070202,-0.020708942785859108,-2.0807833671569824
1701016893.6041117,0.024403268471360207,-0.021215103566646576,-2.0784952640533447
1701016893.638261,0.025142310187220573,-0.02164275199174881,-2.0775883197784424
1701016893.675282,0.025603879243135452,-0.021230623126029968,-2.0778980255126953
1701016893.7068198,0.026151584461331367,-0.021901659667491913,-2.0776021480560303
1701016893.7394102,0.026545388624072075,-0.022996246814727783,-2.07751202583313
1701016893.773976,0.0257605891674757,-0.02416340634226799,-2.078566551208496
1701016893.8075712,0.02417551353573799,-0.025289475917816162,-2.0795717239379883
1701016893.839733,0.022066503763198853,-0.025949496775865555,-2.081230878829956
1701016893.8757932,0.02002580836415291,-0.02682826854288578,-2.0830302238464355
1701016893.9073486,0.01840984635055065,-0.027912579476833344,-2.0836164951324463
1701016893.9414306,0.017095761373639107,-0.02953384444117546,-2.08316969871521
1701016893.9755044,0.015453852713108063,-0.02898905798792839,-2.0830705165863037
1701016894.0089767,0.015723926946520805,-0.02859432063996792,-2.0818915367126465
1701016894.0407195,0.016635607928037643,-0.028222594410181046,-2.0810701847076416
1701016894.0757737,0.017183883115649223,-0.026827063411474228,-2.081918478012085
1701016894.1085677,0.017426656559109688,-0.026454994454979897,-2.0834860801696777
1701016894.1407177,0.018459271639585495,-0.028307244181632996,-2.0847349166870117
1701016894.1767695,0.018421733751893044,-0.03103914111852646,-2.086907386779785
1701016894.2113256,0.01870979741215706,-0.03438389673829079,-2.0868427753448486
1701016894.243584,0.017508814111351967,-0.03782994672656059,-2.087332010269165
1701016894.2765057,0.01573926955461502,-0.04051130264997482,-2.086803913116455
1701016894.3105307,0.013970697298645973,-0.04073018953204155,-2.0846612453460693
1701016894.3445988,0.012334981933236122,-0.04089741408824921,-2.082042694091797
1701016894.3772733,0.012591762468218803,-0.04097900167107582,-2.078794479370117
1701016894.4108264,0.013893162831664085,-0.04103338345885277,-2.0773117542266846
1701016894.4436712,0.014787111431360245,-0.0421597994863987,-2.0767829418182373
1701016894.4762378,0.015270842239260674,-0.042277395725250244,-2.077238082885742
1701016894.5103474,0.015374070033431053,-0.041655413806438446,-2.0769269466400146
1701016894.5440078,0.015140190720558167,-0.04054669663310051,-2.0767645835876465
1701016894.5770693,0.014629654586315155,-0.037681467831134796,-2.0763847827911377
1701016894.611622,0.012479614466428757,-0.03405265510082245,-2.075840950012207
1701016894.6541717,0.010575929656624794,-0.02836184948682785,-2.0750255584716797
1701016894.6972978,0.009818833321332932,-0.024506159126758575,-2.073667526245117
1701016894.7405736,0.009730128571391106,-0.021380644291639328,-2.07373309135437
1701016894.7846162,0.00813806802034378,-0.018543221056461334,-2.0746970176696777
1701016894.827359,-0.0011826511472463608,0.0051047662273049355,-2.075669765472412
1701016894.8864346,-0.004417361691594124,0.010000299662351608,-2.0839767456054688
1701016894.9303436,-0.009771458804607391,0.018649252131581306,-2.08878755569458
1701016894.9699094,-0.01622212678194046,0.025810841470956802,-2.095355272293091
1701016895.0139983,-0.029728492721915245,0.041925691068172455,-2.106947422027588
1701016895.0547433,-0.03614203259348869,0.04743220657110214,-2.1122043132781982
1701016895.098198,-0.03991640359163284,0.05123765021562576,-2.11515474319458
1701016895.1407995,-0.04312238469719887,0.05417328700423241,-2.1176276206970215
