1695488443.5567732,0.08776558935642242,-0.17422601580619812,-1.6481536626815796
1695488443.6220267,0.08611925691366196,-0.17830416560173035,-1.684186339378357
1695488443.790993,0.10365705192089081,-0.11799630522727966,-1.5704667568206787
1695488443.8215349,0.109958216547966,-0.10898937284946442,-1.5661256313323975
1695488443.8675997,0.11307789385318756,-0.11242109537124634,-1.5776084661483765
1695488443.9096336,0.11365504562854767,-0.11616147309541702,-1.5849645137786865
1695488443.9511797,0.11359432339668274,-0.11525143682956696,-1.5830917358398438
1695488443.9932175,0.1117166057229042,-0.11985918879508972,-1.5968818664550781
1695488444.0372708,0.11141388863325119,-0.12713095545768738,-1.613690972328186
1695488444.0783136,0.11378857493400574,-0.13524429500102997,-1.6357978582382202
1695488444.1233528,0.11981112509965897,-0.12990912795066833,-1.6325173377990723
1695488444.1533892,0.12531381845474243,-0.12604227662086487,-1.6548659801483154
1695488444.1864295,0.12823958694934845,-0.12731054425239563,-1.6733454465866089
1695488444.2179675,0.1292630285024643,-0.1258687824010849,-1.68641197681427
1695488444.2504692,0.12896524369716644,-0.12288130819797516,-1.6831082105636597
1695488444.2811701,0.12677787244319916,-0.12131200730800629,-1.6787655353546143
1695488444.3152168,0.1251000016927719,-0.11964758485555649,-1.6757458448410034
1695488444.3462753,0.12298747897148132,-0.11840876936912537,-1.668353796005249
1695488444.381361,0.12066957354545593,-0.11141610145568848,-1.6502227783203125
1695488444.4130275,0.1204410046339035,-0.10921969264745712,-1.638828992843628
1695488444.4478273,0.12150221318006516,-0.10880663990974426,-1.6295708417892456
1695488444.4810302,0.11932066082954407,-0.11124544590711594,-1.6245412826538086
1695488444.511206,0.11791730672121048,-0.11736413836479187,-1.630745768547058
1695488444.547549,0.11618632078170776,-0.12163673341274261,-1.635421633720398
1695488444.58161,0.11559609323740005,-0.12157389521598816,-1.6333023309707642
1695488444.6146753,0.11508701741695404,-0.12337501347064972,-1.638441562652588
1695488444.64611,0.11452016234397888,-0.1271171122789383,-1.6441686153411865
1695488444.680766,0.11354341357946396,-0.13133679330348969,-1.6483099460601807
1695488444.7132385,0.12324396520853043,-0.14948411285877228,-1.6595176458358765
1695488444.75583,0.12435617297887802,-0.15866294503211975,-1.6716662645339966
1695488444.7867544,0.12347185611724854,-0.16429951786994934,-1.6794569492340088
1695488444.8172786,0.11906962096691132,-0.164913609623909,-1.6680324077606201
1695488444.848302,0.11426765471696854,-0.164824977517128,-1.6617558002471924
1695488444.880825,0.1113925650715828,-0.16560208797454834,-1.6619733572006226
1695488444.9161012,0.11012374609708786,-0.16695281863212585,-1.6617655754089355
1695488444.9481804,0.11765450239181519,-0.17122365534305573,-1.659995436668396
1695488444.9827313,0.12122009694576263,-0.17409777641296387,-1.6579171419143677
1695488445.015291,0.12121368944644928,-0.1757253110408783,-1.6536117792129517
1695488445.0478415,0.11965236812829971,-0.17584456503391266,-1.6475554704666138
1695488445.0819693,0.12228363752365112,-0.17304229736328125,-1.6252092123031616
1695488445.1147845,0.12541282176971436,-0.1698271632194519,-1.6038309335708618
1695488445.1488485,0.12842270731925964,-0.16688521206378937,-1.5874837636947632
1695488445.183383,0.1278381645679474,-0.16260550916194916,-1.574007511138916
1695488445.2139263,0.12681657075881958,-0.15908348560333252,-1.5589443445205688
1695488445.248539,0.1262913942337036,-0.15609993040561676,-1.5447949171066284
1695488445.281889,0.12996806204319,-0.1535346657037735,-1.514753818511963
1695488445.3147593,0.13348662853240967,-0.14499248564243317,-1.4948127269744873
1695488445.350757,0.13678967952728271,-0.1409761756658554,-1.4876959323883057
1695488445.3832784,0.1373453438282013,-0.13775429129600525,-1.4846341609954834
1695488445.417032,0.1357121765613556,-0.13528300821781158,-1.4825637340545654
1695488445.45157,0.1331712156534195,-0.13497492671012878,-1.4831621646881104
1695488445.4847324,0.13129755854606628,-0.13778755068778992,-1.4879757165908813
1695488445.5157428,0.13078905642032623,-0.14344042539596558,-1.4954063892364502
1695488445.5502472,0.13119645416736603,-0.14858968555927277,-1.5014874935150146
1695488445.584765,0.1322530061006546,-0.15208788216114044,-1.5055103302001953
1695488445.617047,0.13338741660118103,-0.15551818907260895,-1.5092729330062866
1695488445.6511595,0.13393908739089966,-0.15870431065559387,-1.5133274793624878
1695488445.6837094,0.1345963180065155,-0.16120114922523499,-1.5185047388076782
1695488445.715816,0.13533549010753632,-0.16213952004909515,-1.5227093696594238
1695488445.7498927,0.1359005570411682,-0.16384592652320862,-1.5263864994049072
1695488445.7834637,0.1366240233182907,-0.16359172761440277,-1.52751886844635
1695488445.8165026,0.13790157437324524,-0.16386371850967407,-1.5293400287628174
1695488445.8511398,0.13886603713035583,-0.16288162767887115,-1.530296802520752
1695488445.8822398,0.13940970599651337,-0.16192106902599335,-1.5310561656951904
1695488445.9178333,0.13991773128509521,-0.1605384200811386,-1.5321581363677979
1695488445.9519145,0.13969387114048004,-0.16061724722385406,-1.5325714349746704
1695488445.9867952,0.13981543481349945,-0.16337567567825317,-1.5348083972930908
1695488446.0183418,0.13749732077121735,-0.16287845373153687,-1.530385136604309
1695488446.0533636,0.1376522183418274,-0.1660388708114624,-1.5297086238861084
1695488446.0859168,0.1381462961435318,-0.17094717919826508,-1.5333987474441528
1695488446.1200843,0.13900034129619598,-0.1743127852678299,-1.5357298851013184
1695488446.1521318,0.13978736102581024,-0.1753932386636734,-1.5356953144073486
1695488446.1860018,0.14150778949260712,-0.1764729917049408,-1.5364246368408203
1695488446.2201343,0.13968364894390106,-0.17520396411418915,-1.5325642824172974
1695488446.2522008,0.13668124377727509,-0.1627451777458191,-1.5137590169906616
1695488446.2878141,0.1327027827501297,-0.1532507985830307,-1.5004382133483887
1695488446.3199885,0.13109169900417328,-0.1472381353378296,-1.496240258216858
1695488446.3550193,0.12949314713478088,-0.1416766494512558,-1.499728798866272
1695488446.3877335,0.12807941436767578,-0.14248627424240112,-1.5184881687164307
1695488446.4212885,0.12638172507286072,-0.14227887988090515,-1.53110933303833
1695488446.4549437,0.12554247677326202,-0.14444953203201294,-1.5376442670822144
1695488446.486988,0.1260257065296173,-0.14997217059135437,-1.5423637628555298
1695488446.520548,0.12642373144626617,-0.15620824694633484,-1.5447192192077637
1695488446.5560517,0.12632398307323456,-0.16090305149555206,-1.544999122619629
1695488446.5890872,0.1262071132659912,-0.164238840341568,-1.5416686534881592
1695488446.623332,0.12714453041553497,-0.16635869443416595,-1.5379278659820557
1695488446.6568663,0.12910468876361847,-0.1677892655134201,-1.5377198457717896
1695488446.6892843,0.13165131211280823,-0.1682913899421692,-1.533430814743042
1695488446.7227416,0.1344260275363922,-0.16900846362113953,-1.5285327434539795
1695488446.7583382,0.13678514957427979,-0.16949424147605896,-1.5225403308868408
1695488446.7897656,0.1387666016817093,-0.1727624237537384,-1.519692063331604
1695488446.8559487,0.13875629007816315,-0.17325329780578613,-1.521592617034912
1695488446.8900254,0.13754747807979584,-0.17108659446239471,-1.5224974155426025
1695488446.923597,0.13426731526851654,-0.16574254631996155,-1.519336462020874
1695488446.957727,0.1292758285999298,-0.1582225263118744,-1.5148128271102905
1695488446.9898465,0.12398860603570938,-0.15093056857585907,-1.5108247995376587
1695488447.023424,0.11934054642915726,-0.14563582837581635,-1.5080034732818604
1695488447.061021,0.11654887348413467,-0.14016732573509216,-1.5057404041290283
1695488447.0933447,0.11501616984605789,-0.13471676409244537,-1.502884030342102
1695488447.1282618,0.11475872993469238,-0.13004983961582184,-1.500444769859314
1695488447.1602755,0.11525385081768036,-0.12553921341896057,-1.49828040599823
1695488447.1957316,0.11572399735450745,-0.12179428339004517,-1.4956209659576416
1695488447.2280803,0.1166989877820015,-0.12334105372428894,-1.4976006746292114
1695488447.2606432,0.11669445037841797,-0.1264057755470276,-1.499571442604065
1695488447.2931833,0.11729500442743301,-0.13286033272743225,-1.5026164054870605
1695488447.325982,0.11719615757465363,-0.13299986720085144,-1.5046426057815552
1695488447.358005,0.11722443997859955,-0.12835855782032013,-1.5147098302841187
1695488447.3935616,0.11745471507310867,-0.12132680416107178,-1.524200677871704
1695488447.4289165,0.11870104819536209,-0.11562703549861908,-1.5351159572601318
1695488447.462577,0.11973193287849426,-0.11248503625392914,-1.541547179222107
1695488447.4937558,0.11872093379497528,-0.10820575058460236,-1.5413646697998047
1695488447.5284777,0.11509866267442703,-0.0954655259847641,-1.5253255367279053
1695488447.561226,0.11169607937335968,-0.08613879978656769,-1.5291376113891602
1695488447.596274,0.1077924519777298,-0.08014508336782455,-1.54031503200531
1695488447.6277962,0.10540039092302322,-0.07600817829370499,-1.5519084930419922
1695488447.6593819,0.1050724983215332,-0.07190892845392227,-1.5545412302017212
1695488447.6949482,0.10591977834701538,-0.06631653010845184,-1.546738624572754
1695488447.728384,0.10683970153331757,-0.05950581282377243,-1.5351812839508057
1695488447.762433,0.10609977692365646,-0.05048215016722679,-1.5233044624328613
1695488447.7938163,0.10555049777030945,-0.04136636108160019,-1.5109091997146606
1695488447.828576,0.10559604316949844,-0.0334491953253746,-1.4996135234832764
1695488447.8606915,0.10546000301837921,-0.03232995420694351,-1.503218650817871
1695488447.896302,0.1049344465136528,-0.041637420654296875,-1.5208425521850586
1695488447.930827,0.10536176711320877,-0.04815322905778885,-1.5332189798355103
1695488447.962759,0.1075250506401062,-0.055767081677913666,-1.5437628030776978
1695488447.9938354,0.11000597476959229,-0.061146512627601624,-1.55307137966156
1695488448.0283666,0.11348597705364227,-0.0653257891535759,-1.5636711120605469
1695488448.0619662,0.11888900399208069,-0.0664115622639656,-1.5727386474609375
1695488448.094052,0.12351149320602417,-0.06655539572238922,-1.5817841291427612
1695488448.1297715,0.12973931431770325,-0.06481626629829407,-1.5836163759231567
1695488448.1634514,0.13837429881095886,-0.06428086757659912,-1.582110047340393
1695488448.1960082,0.1486733853816986,-0.06198957562446594,-1.5777161121368408
1695488448.229782,0.1593596190214157,-0.05842556431889534,-1.5781666040420532
1695488448.2614236,0.16943301260471344,-0.05390346050262451,-1.5791014432907104
1695488448.2965488,0.17877978086471558,-0.047783274203538895,-1.5771327018737793
1695488448.3277302,0.18857596814632416,-0.044578466564416885,-1.5764492750167847
1695488448.3612375,0.20097023248672485,-0.04346845671534538,-1.5717276334762573
1695488448.3958035,0.21320313215255737,-0.04446617141366005,-1.5662614107131958
1695488448.4279475,0.2232014387845993,-0.04477538913488388,-1.5580028295516968
1695488448.4615588,0.23351578414440155,-0.047671012580394745,-1.5493638515472412
1695488448.4967954,0.24205823242664337,-0.0504913404583931,-1.5388582944869995
1695488448.528837,0.24888023734092712,-0.05418653041124344,-1.5298389196395874
1695488448.5629177,0.25353682041168213,-0.05695369839668274,-1.52277672290802
1695488448.5959961,0.2556544542312622,-0.05843367800116539,-1.5172840356826782
1695488448.6305242,0.2569381296634674,-0.0536721870303154,-1.5026447772979736
1695488453.4928272,1.048583745956421,0.11670054495334625,-0.4687017500400543
1695488453.563225,1.034577488899231,0.11228904873132706,-0.4583054780960083
1695488453.6302018,0.14321458339691162,-0.07079321146011353,-1.0147180557250977
1695488453.6977074,0.14015686511993408,-0.07094817608594894,-0.9611009955406189
1695488453.7641385,0.1390625387430191,-0.07450153678655624,-0.9527130722999573
1695488453.823203,0.13168326020240784,-0.07257336378097534,-0.9154871106147766
1695488453.8878078,0.12953417003154755,-0.06571923196315765,-0.8848325610160828
1695488453.9462683,0.13064534962177277,-0.05927261710166931,-0.8745407462120056
1695488453.9878273,0.1337413489818573,-0.05888069048523903,-0.8962130546569824
1695488454.0332255,0.1325806975364685,-0.06185700744390488,-0.9192923903465271
1695488454.0777442,0.13286003470420837,-0.06796681880950928,-0.938682496547699
1695488454.1185327,0.13637685775756836,-0.07604922354221344,-0.9711964130401611
1695488454.1601949,0.13636718690395355,-0.08189395815134048,-0.9824205636978149
1695488454.2022634,0.1358245462179184,-0.08233239501714706,-0.9778259992599487
1695488454.244111,0.13511617481708527,-0.08023776859045029,-0.9660679697990417
1695488454.28722,0.13492611050605774,-0.07698706537485123,-0.9441084265708923
1695488454.3289764,0.1374269425868988,-0.06876437366008759,-0.9226714968681335
1695488454.3730624,0.14010268449783325,-0.06285160779953003,-0.9020644426345825
1695488454.4177752,0.13683776557445526,-0.061643511056900024,-0.8601931929588318
1695488454.4612248,0.13864438235759735,-0.060186728835105896,-0.8487251996994019
1695488454.5038817,0.13953036069869995,-0.05777557194232941,-0.8393728137016296
1695488454.5460439,0.13949286937713623,-0.05647611245512962,-0.8354833722114563
1695488454.5878983,0.13980455696582794,-0.059526681900024414,-0.836509108543396
1695488454.6300998,0.1362764686346054,-0.07773599028587341,-0.8722413778305054
1695488454.6712706,0.13343822956085205,-0.08947639167308807,-0.9100768566131592
1695488454.7139223,0.13112801313400269,-0.0977010726928711,-0.9437161087989807
1695488454.753771,0.12771591544151306,-0.0965939536690712,-0.9560132026672363
1695488454.794948,0.12676294147968292,-0.08837725222110748,-0.9505136013031006
1695488454.8349962,0.12689127027988434,-0.08253821730613708,-0.9442881345748901
1695488454.876728,0.12805593013763428,-0.07730063050985336,-0.9369584321975708
1695488454.9197404,0.12898127734661102,-0.0655112937092781,-0.912443220615387
1695488454.9613056,0.1299617886543274,-0.05681145191192627,-0.8915015459060669
1695488455.0014923,0.12971489131450653,-0.05094694718718529,-0.8705772161483765
1695488455.0447474,0.1288384646177292,-0.046092987060546875,-0.8509076833724976
1695488455.087644,0.13178077340126038,-0.04080238193273544,-0.8426169753074646
1695488455.1296847,0.13632158935070038,-0.040398530662059784,-0.8411809206008911
1695488455.171253,0.13953915238380432,-0.041591864079236984,-0.8391076326370239
1695488455.2157428,0.14198638498783112,-0.04274582862854004,-0.8360068798065186
1695488455.2548006,0.14552058279514313,-0.04589405655860901,-0.8264646530151367
1695488455.2977457,0.1481093019247055,-0.050754375755786896,-0.8293884992599487
1695488455.3377745,0.15000095963478088,-0.0541725680232048,-0.8310624361038208
1695488455.3788693,0.14960196614265442,-0.056847743690013885,-0.8281580209732056
1695488455.4198196,0.1468529999256134,-0.059806302189826965,-0.8267457485198975
1695488455.4610102,0.14255505800247192,-0.06039078161120415,-0.8218282461166382
1695488455.5031025,0.13904611766338348,-0.05862314999103546,-0.8226145505905151
1695488455.5321987,0.13541530072689056,-0.057006265968084335,-0.8200817108154297
1695488455.5610852,0.13130129873752594,-0.0588398203253746,-0.8226311802864075
1695488455.5922253,0.12863218784332275,-0.05943269282579422,-0.8218261003494263
1695488455.6227574,0.12745574116706848,-0.05944674462080002,-0.8212635517120361
1695488455.6517918,0.12660622596740723,-0.059901151806116104,-0.8193979263305664
1695488455.685811,0.1285039633512497,-0.06209426373243332,-0.8264228701591492
1695488455.7177858,0.12979517877101898,-0.06353195756673813,-0.8301488161087036
1695488455.7525842,0.131033793091774,-0.06402016431093216,-0.8306689858436584
1695488455.7861993,0.13195741176605225,-0.06151729077100754,-0.8270503878593445
1695488455.8187354,0.1330590844154358,-0.05935933440923691,-0.8286861777305603
1695488455.8518102,0.13259199261665344,-0.06012343615293503,-0.8300057649612427
1695488455.8849313,0.13144612312316895,-0.06109239161014557,-0.8324353098869324
1695488455.919476,0.13176974654197693,-0.0644155964255333,-0.8354204893112183
1695488455.9515686,0.1308402121067047,-0.06883519887924194,-0.8397701978683472
1695488455.986675,0.12923619151115417,-0.0730280801653862,-0.8441803455352783
1695488456.0197484,0.12837299704551697,-0.07534133642911911,-0.8442066311836243
1695488456.0532315,0.12696531414985657,-0.07899271696805954,-0.8443835377693176
1695488456.0864289,0.1258891224861145,-0.0826997309923172,-0.8428587913513184
1695488456.120756,0.12504832446575165,-0.08416898548603058,-0.8376936316490173
1695488456.1548078,0.12513954937458038,-0.08307750523090363,-0.8305568695068359
1695488456.1878603,0.1258096694946289,-0.0804503783583641,-0.8251290321350098
1695488456.2199278,0.1272251307964325,-0.0761488825082779,-0.8192999958992004
1695488456.2541132,0.1292192041873932,-0.07024689018726349,-0.814004123210907
1695488456.2877402,0.130547434091568,-0.06523849815130234,-0.8080675601959229
1695488456.319785,0.13116195797920227,-0.06188181787729263,-0.803969144821167
1695488456.3537183,0.1312999427318573,-0.05972951650619507,-0.8006664514541626
1695488456.3878016,0.13074739277362823,-0.059511952102184296,-0.7988942861557007
1695488456.4203374,0.13079965114593506,-0.06153067201375961,-0.8007254004478455
1695488456.4557455,0.13002778589725494,-0.06469500809907913,-0.802095353603363
1695488456.4877782,0.12877096235752106,-0.06826045364141464,-0.8028910756111145
1695488456.5212348,0.1265663206577301,-0.071324922144413,-0.8022023439407349
1695488456.5548117,0.12529943883419037,-0.07332611083984375,-0.8038202524185181
1695488456.5909042,0.12339308112859726,-0.07416115701198578,-0.8042936325073242
1695488456.6214767,0.12266623973846436,-0.07492855936288834,-0.8072983026504517
1695488456.657093,0.12234105169773102,-0.07509063184261322,-0.8092604875564575
1695488456.6886396,0.12339852005243301,-0.07455120980739594,-0.814562201499939
1695488456.7221978,0.12437516450881958,-0.07407128065824509,-0.8166682124137878
1695488456.7557602,0.12370582669973373,-0.07461172342300415,-0.813539981842041
1695488456.7898512,0.12161292135715485,-0.07598333805799484,-0.8075056672096252
1695488456.8232365,0.11863724887371063,-0.07868389785289764,-0.8023343682289124
1695488456.857411,0.11571043729782104,-0.0806160718202591,-0.7982012629508972
1695488456.889932,0.11294270306825638,-0.08219961822032928,-0.7941276431083679
1695488456.923981,0.11085660755634308,-0.08264092355966568,-0.7900194525718689
1695488456.957738,0.11166340857744217,-0.0813337042927742,-0.7922108173370361
1695488456.9902687,0.11333615332841873,-0.07975456863641739,-0.7958582639694214
1695488457.0238068,0.11577951908111572,-0.0776008814573288,-0.7996649742126465
1695488457.0583534,0.11819478869438171,-0.07594984024763107,-0.8019495606422424
1695488457.0908797,0.12296047806739807,-0.0805581733584404,-0.8164322972297668
1695488457.124948,0.12453299760818481,-0.08328782021999359,-0.8228746652603149
1695488457.1587553,0.12614260613918304,-0.0847233235836029,-0.8270128965377808
1695488457.1898894,0.12766844034194946,-0.08409707993268967,-0.8294719457626343
1695488457.2251694,0.12817591428756714,-0.0817447379231453,-0.8289684057235718
1695488457.2577338,0.126173734664917,-0.07801936566829681,-0.8216636180877686
1695488457.2912378,0.12421747297048569,-0.07418777793645859,-0.8165440559387207
1695488457.327865,0.12167086452245712,-0.07089157402515411,-0.8110777139663696
1695488457.3699346,0.11829056590795517,-0.06872459501028061,-0.8059093356132507
1695488457.4137516,0.11514602601528168,-0.06756503880023956,-0.8025012016296387
1695488457.4555116,0.11319468915462494,-0.0666436105966568,-0.8006064891815186
1695488457.4990923,0.11137422919273376,-0.065141461789608,-0.7973482012748718
1695488457.5411859,0.11381598562002182,-0.06406453251838684,-0.7994384169578552
1695488457.5837631,0.11679954826831818,-0.06411118805408478,-0.8061944246292114
1695488457.6287458,0.11964479833841324,-0.06760473549365997,-0.8174096941947937
1695488457.6707914,0.11947367340326309,-0.06849146634340286,-0.8207488059997559
1695488457.7117453,0.11937056481838226,-0.07124005258083344,-0.8305007219314575
1695488457.7547445,0.1179349422454834,-0.07393231987953186,-0.8350626230239868
1695488457.8001106,0.1185419112443924,-0.07707245647907257,-0.8489001989364624
1695488457.8427606,0.11775071918964386,-0.07681509107351303,-0.8504617214202881
1695488457.883813,0.1159718930721283,-0.07799489796161652,-0.8519634008407593
1695488457.9255924,0.11488310247659683,-0.07904822379350662,-0.8541959524154663
1695488457.9691677,0.11285309493541718,-0.07731268554925919,-0.8590487241744995
1695488458.0127375,0.11041121929883957,-0.07740284502506256,-0.8584468960762024
1695488458.05557,0.10899442434310913,-0.07835004478693008,-0.858024537563324
1695488458.0981615,0.10557389259338379,-0.07983428239822388,-0.8555631041526794
1695488458.1387405,0.10467532277107239,-0.0806417241692543,-0.8539280891418457
1695488458.180539,0.10373154282569885,-0.08142168819904327,-0.8533371090888977
1695488458.220191,0.10312031954526901,-0.08028010278940201,-0.8522570133209229
1695488458.2615333,0.10345101356506348,-0.08270491659641266,-0.8627712726593018
1695488458.3032613,0.10704556107521057,-0.09000096470117569,-0.8993302583694458
1695488458.345879,0.10858612507581711,-0.0980408638715744,-0.9218187928199768
1695488458.38667,0.11041906476020813,-0.10433325171470642,-0.9414721727371216
1695488458.4298084,0.11193808168172836,-0.10818487405776978,-0.9552295207977295
1695488458.4697666,0.11245648562908173,-0.11653729528188705,-0.9791312217712402
1695488458.5129592,0.11248352378606796,-0.12033562362194061,-0.986129105091095
1695488458.5531204,0.1114005371928215,-0.12150239199399948,-0.9846864342689514
1695488458.5963004,0.1124795526266098,-0.11184538900852203,-0.9614081382751465
1695488458.6384275,0.11243098229169846,-0.09745748341083527,-0.9170582294464111
1695488458.6815145,0.11628662049770355,-0.08251438289880753,-0.8888660669326782
1695488463.0599313,-0.1017206609249115,-0.0751369297504425,-1.1093623638153076
1695488463.1300132,-0.09816337376832962,-0.09116438031196594,-1.1650503873825073
1695488463.1993253,-0.10166116058826447,-0.10186050087213516,-1.1813809871673584
1695488463.264942,-0.10911216586828232,-0.10680114477872849,-1.1843316555023193
1695488463.3282413,-0.10518916696310043,-0.10139825195074081,-1.1695374250411987
1695488463.3904333,-0.09735678881406784,-0.09825627505779266,-1.1770777702331543
1695488463.4550507,-0.10115748643875122,-0.11243803799152374,-1.223626971244812
1695488463.521162,-0.1043466329574585,-0.11948377639055252,-1.250417947769165
1695488463.5672457,-0.10278059542179108,-0.1140599176287651,-1.236518144607544
1695488463.6132817,-0.10259929299354553,-0.10855895280838013,-1.2185648679733276
1695488463.6563425,-0.10335445404052734,-0.0985901951789856,-1.190578579902649
1695488463.6993864,-0.10330915451049805,-0.09360266476869583,-1.1741703748703003
1695488463.742427,-0.10304814577102661,-0.09218177944421768,-1.1637054681777954
1695488463.7864907,-0.10345153510570526,-0.09341586381196976,-1.1686749458312988
1695488463.832527,-0.10374683141708374,-0.0972340852022171,-1.1771764755249023
1695488463.8761234,-0.10317477583885193,-0.09964542090892792,-1.1853125095367432
1695488463.920161,-0.09728659689426422,-0.0973009467124939,-1.1776970624923706
1695488463.9637127,-0.09709905833005905,-0.10087654739618301,-1.1830581426620483
1695488464.005842,-0.100468710064888,-0.10716374963521957,-1.1949069499969482
1695488464.051521,-0.10506393015384674,-0.1166066974401474,-1.2192738056182861
1695488464.0955427,-0.10327820479869843,-0.11744698882102966,-1.235248327255249
1695488464.1382492,-0.10106600821018219,-0.11640262603759766,-1.2392696142196655
1695488464.1797595,-0.09942199289798737,-0.11428338289260864,-1.236801028251648
1695488464.2232385,-0.09569060802459717,-0.10891668498516083,-1.2253751754760742
1695488464.266334,-0.0931350439786911,-0.10463070869445801,-1.2149604558944702
1695488464.3090892,-0.0925082191824913,-0.10223937034606934,-1.2102450132369995
1695488464.350567,-0.09213584661483765,-0.09990625083446503,-1.2040389776229858
1695488464.3938355,-0.08813022077083588,-0.09443161636590958,-1.1842756271362305
1695488464.4365196,-0.08646798133850098,-0.0928458422422409,-1.17794930934906
1695488464.483061,-0.08585678040981293,-0.09177201986312866,-1.1751601696014404
1695488464.524769,-0.08622194826602936,-0.09268840402364731,-1.1740086078643799
1695488464.567752,-0.08884556591510773,-0.09580810368061066,-1.1772843599319458
1695488464.6097584,-0.09131675213575363,-0.09797120094299316,-1.1806458234786987
1695488464.6529608,-0.09614472091197968,-0.10444860905408859,-1.1848711967468262
1695488464.6984107,-0.10028684139251709,-0.11114953458309174,-1.194072961807251
1695488464.7394557,-0.10378814488649368,-0.11591783910989761,-1.205660343170166
1695488464.7827485,-0.1056780144572258,-0.11751531809568405,-1.2116979360580444
1695488464.8250928,-0.1057121530175209,-0.11705489456653595,-1.2059193849563599
1695488464.8732886,-0.1057862862944603,-0.11863057315349579,-1.2101235389709473
1695488464.9182339,-0.1059090867638588,-0.11979822814464569,-1.2123807668685913
1695488464.9628377,-0.10672304779291153,-0.1256205439567566,-1.2246307134628296
1695488465.0028365,-0.1057857796549797,-0.12732303142547607,-1.2274787425994873
1695488465.0463672,-0.10368549823760986,-0.12751147150993347,-1.2250471115112305
1695488465.0911732,-0.09758847951889038,-0.12270428240299225,-1.2138804197311401
1695488465.1328447,-0.09258812665939331,-0.11650130152702332,-1.2015918493270874
1695488465.1759465,-0.0883033499121666,-0.11176536977291107,-1.1935813426971436
1695488465.2180502,-0.08534815907478333,-0.10881085693836212,-1.1881067752838135
1695488465.2611592,-0.07895641773939133,-0.1040332242846489,-1.175750970840454
1695488465.3032508,-0.0773034393787384,-0.1036505475640297,-1.1700574159622192
1695488465.344835,-0.07668979465961456,-0.10337801277637482,-1.165981650352478
1695488465.3848925,-0.07506297528743744,-0.1018960028886795,-1.1609985828399658
1695488465.4263043,-0.07274036109447479,-0.09959569573402405,-1.1526720523834229
1695488465.4708846,-0.07119501382112503,-0.09813656657934189,-1.1474661827087402
1695488465.5154843,-0.07041831314563751,-0.09685377031564713,-1.1440409421920776
1695488465.5585356,-0.0737026259303093,-0.09781945496797562,-1.1431132555007935
1695488465.6011589,-0.07589366286993027,-0.09730243682861328,-1.144157886505127
1695488465.6410666,-0.07634659111499786,-0.0957190990447998,-1.1432424783706665
1695488465.6819909,-0.07684172689914703,-0.09494108706712723,-1.1412136554718018
1695488465.7240338,-0.07924742251634598,-0.09631906449794769,-1.1410353183746338
1695488465.7652237,-0.08374273777008057,-0.1029931977391243,-1.1510484218597412
1695488465.8072326,-0.08578740060329437,-0.1062372699379921,-1.1562154293060303
1695488465.8507597,-0.08640217781066895,-0.10747464001178741,-1.1595728397369385
1695488465.8913355,-0.08332773298025131,-0.1068343073129654,-1.1582608222961426
1695488465.9354634,-0.08003909885883331,-0.105967216193676,-1.1575379371643066
1695488465.978069,-0.07730978727340698,-0.10478873550891876,-1.1569509506225586
1695488466.0237966,-0.07507113367319107,-0.10337125509977341,-1.1559587717056274
1695488466.0658565,-0.0751456469297409,-0.1060958281159401,-1.1620491743087769
1695488466.107933,-0.07654319703578949,-0.10792475938796997,-1.1675626039505005
1695488466.1482403,-0.07738521695137024,-0.10779260098934174,-1.1692183017730713
1695488466.1907666,-0.07754329591989517,-0.10616529732942581,-1.168883204460144
1695488466.2328093,-0.07659010589122772,-0.1028997078537941,-1.1658626794815063
1695488466.2732794,-0.07595530897378922,-0.10043630748987198,-1.1605652570724487
1695488466.3136,-0.0754009559750557,-0.09908966720104218,-1.1566858291625977
1695488466.3549325,-0.07432109862565994,-0.09798967838287354,-1.1530494689941406
1695488466.3969083,-0.07219959795475006,-0.0967400074005127,-1.1493422985076904
1695488466.438,-0.07118353992700577,-0.09798633307218552,-1.1470098495483398
1695488466.4807158,-0.07038857042789459,-0.0994778499007225,-1.1464323997497559
1695488466.5227802,-0.06965062022209167,-0.10050808638334274,-1.1462239027023315
1695488466.564772,-0.06868113577365875,-0.10058549791574478,-1.143967628479004
1695488466.6057327,-0.06856297701597214,-0.10004555433988571,-1.141759991645813
1695488466.6472547,-0.06810387969017029,-0.09897619485855103,-1.139166235923767
1695488466.6874595,-0.06783360242843628,-0.09797395765781403,-1.1381055116653442
1695488466.731026,-0.06764128804206848,-0.09844400733709335,-1.1402487754821777
1695488466.7706387,-0.06911838054656982,-0.10158518701791763,-1.1455175876617432
1695488466.8137035,-0.07124410569667816,-0.10557518899440765,-1.1529346704483032
1695488466.8541253,-0.07229991257190704,-0.10782475024461746,-1.157302975654602
1695488466.8960097,-0.07196739315986633,-0.10828187316656113,-1.156678318977356
1695488466.9280398,-0.07213286310434341,-0.10951127856969833,-1.1589711904525757
1695488466.961083,-0.07240113615989685,-0.11030261218547821,-1.1601310968399048
1695488466.9935753,-0.07201545685529709,-0.1097906306385994,-1.1576308012008667
1695488467.0282364,-0.07228982448577881,-0.10937941074371338,-1.1555060148239136
1695488467.0588753,-0.07198899239301682,-0.10773830860853195,-1.1519238948822021
1695488467.0916944,-0.07157741487026215,-0.10596680641174316,-1.1478759050369263
1695488467.1267967,-0.0713089257478714,-0.10418766736984253,-1.1439605951309204
1695488467.1588836,-0.07106436789035797,-0.10267509520053864,-1.140706181526184
1695488467.1929595,-0.07102428376674652,-0.10171095281839371,-1.1389658451080322
1695488467.225782,-0.07082654535770416,-0.10118156671524048,-1.1379930973052979
1695488467.2588274,-0.07156603038311005,-0.10161920636892319,-1.1386327743530273
1695488467.2942336,-0.072224922478199,-0.10186190158128738,-1.1383949518203735
1695488467.325821,-0.07364072650671005,-0.10448182374238968,-1.1417500972747803
1695488467.3587763,-0.07555542141199112,-0.10882680118083954,-1.1477476358413696
1695488467.3937309,-0.07821735739707947,-0.11408167332410812,-1.1552627086639404
1695488467.4288468,-0.08077162504196167,-0.1196228414773941,-1.1637241840362549
1695488467.4629128,-0.08277333527803421,-0.12327227741479874,-1.1673269271850586
1695488467.4937623,-0.08486361801624298,-0.12635868787765503,-1.1710304021835327
1695488467.5286255,-0.08667405694723129,-0.1279175877571106,-1.1721391677856445
1695488467.5593522,-0.08644449710845947,-0.1270291656255722,-1.1721614599227905
1695488467.5954077,-0.08495189249515533,-0.12452723830938339,-1.1708742380142212
1695488467.6279423,-0.08397578448057175,-0.1228049248456955,-1.1705576181411743
1695488467.6610854,-0.08261538296937943,-0.12116803973913193,-1.171988844871521
1695488467.693732,-0.081455297768116,-0.11970160156488419,-1.173445224761963
1695488467.7277899,-0.0805496871471405,-0.11745167523622513,-1.166757345199585
1695488467.762867,-0.08026754856109619,-0.11586952209472656,-1.1613671779632568
1695488467.79522,-0.08032581955194473,-0.11485937237739563,-1.1579245328903198
1695488467.828741,-0.07963398844003677,-0.11439953744411469,-1.1591057777404785
1695488467.8610554,-0.07953239977359772,-0.114156574010849,-1.1570719480514526
1695488467.8951757,-0.0798274576663971,-0.11488531529903412,-1.156990885734558
1695488467.9280472,-0.07947571575641632,-0.11480024456977844,-1.1556904315948486
1695488467.9621987,-0.07837150990962982,-0.11470440030097961,-1.1573799848556519
1695488467.99584,-0.0769784078001976,-0.11391366273164749,-1.1572340726852417
1695488468.0288973,-0.07623882591724396,-0.11376860737800598,-1.1576008796691895
1695488468.0612452,-0.07579205185174942,-0.11344783008098602,-1.1555829048156738
1695488468.0962539,-0.07576151937246323,-0.11439742147922516,-1.158599853515625
1695488468.1318066,-0.0764358788728714,-0.11552368104457855,-1.1618906259536743
1695488468.161933,-0.07765302807092667,-0.11674817651510239,-1.1653717756271362
1695488468.1952226,-0.078464075922966,-0.11692244559526443,-1.1662147045135498
1695488468.229751,-0.07862260192632675,-0.11630598455667496,-1.1657941341400146
1695488468.2648365,-0.0793466866016388,-0.11621741950511932,-1.1658847332000732
1695488470.0851507,-0.1031724363565445,-0.1297381967306137,-1.207556962966919
1695488470.1480584,-0.10326424986124039,-0.12919262051582336,-1.2116202116012573
1695488470.2106628,-0.1034483090043068,-0.1278335005044937,-1.2113993167877197
1695488470.2781,-0.09919294714927673,-0.12027791142463684,-1.1975635290145874
1695488470.3447971,-0.09524048119783401,-0.11758270114660263,-1.1968841552734375
1695488470.3885467,-0.0946170836687088,-0.11835674941539764,-1.2013278007507324
1695488470.434165,-0.09410929679870605,-0.11824958026409149,-1.2033169269561768
1695488470.4762073,-0.09582871198654175,-0.11485950648784637,-1.2010174989700317
1695488470.5197952,-0.09916240721940994,-0.11419786512851715,-1.1969255208969116
1695488470.5653274,-0.10054474323987961,-0.11209417134523392,-1.1915204524993896
1695488470.6089923,-0.10481319576501846,-0.11083748936653137,-1.1935153007507324
1695488470.653232,-0.10497415065765381,-0.1081785187125206,-1.1925458908081055
1695488470.6979651,-0.10601440817117691,-0.1074637845158577,-1.1913617849349976
1695488470.7415626,-0.10730931162834167,-0.10754388570785522,-1.1951488256454468
1695488470.7851853,-0.10893139243125916,-0.1080571636557579,-1.2085351943969727
1695488470.8299484,-0.11125469952821732,-0.10968837141990662,-1.218170404434204
1695488470.8730698,-0.11107255518436432,-0.10769275575876236,-1.2196234464645386
1695488470.9177952,-0.10009695589542389,-0.09292628616094589,-1.1997895240783691
1695488470.961939,-0.09337998181581497,-0.08727464824914932,-1.1961301565170288
1695488471.0037968,-0.0886668935418129,-0.0853973776102066,-1.2006884813308716
1695488471.0480516,-0.08406870067119598,-0.08514205366373062,-1.229166865348816
1695488471.0911655,-0.08402448147535324,-0.08650821447372437,-1.248543381690979
1695488471.1332905,-0.08290784060955048,-0.08710033446550369,-1.2651478052139282
1695488471.178424,-0.08052092045545578,-0.09105976670980453,-1.3041954040527344
1695488471.221056,-0.07826386392116547,-0.09286855906248093,-1.3267250061035156
1695488471.2633927,-0.07240132987499237,-0.09162107110023499,-1.343956470489502
1695488471.3055425,-0.06267326325178146,-0.08887481689453125,-1.3573062419891357
1695488471.349026,-0.03756678104400635,-0.07660439610481262,-1.376387357711792
1695488471.3930972,-0.021747112274169922,-0.0667499378323555,-1.3844670057296753
1695488471.4382102,-0.008990967646241188,-0.059609413146972656,-1.3943514823913574
1695488471.483415,0.010951759293675423,-0.05177002772688866,-1.4236729145050049
1695488471.5262153,0.01916869729757309,-0.049327440559864044,-1.4383665323257446
1695488471.5703647,0.02877778559923172,-0.045213110744953156,-1.4474618434906006
1695488471.6139152,0.0451471172273159,-0.04006101191043854,-1.4730809926986694
1695488471.659182,0.05357371270656586,-0.03770696371793747,-1.4867385625839233
1695488471.700212,0.06368745863437653,-0.032134078443050385,-1.4949122667312622
1695488471.7435055,0.0745130181312561,-0.028285928070545197,-1.4988983869552612
1695488471.790199,0.0994909256696701,-0.016977421939373016,-1.4990030527114868
1695488471.8332515,0.11598747968673706,-0.014660896733403206,-1.4946526288986206
1695488471.8758423,0.13230526447296143,-0.015099285170435905,-1.493550181388855
1695488471.9189782,0.15860864520072937,-0.013323748484253883,-1.496490478515625
1695488471.9651093,0.16925707459449768,-0.013800166547298431,-1.4931765794754028
1695488472.0057952,0.17940223217010498,-0.013342758640646935,-1.4715640544891357
1695488472.0494347,0.19349068403244019,-0.019831666722893715,-1.4320091009140015
1695488472.091024,0.19912680983543396,-0.03087657317519188,-1.4245516061782837
1695488472.133903,0.20433631539344788,-0.038716018199920654,-1.423848271369934
1695488472.177961,0.2070143222808838,-0.038605354726314545,-1.4061166048049927
1695488472.2200696,0.21552057564258575,-0.04927657172083855,-1.4173576831817627
1695488472.262297,0.21108943223953247,-0.04302148520946503,-1.3972594738006592
1695488472.3054168,0.21476274728775024,-0.051575250923633575,-1.3997421264648438
1695488472.3501844,0.21718932688236237,-0.05870608612895012,-1.383639931678772
1695488472.3907888,0.21620140969753265,-0.06427329778671265,-1.374800682067871
1695488472.4338174,0.2094830423593521,-0.057231321930885315,-1.333604335784912
1695488472.4750404,0.2059960961341858,-0.058137282729148865,-1.3213729858398438
1695488472.51788,0.1965155303478241,-0.04342654347419739,-1.2768491506576538
1695488472.5611064,0.18981720507144928,-0.03425643593072891,-1.2518597841262817
1695488472.6039145,0.1850479692220688,-0.028795836493372917,-1.231866717338562
1695488472.6463416,0.1832314431667328,-0.03506484627723694,-1.2344608306884766
1695488472.68937,0.17687557637691498,-0.01883254386484623,-1.1883666515350342
1695488472.7329295,0.17397934198379517,-0.008017005398869514,-1.1637192964553833
1695488472.7755446,0.1727800965309143,0.0028732139617204666,-1.1436923742294312
1695488472.8207943,0.17756429314613342,0.017386771738529205,-1.1127747297286987
1695488472.8628204,0.18172311782836914,-0.003738751634955406,-1.1414334774017334
1695488472.9040391,0.1861596703529358,-0.02455923892557621,-1.1710737943649292
1695488472.948577,0.18868087232112885,-0.02984989620745182,-1.1844611167907715
1695488472.9891586,0.19432419538497925,-0.026057766750454903,-1.1932193040847778
1695488473.0331836,0.20025888085365295,-0.02515667863190174,-1.2034642696380615
1695488473.0732985,0.20639324188232422,-0.02418854832649231,-1.216367483139038
1695488473.117153,0.21885280311107635,-0.01465364545583725,-1.2101083993911743
1695488473.1583562,0.22695183753967285,-0.003726556897163391,-1.1955643892288208
1695488473.2010307,0.23391814529895782,0.009754998609423637,-1.1743245124816895
1695488473.2400572,0.24001190066337585,0.018803970888257027,-1.1590182781219482
1695488473.282366,0.2468309849500656,0.02501799166202545,-1.1446683406829834
1695488473.3227658,0.25929051637649536,0.032616108655929565,-1.1219359636306763
1695488473.3626049,0.26809683442115784,0.03031938150525093,-1.1116540431976318
1695488473.403285,0.2768704295158386,0.024708297103643417,-1.1061394214630127
1695488473.4478304,0.2842565178871155,0.019884537905454636,-1.1020641326904297
1695488473.489871,0.2938232123851776,0.01926279440522194,-1.0953404903411865
1695488473.5320399,0.29293158650398254,0.01967065967619419,-1.0967928171157837
1695488473.5728996,0.2926535904407501,0.018113501369953156,-1.101226806640625
1695488473.6135416,0.29169654846191406,0.01651383377611637,-1.1061959266662598
1695488473.655693,0.285383015871048,0.005599033087491989,-1.1147301197052002
1695488473.6997302,0.27738088369369507,-0.0012420006096363068,-1.117604374885559
1695488473.7312515,0.26821497082710266,-0.0059584639966487885,-1.1149348020553589
1695488473.7598796,0.25962033867836,-0.016834957525134087,-1.113921880722046
1695488473.7905474,0.24885216355323792,-0.02995266020298004,-1.114280104637146
1695488473.821067,0.23911532759666443,-0.04959322512149811,-1.1328297853469849
1695488473.8531783,0.23012606799602509,-0.06644086539745331,-1.1521128416061401
1695488473.8857825,0.2229582965373993,-0.08013814687728882,-1.1685738563537598
1695488473.91504,0.21916386485099792,-0.09527929127216339,-1.1823914051055908
1695488473.9495802,0.2158736288547516,-0.10494298487901688,-1.1852561235427856
1695488473.9841654,0.20930960774421692,-0.10378354787826538,-1.1781580448150635
1695488474.0179384,0.20184467732906342,-0.09490187466144562,-1.153679370880127
1695488474.051871,0.19664357602596283,-0.08448350429534912,-1.1277493238449097
1695488474.0829155,0.19259198009967804,-0.07288765162229538,-1.101876974105835
1695488474.1166692,0.18816545605659485,-0.06888590008020401,-1.085550308227539
1695488474.1497953,0.1839544028043747,-0.06597110629081726,-1.07206130027771
1695488474.1839147,0.1810617744922638,-0.061218395829200745,-1.0576914548873901
1695488474.218672,0.17925293743610382,-0.06022654101252556,-1.0466327667236328
1695488474.250258,0.17904265224933624,-0.061835356056690216,-1.0417165756225586
1695488474.285046,0.17951764166355133,-0.06456433236598969,-1.038442611694336
1695488474.3191812,0.18131686747074127,-0.06538782268762589,-1.0347912311553955
1695488474.3507984,0.18381941318511963,-0.0675528347492218,-1.032760500907898
1695488474.3854141,0.1867344230413437,-0.06892895698547363,-1.0303034782409668
1695488474.4175475,0.18972694873809814,-0.06932537257671356,-1.0273678302764893
1695488474.451071,0.19250698387622833,-0.06736898422241211,-1.023514986038208
1695488474.4866698,0.19453133642673492,-0.06445153057575226,-1.018581748008728
1695488474.517795,0.19629737734794617,-0.06344866752624512,-1.0195764303207397
1695488474.5529149,0.19862760603427887,-0.06082654744386673,-1.0189570188522339
1695488474.585052,0.20102225244045258,-0.058381374925374985,-1.019021987915039
1695488474.617866,0.2023238241672516,-0.05818495526909828,-1.02028489112854
1695488474.6539147,0.20436426997184753,-0.05931166559457779,-1.0254706144332886
1695488474.6838224,0.20506112277507782,-0.06109197065234184,-1.0283339023590088
1695488474.717909,0.20499847829341888,-0.06638255715370178,-1.0344890356063843
1695488474.7519593,0.20437420904636383,-0.07331594824790955,-1.0419938564300537
1695488474.786141,0.20307493209838867,-0.07802912592887878,-1.0465786457061768
1695488474.818606,0.2007584571838379,-0.07979494333267212,-1.0467267036437988
1695488474.853213,0.1985119730234146,-0.07841382175683975,-1.0434961318969727
1695488474.8941655,0.196661576628685,-0.07505536079406738,-1.036839246749878
1695488474.9259453,0.19561386108398438,-0.07049451768398285,-1.029009461402893
1695488474.9562016,0.19548821449279785,-0.06685899198055267,-1.021639347076416
1695488474.985849,0.19584088027477264,-0.06451107561588287,-1.014906644821167
1695488475.019753,0.19663438200950623,-0.064359150826931,-1.0107938051223755
1695488475.0539145,0.19763080775737762,-0.06774985045194626,-1.0121995210647583
1695488475.0877225,0.19831781089305878,-0.07315758615732193,-1.0157437324523926
1695488475.1207993,0.19846844673156738,-0.07722637802362442,-1.0182157754898071
1695488475.1539147,0.20028412342071533,-0.08144322782754898,-1.027343988418579
1695488475.1883147,0.200847327709198,-0.08237685263156891,-1.0319331884384155
1695488475.219425,0.20137131214141846,-0.08297838270664215,-1.0355567932128906
1695488475.2539146,0.2013428509235382,-0.08248744904994965,-1.0369654893875122
1695488477.6523192,0.20705053210258484,-0.054932426661252975,-1.0245307683944702
1695488477.702983,0.20877020061016083,-0.07082761824131012,-1.039190411567688
1695488477.7663765,0.23949994146823883,-0.1045117899775505,-1.1957321166992188
1695488477.8260398,0.23364956676959991,-0.08319129049777985,-1.146122694015503
1695488477.887165,0.22948944568634033,-0.07490268349647522,-1.1138739585876465
1695488477.932833,0.22778864204883575,-0.07077141106128693,-1.0987857580184937
1695488477.9779375,0.2221161425113678,-0.06334519386291504,-1.0618878602981567
1695488478.0229657,0.22153541445732117,-0.057388484477996826,-1.05064857006073
1695488478.0670595,0.2214871495962143,-0.05396316573023796,-1.0446498394012451
1695488478.1112807,0.22187350690364838,-0.04956960305571556,-1.0360110998153687
1695488478.1539013,0.22297626733779907,-0.05068110674619675,-1.0383057594299316
1695488478.199673,0.22260767221450806,-0.052723780274391174,-1.0374537706375122
1695488478.2431762,0.2228381484746933,-0.05580424517393112,-1.0341377258300781
1695488478.287816,0.2219092845916748,-0.058046746999025345,-1.0313491821289062
1695488478.336997,0.219713494181633,-0.06413991749286652,-1.027606725692749
1695488478.380535,0.2192046344280243,-0.06726999580860138,-1.0284696817398071
1695488478.4232144,0.2185204029083252,-0.06853803992271423,-1.027673363685608
1695488478.467373,0.21755823493003845,-0.07119984179735184,-1.0276567935943604
1695488478.51104,0.22159048914909363,-0.07762716710567474,-1.0447074174880981
1695488478.5566914,0.22381898760795593,-0.0778939351439476,-1.052557349205017
1695488478.6007946,0.2245660126209259,-0.07501449435949326,-1.0530052185058594
1695488478.6441643,0.22489725053310394,-0.07797937840223312,-1.0546939373016357
1695488478.684878,0.22341632843017578,-0.07686412334442139,-1.0506457090377808
1695488478.7301073,0.22340910136699677,-0.07775017619132996,-1.0541965961456299
1695488478.773046,0.2233991175889969,-0.07652518153190613,-1.0564355850219727
1695488478.8149233,0.22288274765014648,-0.07498618960380554,-1.0548700094223022
1695488478.8559515,0.22317153215408325,-0.0742143988609314,-1.055533766746521
1695488478.898826,0.2224569320678711,-0.07314320653676987,-1.0525115728378296
1695488478.9402368,0.22216209769248962,-0.07449586689472198,-1.0521254539489746
1695488478.9823737,0.2220933735370636,-0.08267749845981598,-1.0639326572418213
1695488479.0234363,0.22175921499729156,-0.08928604423999786,-1.0744839906692505
1695488479.0660973,0.22202560305595398,-0.09484976530075073,-1.0858242511749268
1695488479.1069508,0.21828687191009521,-0.08729830384254456,-1.0683789253234863
1695488479.15001,0.21568450331687927,-0.07902175188064575,-1.0533764362335205
1695488479.1940668,0.21548126637935638,-0.07349027693271637,-1.0459048748016357
1695488479.236796,0.21501368284225464,-0.06878095865249634,-1.0390833616256714
1695488479.2801876,0.21570999920368195,-0.06600458920001984,-1.0341161489486694
1695488479.3214147,0.21718768775463104,-0.06608056277036667,-1.0332019329071045
1695488479.3649492,0.2186838686466217,-0.06703578680753708,-1.0331332683563232
1695488479.4060571,0.22012175619602203,-0.06706222891807556,-1.032171368598938
1695488479.4501905,0.2203514724969864,-0.06731314957141876,-1.032529592514038
1695488479.4899955,0.22002671658992767,-0.06797581166028976,-1.0325474739074707
1695488479.5337944,0.21958695352077484,-0.0675208643078804,-1.0306212902069092
1695488479.575595,0.22082220017910004,-0.06548967212438583,-1.0303099155426025
1695488479.6161447,0.2210371196269989,-0.0639360174536705,-1.0286227464675903
1695488479.6587956,0.22089441120624542,-0.06286460161209106,-1.0280061960220337
1695488479.700165,0.22097808122634888,-0.06329295039176941,-1.0288349390029907
1695488479.7440398,0.21892043948173523,-0.0635068416595459,-1.0243483781814575
1695488479.785894,0.2176210582256317,-0.06517242640256882,-1.0222601890563965
1695488479.8279467,0.21732991933822632,-0.06932432949542999,-1.0237444639205933
1695488479.8691716,0.21736595034599304,-0.07284796983003616,-1.0260571241378784
1695488479.9132023,0.21715472638607025,-0.07870165258646011,-1.032557725906372
1695488479.953915,0.2177383452653885,-0.08443772792816162,-1.0402077436447144
1695488479.995956,0.21760252118110657,-0.08810168504714966,-1.043384075164795
1695488480.0385473,0.21834108233451843,-0.08962544053792953,-1.0462512969970703
1695488480.081082,0.2182704359292984,-0.08917298167943954,-1.0468932390213013
1695488480.1199205,0.2171579897403717,-0.08589769154787064,-1.0420045852661133
1695488480.1635456,0.21693038940429688,-0.08639112859964371,-1.0406354665756226
1695488480.2031646,0.21661964058876038,-0.08884190022945404,-1.041899561882019
1695488480.2459345,0.2171996533870697,-0.09293448179960251,-1.047400951385498
1695488480.2870686,0.21777480840682983,-0.09496580064296722,-1.0509291887283325
1695488480.3279202,0.2178906500339508,-0.096157968044281,-1.0530227422714233
1695488480.3709853,0.2183384895324707,-0.09708309918642044,-1.0538437366485596
1695488480.4142132,0.218048095703125,-0.09688213467597961,-1.0523535013198853
1695488480.4563024,0.21730494499206543,-0.09723378717899323,-1.0516021251678467
1695488480.4989212,0.21756739914417267,-0.09824229776859283,-1.0528473854064941
1695488480.5279527,0.2181096076965332,-0.09733572602272034,-1.0515598058700562
1695488480.5584278,0.218533456325531,-0.09698997437953949,-1.0503848791122437
1695488480.5884485,0.21951420605182648,-0.09724962711334229,-1.050491213798523
1695488480.6195474,0.22017468512058258,-0.09796003997325897,-1.050278663635254
1695488480.6500661,0.22065140306949615,-0.09893445670604706,-1.0513097047805786
1695488480.6791637,0.221176877617836,-0.10176504403352737,-1.0557060241699219
1695488480.7086833,0.221830815076828,-0.10478194802999496,-1.0621923208236694
1695488480.741724,0.22206997871398926,-0.10590013116598129,-1.065869688987732
1695488480.7758114,0.22172242403030396,-0.10527630150318146,-1.065997838973999
1695488480.8088334,0.22166220843791962,-0.1041334867477417,-1.066635251045227
1695488480.8388672,0.22170235216617584,-0.10303664207458496,-1.066861867904663
1695488480.8755443,0.2214895784854889,-0.10303252190351486,-1.068100929260254
1695488480.9087973,0.22280678153038025,-0.11039167642593384,-1.0841480493545532
1695488480.9403164,0.22441409528255463,-0.11615902930498123,-1.1002665758132935
1695488480.9748566,0.22508469223976135,-0.11943237483501434,-1.1099003553390503
1695488481.008024,0.2243059277534485,-0.11620736867189407,-1.1056098937988281
1695488481.0411322,0.22317053377628326,-0.11221481114625931,-1.0992372035980225
1695488481.0751688,0.22175036370754242,-0.10759585350751877,-1.091727614402771
1695488481.1071868,0.21991045773029327,-0.10432082414627075,-1.0844759941101074
1695488481.1432896,0.21816521883010864,-0.10068362951278687,-1.0763181447982788
1695488481.1752489,0.21671877801418304,-0.09867402166128159,-1.0708117485046387
1695488481.20929,0.21615725755691528,-0.09748850762844086,-1.0672084093093872
1695488481.2410395,0.21548311412334442,-0.09571990370750427,-1.0610721111297607
1695488481.274294,0.21635383367538452,-0.09570607542991638,-1.0604498386383057
1695488481.310546,0.2167564034461975,-0.09518952667713165,-1.0590620040893555
1695488481.3412893,0.2181924283504486,-0.09468142688274384,-1.0593249797821045
1695488481.374107,0.21931198239326477,-0.09505484998226166,-1.0592104196548462
1695488481.4097075,0.2200346142053604,-0.0961766317486763,-1.0612670183181763
1695488481.4432294,0.22027519345283508,-0.09507627785205841,-1.061099886894226
1695488481.4767644,0.22088199853897095,-0.09472693502902985,-1.0624794960021973
1695488481.5082893,0.22186028957366943,-0.09534631669521332,-1.0643336772918701
1695488481.5430396,0.2221350222826004,-0.09538684785366058,-1.0642673969268799
1695488481.576398,0.22162491083145142,-0.09510869532823563,-1.0617008209228516
1695488481.6090596,0.22100026905536652,-0.09393222630023956,-1.05958092212677
1695488481.64429,0.21983273327350616,-0.09220424294471741,-1.0559284687042236
1695488481.6768441,0.2192913293838501,-0.09184213727712631,-1.0548007488250732
1695488481.7119145,0.21983250975608826,-0.09182381629943848,-1.0545306205749512
1695488481.7430394,0.22042933106422424,-0.0935169979929924,-1.0561449527740479
1695488481.776064,0.22039857506752014,-0.0945146381855011,-1.057173252105713
1695488481.810098,0.22089970111846924,-0.0952194556593895,-1.058421015739441
1695488481.8434145,0.22110311686992645,-0.09463818371295929,-1.0574474334716797
1695488481.878671,0.22136835753917694,-0.09308598190546036,-1.0562013387680054
1695488481.9093497,0.2213759869337082,-0.0909608006477356,-1.0543785095214844
1695488481.9437406,0.22116850316524506,-0.08756184577941895,-1.0512959957122803
1695488481.9783542,0.22081993520259857,-0.08403657376766205,-1.0482215881347656
1695488482.0110836,0.22036874294281006,-0.0821380689740181,-1.0470012426376343
1695488482.0442371,0.22045190632343292,-0.08050817251205444,-1.0456658601760864
1695488482.0768542,0.2203013002872467,-0.0794842541217804,-1.0446785688400269
1695488482.109953,0.22030030190944672,-0.07786044478416443,-1.0427061319351196
1695488482.1430395,0.22085842490196228,-0.0780014842748642,-1.0432469844818115
1695488482.179231,0.22070682048797607,-0.07893402874469757,-1.0425888299942017
1695488482.21054,0.21989913284778595,-0.08116787672042847,-1.0423083305358887
1695488482.2453837,0.219865083694458,-0.0846831202507019,-1.0436803102493286
1695488482.2789235,0.22034867107868195,-0.0889785960316658,-1.047255277633667
1695488482.3110397,0.22117164731025696,-0.09435386210680008,-1.0532175302505493
1695488482.3581142,0.22289414703845978,-0.10379736870527267,-1.0645885467529297
1695488482.4002378,0.2242010533809662,-0.11310518532991409,-1.0763089656829834
1695488482.4428086,0.2263200581073761,-0.1278156340122223,-1.0967686176300049
1695488482.4848459,0.22845952212810516,-0.1368386447429657,-1.115065097808838
1695488482.5254173,0.22798892855644226,-0.13548274338245392,-1.1169676780700684
1695488482.5570614,0.2264871597290039,-0.1305522322654724,-1.1129260063171387
1695488482.5891461,0.2263738363981247,-0.12645936012268066,-1.111929178237915
1695488482.6191766,0.22694601118564606,-0.11676088720560074,-1.102878451347351
1695488482.6509206,0.2271146923303604,-0.10735663771629333,-1.0923279523849487
1695488482.6837966,0.2262660413980484,-0.09970591962337494,-1.0823150873184204
1695488482.7163835,0.22558993101119995,-0.09458966553211212,-1.0741863250732422
1695488482.7480643,0.2245219647884369,-0.09204937517642975,-1.0689488649368286
1695488482.7818675,0.22300772368907928,-0.09001864492893219,-1.0620672702789307
Distance top: 0.22834851
Distance right: 0.3232725
Center: [ 0.2207037 -1.0482752]
metaphor: pull
guidance_approach: two_tactor
intensity: linear
layout: horizontal
Target location: [-0.07774048 -1.13603576]
Theta: 112.6019742293794
1695488494.521329,0.36338096857070923,-0.14512236416339874,-1.6553888320922852
1695488494.5861783,0.3572324812412262,-0.1444646418094635,-1.6344307661056519
1695488494.6563342,0.35939401388168335,-0.14126554131507874,-1.652268648147583
1695488494.7250967,0.3680802881717682,-0.13773782551288605,-1.670828938484192
1695488494.794912,0.3697247803211212,-0.13638435304164886,-1.6653932332992554
1695488494.867052,0.371918648481369,-0.13462869822978973,-1.6574264764785767
1695488494.9291406,0.37261900305747986,-0.13287004828453064,-1.6520144939422607
1695488494.9742668,0.37059420347213745,-0.13177455961704254,-1.6451013088226318
1695488495.0171916,0.36765092611312866,-0.1294878125190735,-1.6350735425949097
1695488495.058292,0.36948075890541077,-0.12573735415935516,-1.6492273807525635
1695488495.1011534,0.3685454726219177,-0.1248670369386673,-1.6551073789596558
1695488495.1437848,0.3655502498149872,-0.12602263689041138,-1.6519739627838135
1695488495.1889827,0.3627687394618988,-0.12742078304290771,-1.6451610326766968
1695488495.2337484,0.36077651381492615,-0.12678366899490356,-1.6414796113967896
1695488495.2770078,0.3622004985809326,-0.12496624886989594,-1.648648738861084
1695488495.321436,0.36633002758026123,-0.12380486726760864,-1.6422966718673706
1695488495.3652253,0.36338356137275696,-0.1224122941493988,-1.6282566785812378
1695488495.4093068,0.3645234704017639,-0.12016673386096954,-1.6377559900283813
1695488495.4518578,0.3659400939941406,-0.11770454049110413,-1.645103931427002
1695488495.494942,0.36945316195487976,-0.11463520675897598,-1.656227469444275
1695488495.538033,0.37085917592048645,-0.11355225741863251,-1.6590189933776855
1695488495.5826225,0.37292999029159546,-0.11398234963417053,-1.658693552017212
1695488495.6236987,0.37290188670158386,-0.11446493864059448,-1.6547809839248657
1695488495.6679082,0.372197687625885,-0.11553280055522919,-1.6458641290664673
1695488495.7115893,0.37065306305885315,-0.11557546257972717,-1.6415516138076782
1695488495.7522445,0.3697042167186737,-0.11562690138816833,-1.6391373872756958
1695488495.7963557,0.3684096336364746,-0.11379704624414444,-1.64681875705719
1695488495.841233,0.36332452297210693,-0.11291287839412689,-1.6393533945083618
1695488495.885357,0.35761404037475586,-0.11179143190383911,-1.6297987699508667
1695488495.928931,0.3513677418231964,-0.11093811690807343,-1.6191407442092896
1695488495.9705298,0.3409101665019989,-0.10704847425222397,-1.599931001663208
1695488496.0150907,0.33761733770370483,-0.10553149878978729,-1.5915329456329346
1695488496.0579138,0.33622339367866516,-0.10422136634588242,-1.593964695930481
1695488496.1004694,0.33601242303848267,-0.10251789540052414,-1.6126097440719604
1695488496.1422215,0.3364316523075104,-0.10075566917657852,-1.6246572732925415
1695488496.1859264,0.3356987237930298,-0.09918023645877838,-1.6263415813446045
1695488496.2282681,0.33369824290275574,-0.09687981754541397,-1.6265026330947876
1695488496.270373,0.3214304745197296,-0.09070659428834915,-1.6209291219711304
1695488496.3124695,0.31230151653289795,-0.08683247119188309,-1.6134281158447266
1695488496.3535426,0.3023892045021057,-0.08223386853933334,-1.604966402053833
1695488496.3961368,0.29062044620513916,-0.07675807178020477,-1.5964196920394897
1695488496.4368253,0.27235251665115356,-0.0660078376531601,-1.586608648300171
1695488496.480387,0.267701119184494,-0.06002742797136307,-1.5943994522094727
1695488496.522224,0.26017147302627563,-0.05291588604450226,-1.5880496501922607
1695488496.5649714,0.25345271825790405,-0.04565556347370148,-1.581199288368225
1695488496.6072686,0.23660339415073395,-0.032215915620326996,-1.548003911972046
1695488496.6499531,0.23048794269561768,-0.027424082159996033,-1.527923822402954
1695488496.6911411,0.22816428542137146,-0.024084458127617836,-1.5215364694595337
1695488496.7363348,0.21194930374622345,-0.024090295657515526,-1.485660433769226
1695488496.7809627,0.20099985599517822,-0.028237411752343178,-1.4608566761016846
1695488496.8237348,0.18958337604999542,-0.03237216919660568,-1.4445096254348755
1695488496.8658917,0.1799258291721344,-0.03602604195475578,-1.425820231437683
1695488496.9087214,0.16372214257717133,-0.0364537313580513,-1.386926293373108
1695488496.9522219,0.15840119123458862,-0.039863526821136475,-1.3689255714416504
1695488496.9952357,0.15160667896270752,-0.043136510998010635,-1.3531858921051025
1695488497.03779,0.14545445144176483,-0.049242012202739716,-1.3244847059249878
1695488497.079117,0.14245641231536865,-0.05366964638233185,-1.3251584768295288
1695488497.1204047,0.13651195168495178,-0.04691203683614731,-1.2992528676986694
1695488497.1634855,0.13167612254619598,-0.037926238030195236,-1.2739864587783813
1695488497.2039666,0.12323248386383057,-0.013960577547550201,-1.227089762687683
1695488497.2479749,0.12166188657283783,-5.7291239500045776e-05,-1.2084171772003174
1695488497.2891824,0.11878353357315063,0.00992477498948574,-1.1952078342437744
1695488497.3312433,0.1249929815530777,-0.0027562016621232033,-1.1784440279006958
1695488497.370322,0.12859752774238586,-0.0377047136425972,-1.1702953577041626
1695488497.415224,0.13344058394432068,-0.04542485624551773,-1.169978380203247
1695488497.4552643,0.1266041398048401,-0.05333702638745308,-1.196906566619873
1695488497.498899,0.11672753095626831,-0.06102107837796211,-1.2242271900177002
1695488497.5281203,0.11553283780813217,-0.06463310867547989,-1.2162246704101562
1695488497.558664,0.10748843848705292,-0.07119401544332504,-1.2458480596542358
1695488497.5902505,0.10205219686031342,-0.08182267844676971,-1.2738804817199707
1695488497.6204844,0.09612800925970078,-0.09000728279352188,-1.2936604022979736
1695488497.6502473,0.08993153274059296,-0.09425808489322662,-1.3069512844085693
1695488497.682154,0.09434662759304047,-0.10363707691431046,-1.2930026054382324
1695488497.711713,0.09252320975065231,-0.10287187993526459,-1.2965720891952515
1695488497.743231,0.08340529352426529,-0.10056905448436737,-1.2954274415969849
1695488497.7763276,0.08026298135519028,-0.09806632995605469,-1.2870824337005615
1695488497.8072999,0.07655251026153564,-0.09347885102033615,-1.279634952545166
1695488497.8387415,0.0733947902917862,-0.08759195357561111,-1.272111415863037
1695488497.8692663,0.07280116528272629,-0.08288335055112839,-1.267824649810791
1695488497.8993378,0.07317794859409332,-0.07616613805294037,-1.2599025964736938
1695488497.9338894,0.07597189396619797,-0.07015446573495865,-1.2553833723068237
1695488497.9672065,0.07967142015695572,-0.0659138411283493,-1.2552580833435059
1695488498.001274,0.08463218808174133,-0.06479785591363907,-1.25788152217865
1695488498.0352235,0.09017813205718994,-0.06380893290042877,-1.2636827230453491
1695488498.0667217,0.09599599242210388,-0.061959296464920044,-1.268075704574585
1695488498.1013305,0.10287857055664062,-0.060741085559129715,-1.2740225791931152
1695488498.133923,0.1099458634853363,-0.057693298906087875,-1.2771198749542236
1695488498.1677294,0.11634272336959839,-0.054058805108070374,-1.283247947692871
1695488498.1993687,0.12177774310112,-0.05105249956250191,-1.2902395725250244
1695488498.2337751,0.1265501081943512,-0.04905567690730095,-1.3041355609893799
1695488498.269402,0.13099943101406097,-0.04683821648359299,-1.3165050745010376
1695488498.3014395,0.13500893115997314,-0.04470133036375046,-1.3269011974334717
1695488498.3362012,0.13873060047626495,-0.041072167456150055,-1.335385799407959
1695488498.3680701,0.14120058715343475,-0.035998791456222534,-1.3366494178771973
1695488498.4000995,0.14320379495620728,-0.030304959043860435,-1.3317512273788452
1695488498.4359524,0.14467574656009674,-0.02572556585073471,-1.327548623085022
1695488498.4690204,0.14605195820331573,-0.021846404299139977,-1.3254650831222534
1695488498.5030935,0.14780586957931519,-0.018517011776566505,-1.3221458196640015
1695488498.5357363,0.15067991614341736,-0.016521641984581947,-1.3167507648468018
1695488498.570295,0.15199142694473267,-0.013708630576729774,-1.3111729621887207
1695488498.6030078,0.15207158029079437,-0.010281657800078392,-1.3061189651489258
1695488498.636764,0.15134605765342712,-0.007814604789018631,-1.3034917116165161
1695488498.6713264,0.15153679251670837,-0.005852613598108292,-1.3023101091384888
1695488498.7021358,0.15118883550167084,-0.004368040710687637,-1.3017570972442627
1695488498.7371016,0.15016542375087738,-0.003394482657313347,-1.3001205921173096
1695488498.770647,0.15040278434753418,-0.0026178620755672455,-1.2974739074707031
1695488498.8027248,0.1514434665441513,-0.002482425421476364,-1.2966357469558716
1695488498.8358047,0.1513698846101761,-0.003019643947482109,-1.2993372678756714
1695488498.870365,0.1499362289905548,-0.004733715206384659,-1.3037035465240479
1695488498.9021697,0.14822886884212494,-0.007463514804840088,-1.308815598487854
1695488498.9362597,0.1459752917289734,-0.010646704584360123,-1.3131605386734009
1695488498.9693248,0.14011597633361816,-0.013637198135256767,-1.318213939666748
1695488499.004233,0.13266916573047638,-0.015731777995824814,-1.3212119340896606
1695488499.0383387,0.12430781126022339,-0.017609627917408943,-1.321637749671936
1695488499.0704288,0.11546596139669418,-0.020414702594280243,-1.3235137462615967
1695488499.1041203,0.10842569172382355,-0.022048551589250565,-1.3226752281188965
1695488499.1378577,0.10206963121891022,-0.02672015316784382,-1.3193495273590088
1695488499.1699378,0.09603355824947357,-0.03056439943611622,-1.314104676246643
1695488499.206542,0.08997315168380737,-0.03418274223804474,-1.316969394683838
1695488499.238104,0.08042291551828384,-0.03521591052412987,-1.3180055618286133
1695488499.271659,0.07038309425115585,-0.03683841973543167,-1.3329757452011108
1695488499.3042428,0.06035234034061432,-0.03691490739583969,-1.3427603244781494
1695488499.351041,0.047526754438877106,-0.03494397550821304,-1.3457564115524292
1695488499.3932216,0.03563506528735161,-0.03338780999183655,-1.3422935009002686
1695488499.4362824,0.027872605249285698,-0.03416025638580322,-1.3310526609420776
1695488499.482418,0.014071892015635967,-0.04478134959936142,-1.3250164985656738
1695488499.5250022,0.009432156570255756,-0.05351226404309273,-1.3230059146881104
1695488499.566273,0.005965868942439556,-0.06157974153757095,-1.31647527217865
1695488499.606834,0.0035501080565154552,-0.06729163229465485,-1.3093125820159912
1695488499.6509333,-0.0033581089228391647,-0.08060865104198456,-1.273133635520935
1695488499.6950016,-0.007427838630974293,-0.06875253468751907,-1.267188310623169
1695488499.7410595,-0.019109223037958145,-0.0556158572435379,-1.2599482536315918
1695488499.7832248,-0.04045118764042854,-0.04836995154619217,-1.2603920698165894
1695488499.825101,-0.051683805882930756,-0.05026226490736008,-1.2662322521209717
1695488499.8676627,-0.0602019838988781,-0.048686303198337555,-1.265632152557373
1695488499.9102197,-0.07009334862232208,-0.04189309850335121,-1.2571842670440674
1695488499.955263,-0.06985411047935486,-0.04457749426364899,-1.2569382190704346
1695488499.9983304,-0.06719549000263214,-0.051215000450611115,-1.264172911643982
1695488500.0399582,-0.07024970650672913,-0.05784319341182709,-1.283945083618164
1695488500.0836344,-0.08036164939403534,-0.06477992981672287,-1.3180826902389526
1695488500.1249144,-0.08617378026247025,-0.06747579574584961,-1.3366156816482544
1695488500.1682382,-0.08259079605340958,-0.07182220369577408,-1.337560772895813
1695488500.2108142,-0.07985185086727142,-0.07614143192768097,-1.3341649770736694
1695488500.2537289,-0.07829409837722778,-0.08264437317848206,-1.3316776752471924
1695488500.2969294,-0.0764215812087059,-0.0849088728427887,-1.3231136798858643
1695488500.3380187,-0.07789722084999084,-0.08589102327823639,-1.3325331211090088
1695488500.3821473,-0.07049884647130966,-0.09061577171087265,-1.3251382112503052
1695488500.4234142,-0.0656885877251625,-0.0921972319483757,-1.3150156736373901
1695488500.4666426,-0.06559852510690689,-0.09325312077999115,-1.3238519430160522
1695488500.5091872,-0.06529271602630615,-0.09422183781862259,-1.3362773656845093
1695488500.5513604,-0.06735065579414368,-0.09100229293107986,-1.3163793087005615
1695488500.5941648,-0.07385170459747314,-0.08863040059804916,-1.3155537843704224
1695488500.6350005,-0.07783761620521545,-0.0877620205283165,-1.320099115371704
1695488500.6795654,-0.07740995287895203,-0.08656042069196701,-1.301226258277893
1695488500.7242892,-0.07444433867931366,-0.08678848296403885,-1.2894036769866943
1695488500.7690527,-0.07268989086151123,-0.08453911542892456,-1.284932255744934
1695488500.8111646,-0.07191295921802521,-0.08195672929286957,-1.2818270921707153
1695488500.854191,-0.06735898554325104,-0.07728508859872818,-1.2786790132522583
1695488500.89631,-0.06449465453624725,-0.07210318744182587,-1.2726770639419556
1695488500.9359663,-0.047775574028491974,-0.07349106669425964,-1.2369122505187988
1695488500.9767265,-0.0344921350479126,-0.06810028851032257,-1.2153797149658203
1695488501.0197783,-0.036392081528902054,-0.05425573140382767,-1.2362655401229858
1695488501.0608354,-0.022858168929815292,-0.038088858127593994,-1.2061080932617188
1695488501.1234975,-0.01409502699971199,-0.030050452798604965,-1.1979647874832153
1695488501.1662955,-0.016252247616648674,-0.02354986034333706,-1.2169064283370972
1695488501.2079089,-0.02128387987613678,-0.021719571202993393,-1.2316595315933228
1695488501.2505445,-0.027241142466664314,-0.027298809960484505,-1.2541624307632446
1695488501.293134,-0.02655572071671486,-0.04171884432435036,-1.248145580291748
1695488501.3342896,-0.021141687408089638,-0.04875588417053223,-1.2388420104980469
1695488501.3777213,-0.01655571348965168,-0.05138217285275459,-1.2317968606948853
1695488501.4182785,-0.014366492629051208,-0.053943902254104614,-1.2109770774841309
1695488501.4633076,-0.008029070682823658,-0.05316022410988808,-1.1977074146270752
1695488501.504917,-0.004386291839182377,-0.05533091723918915,-1.1870700120925903
1695488501.5475366,-0.009602714329957962,-0.057344477623701096,-1.2020593881607056
1695488501.5901766,-0.00428624264895916,-0.06176065281033516,-1.191119909286499
1695488501.6323066,-0.012552318163216114,-0.05777139961719513,-1.2132073640823364
1695488501.675554,-0.01782962493598461,-0.058499813079833984,-1.2241328954696655
1695488501.7196126,-0.027213815599679947,-0.07597809284925461,-1.2490246295928955
1695488501.7601645,-0.03750430792570114,-0.09007494151592255,-1.266879916191101
1695488501.8022952,-0.047782473266124725,-0.0969201996922493,-1.2789608240127563
1695488501.845004,-0.04882983863353729,-0.10269732028245926,-1.268216609954834
1695488501.886083,-0.06246469169855118,-0.09864681959152222,-1.2752437591552734
1695488501.9306724,-0.06528731435537338,-0.09493116289377213,-1.2745730876922607
1695488501.9730024,-0.06752943247556686,-0.0900428518652916,-1.2625833749771118
1695488502.0159736,-0.06628160923719406,-0.08734522014856339,-1.2634814977645874
1695488502.0577962,-0.0659397542476654,-0.08254915475845337,-1.2450758218765259
1695488502.1003506,-0.05905286222696304,-0.08256936073303223,-1.229849934577942
1695488502.1429377,-0.05300465226173401,-0.0845627635717392,-1.2232788801193237
1695488502.1863043,-0.04785667732357979,-0.0913747027516365,-1.2200697660446167
1695488502.2284167,-0.04388243705034256,-0.09434117376804352,-1.2143988609313965
1695488502.2692382,-0.03190919756889343,-0.1015380248427391,-1.2054041624069214
1695488502.3129194,-0.020579539239406586,-0.10267391800880432,-1.186854362487793
1695488502.3541653,-0.017598967999219894,-0.0960889533162117,-1.193831443786621
1695488502.397694,-0.011496915481984615,-0.09371203184127808,-1.1752700805664062
1695488502.4393167,-0.018429912626743317,-0.08345601707696915,-1.1914079189300537
1695488502.4829135,-0.027410753071308136,-0.07814037054777145,-1.206473469734192
1695488502.5239427,-0.04142791032791138,-0.07576414197683334,-1.2267518043518066
1695488502.5671859,-0.05315563455224037,-0.0744200199842453,-1.2402743101119995
1695488502.6097217,-0.0615069642663002,-0.07262450456619263,-1.2464059591293335
1695488502.6531925,-0.05786954611539841,-0.07465498149394989,-1.2270783185958862
1695488502.696929,-0.06549856066703796,-0.07087072730064392,-1.237034559249878
1695488502.7390609,-0.057322464883327484,-0.07751327008008957,-1.229429006576538
1695488502.7828703,-0.048658717423677444,-0.08084189146757126,-1.2153246402740479
1695488502.8230393,-0.05053335055708885,-0.07467986643314362,-1.2305054664611816
1695488502.8680427,-0.0546560101211071,-0.07037798315286636,-1.2409440279006958
1695488502.9101381,-0.04694465920329094,-0.0763368085026741,-1.2280876636505127
1695488502.954922,-0.04800157621502876,-0.070186547935009,-1.229906678199768
1695488502.997314,-0.05095956474542618,-0.0670887678861618,-1.228264570236206
1695488503.0389068,-0.0442374050617218,-0.072245754301548,-1.2061281204223633
1695488503.0821936,-0.04566515237092972,-0.0688505470752716,-1.2067968845367432
1695488503.1234143,-0.05404525250196457,-0.06959645450115204,-1.2027860879898071
1695488503.1653323,-0.06070317327976227,-0.07006356120109558,-1.1999598741531372
1695488503.20594,-0.06600544601678848,-0.07141248881816864,-1.1956015825271606
1695488503.25118,-0.07100296765565872,-0.07298965007066727,-1.189517617225647
1695488503.294285,-0.08184301108121872,-0.07176294922828674,-1.1794155836105347
Time to target: 8.807682752609253 s
----
----
metaphor: pull
guidance_approach: two_tactor
intensity: linear
layout: horizontal
Target location: [ 0.21506408 -0.81996147]
Theta: 0.9995992994637537
1695488510.0409484,0.06343553960323334,-0.0559113547205925,-1.3055461645126343
1695488510.1083114,0.0734766274690628,-0.046328552067279816,-1.2904647588729858
1695488510.17612,0.07685650885105133,-0.04799293726682663,-1.3177355527877808
1695488510.243414,0.07305856049060822,-0.054520636796951294,-1.3515663146972656
1695488510.3162258,0.06689603626728058,-0.061109233647584915,-1.3597774505615234
1695488510.389426,0.06323190778493881,-0.07104861736297607,-1.3688174486160278
1695488510.453986,0.06758926808834076,-0.06337395310401917,-1.3394081592559814
1695488510.519121,0.07195248454809189,-0.04151657968759537,-1.2713031768798828
1695488510.5649185,0.07542231678962708,-0.0287824347615242,-1.2465206384658813
1695488510.608428,0.07818230241537094,-0.013835065066814423,-1.2120656967163086
1695488510.6529734,0.0843525230884552,-0.014201626181602478,-1.2260322570800781
1695488510.696919,0.08938206732273102,-0.02010749652981758,-1.2417185306549072
1695488510.7401664,0.09630219638347626,-0.01860687881708145,-1.2491132020950317
1695488510.7821963,0.10893947631120682,-0.026414429768919945,-1.232450008392334
1695488510.8234346,0.1151939257979393,-0.03218569606542587,-1.215968370437622
1695488510.8680415,0.11962687224149704,-0.030117923393845558,-1.1917003393173218
1695488510.909575,0.1222771629691124,-0.03248841315507889,-1.1717060804367065
1695488510.9521756,0.12474673986434937,-0.03941953927278519,-1.144713282585144
1695488510.9983094,0.12648507952690125,-0.05720820277929306,-1.1459461450576782
1695488511.0401204,0.13149459660053253,-0.08764518797397614,-1.173159122467041
1695488511.0862162,0.1482849270105362,-0.1627567708492279,-1.277052640914917
1695488511.129809,0.15822188556194305,-0.1832031011581421,-1.3391445875167847
1695488511.173414,0.162796288728714,-0.18814964592456818,-1.3819866180419922
1695488511.217058,0.16682827472686768,-0.1868453025817871,-1.4238659143447876
1695488511.257194,0.16883692145347595,-0.18689259886741638,-1.4335941076278687
1695488511.299415,0.16989697515964508,-0.18839648365974426,-1.4401870965957642
1695488511.3420558,0.16784515976905823,-0.1915304958820343,-1.4366071224212646
1695488511.385297,0.1618756204843521,-0.19646722078323364,-1.4328480958938599
1695488511.4279199,0.1569201499223709,-0.20057469606399536,-1.4289520978927612
1695488511.471064,0.1542794555425644,-0.2045895755290985,-1.4271373748779297
1695488511.515166,0.1513713300228119,-0.20755347609519958,-1.42780601978302
1695488511.5585465,0.14697209000587463,-0.2070787400007248,-1.4396215677261353
1695488511.6032968,0.1448305994272232,-0.2048359364271164,-1.443710446357727
1695488511.6486702,0.14189209043979645,-0.2029849737882614,-1.4457154273986816
1695488511.6905744,0.13628529012203217,-0.19936197996139526,-1.4597350358963013
1695488511.7366714,0.1327522248029709,-0.19788196682929993,-1.4682822227478027
1695488511.7809207,0.13036711513996124,-0.19780798256397247,-1.4759752750396729
1695488511.8252747,0.1254843920469284,-0.1997683346271515,-1.4844539165496826
1695488511.8676748,0.12325378507375717,-0.20190972089767456,-1.4858300685882568
1695488511.9110456,0.11907122284173965,-0.20416587591171265,-1.4843775033950806
1695488511.9555752,0.11498190462589264,-0.20677179098129272,-1.4844999313354492
1695488511.9993465,0.11462610214948654,-0.20852434635162354,-1.4845231771469116
1695488512.0411735,0.11484548449516296,-0.2084040641784668,-1.4871755838394165
1695488512.0841846,0.11562829464673996,-0.20811700820922852,-1.4897007942199707
1695488512.124922,0.11477063596248627,-0.21737052500247955,-1.4705989360809326
1695488512.1669812,0.11338973790407181,-0.22313326597213745,-1.4544211626052856
1695488512.2091637,0.11136046051979065,-0.22588741779327393,-1.446367621421814
1695488512.253195,0.10924427956342697,-0.2257378250360489,-1.446228265762329
1695488512.2959216,0.10941991209983826,-0.22259555757045746,-1.474107027053833
1695488512.3351638,0.1105557233095169,-0.21492114663124084,-1.5006072521209717
1695488512.377722,0.11157982796430588,-0.21001118421554565,-1.507480263710022
1695488512.4197965,0.11253956705331802,-0.20848947763442993,-1.5062086582183838
1695488512.4604034,0.11341287195682526,-0.20647025108337402,-1.5029876232147217
1695488512.5030103,0.11517781019210815,-0.2004234492778778,-1.515613079071045
1695488512.5449631,0.11614638566970825,-0.20183593034744263,-1.5098137855529785
1695488512.5883265,0.11756052821874619,-0.20626845955848694,-1.498744010925293
1695488512.6309192,0.11730441451072693,-0.2134609818458557,-1.4834920167922974
1695488512.6711674,0.11542221158742905,-0.22351475059986115,-1.4556524753570557
1695488512.7150245,0.11403905600309372,-0.24601738154888153,-1.3567012548446655
1695488512.7642124,0.11449315398931503,-0.22049318253993988,-1.1758226156234741
1695488512.8059187,0.10520560294389725,-0.17588412761688232,-1.120266318321228
1695488512.8496714,0.09693819284439087,-0.14518485963344574,-1.1019295454025269
1695488512.8908195,0.08632166683673859,-0.10689692944288254,-1.0850797891616821
1695488512.9334145,0.0838802233338356,-0.11296266317367554,-1.101852536201477
1695488512.9775467,0.08147408068180084,-0.11075475811958313,-1.1021515130996704
1695488513.018673,0.08223680406808853,-0.1200503334403038,-1.124372124671936
1695488513.061415,0.08307259529829025,-0.12669867277145386,-1.1629334688186646
1695488513.1041665,0.07849843800067902,-0.12374411523342133,-1.1225659847259521
1695488513.1655571,0.08228639513254166,-0.1366996169090271,-1.1270689964294434
1695488513.206185,0.08314526081085205,-0.13657739758491516,-1.1096248626708984
1695488513.248735,0.08703593909740448,-0.15098436176776886,-1.1244206428527832
1695488513.2914171,0.09318611770868301,-0.16844861209392548,-1.1611295938491821
1695488513.3350346,0.09574268013238907,-0.17267650365829468,-1.1840442419052124
1695488513.377179,0.09259633719921112,-0.15889877080917358,-1.1542967557907104
1695488513.4194055,0.09283562749624252,-0.1590728759765625,-1.164878249168396
1695488513.4630408,0.08864577859640121,-0.1459001749753952,-1.1160842180252075
1695488513.5042894,0.08579213172197342,-0.13274738192558289,-1.0804659128189087
1695488513.5477715,0.08364338427782059,-0.12173832952976227,-1.0535402297973633
1695488513.5863125,0.08151986449956894,-0.11243431270122528,-1.0315552949905396
1695488513.62992,0.07635833323001862,-0.09976828098297119,-0.9944098591804504
1695488513.6717298,0.07567387819290161,-0.09855388104915619,-0.988265872001648
1695488513.7152925,0.07949022948741913,-0.12497667223215103,-1.0239185094833374
1695488513.7549188,0.08114072680473328,-0.1280166208744049,-1.0269982814788818
1695488513.7973144,0.08267900347709656,-0.12106539309024811,-1.0214858055114746
1695488513.8383453,0.08268586546182632,-0.1146296039223671,-1.0150998830795288
1695488513.8795469,0.08150175213813782,-0.10807064920663834,-1.0072109699249268
1695488513.9144142,0.07996547967195511,-0.10180394351482391,-0.9953452348709106
1695488513.9433126,0.07904335111379623,-0.09661442041397095,-0.9835745692253113
1695488513.9749165,0.07919680327177048,-0.09512253105640411,-0.9778580665588379
1695488514.0056663,0.08219361305236816,-0.11317525804042816,-1.0073853731155396
1695488514.0377216,0.08217450976371765,-0.11373607069253922,-1.006995677947998
1695488514.067873,0.08461449295282364,-0.12804019451141357,-1.0355829000473022
1695488514.0970757,0.08567871153354645,-0.13552254438400269,-1.0585484504699707
1695488514.1266186,0.08355244994163513,-0.13068526983261108,-1.0564547777175903
1695488514.1576715,0.07981793582439423,-0.1244468241930008,-1.0457229614257812
1695488514.1902633,0.076081782579422,-0.11832967400550842,-1.0309081077575684
1695488514.22384,0.07341128587722778,-0.11345337331295013,-1.0176563262939453
1695488514.2579293,0.0705748200416565,-0.10896094143390656,-1.0035685300827026
1695488514.2902389,0.06879892945289612,-0.10552514344453812,-0.9911541938781738
1695488514.3243463,0.06778060644865036,-0.10378447920084,-0.9835659861564636
1695488514.358267,0.06916435062885284,-0.11609132587909698,-1.0030927658081055
1695488514.3923442,0.07147617638111115,-0.12765991687774658,-1.028459072113037
1695488514.4253979,0.07337337732315063,-0.13721132278442383,-1.0566065311431885
1695488514.4589272,0.07433179020881653,-0.14515405893325806,-1.0827367305755615
1695488514.4909933,0.07507165521383286,-0.15108910202980042,-1.1064207553863525
1695488514.5235503,0.07511964440345764,-0.15294413268566132,-1.120309591293335
1695488514.558299,0.07361181080341339,-0.15156100690364838,-1.123282551765442
1695488514.5914075,0.07021834701299667,-0.14568303525447845,-1.1059584617614746
1695488514.626122,0.06747748702764511,-0.1441759318113327,-1.0967237949371338
1695488514.659669,0.06569396704435349,-0.14612281322479248,-1.0959798097610474
1695488514.6942387,0.06477401405572891,-0.14750786125659943,-1.0904513597488403
1695488514.7292552,0.06388521194458008,-0.142096146941185,-1.069351077079773
1695488514.7582908,0.06256762146949768,-0.13487069308757782,-1.0419176816940308
1695488514.7924182,0.06102592870593071,-0.1270652413368225,-1.0153177976608276
1695488514.8252625,0.060130178928375244,-0.1188068687915802,-0.9938090443611145
1695488514.8607879,0.06008560582995415,-0.11114224791526794,-0.9763945937156677
1695488514.8923314,0.06015365198254585,-0.10363762825727463,-0.9617692828178406
1695488514.927259,0.060170963406562805,-0.09591683000326157,-0.9492896199226379
1695488514.9602926,0.06031429395079613,-0.08876204490661621,-0.9390414357185364
1695488514.993421,0.06073285639286041,-0.08404245972633362,-0.9323904514312744
1695488515.0270565,0.06127520650625229,-0.08482919633388519,-0.9337272644042969
1695488515.059601,0.061304107308387756,-0.08792448043823242,-0.9353023171424866
1695488515.1012092,0.06097479909658432,-0.09465748816728592,-0.9411652088165283
1695488515.131297,0.06036710366606712,-0.10209819674491882,-0.9487606883049011
1695488515.1604226,0.059349723160266876,-0.10896438360214233,-0.9543157815933228
1695488515.1932633,0.057743579149246216,-0.11251272261142731,-0.9566552042961121
1695488515.2263877,0.05556286871433258,-0.11286663264036179,-0.9552607536315918
1695488515.260467,0.05312391743063927,-0.11018712818622589,-0.9507130980491638
1695488515.2952697,0.050748877227306366,-0.10542164742946625,-0.9458379149436951
1695488515.329951,0.048646412789821625,-0.1000341847538948,-0.9401299357414246
1695488515.3600345,0.04699762538075447,-0.09542415291070938,-0.9354058504104614
1695488515.3954542,0.04605371505022049,-0.09214305877685547,-0.9317890405654907
1695488515.4280076,0.0463918074965477,-0.0948907807469368,-0.9385329484939575
1695488515.4611452,0.047453977167606354,-0.10470989346504211,-0.9561941027641296
1695488515.4953263,0.04862312972545624,-0.1173095554113388,-0.9821900725364685
1695488515.5288317,0.04979903623461723,-0.1273062825202942,-1.0074727535247803
1695488515.5609589,0.05020152032375336,-0.13806094229221344,-1.0387886762619019
1695488515.595314,0.05011916905641556,-0.14540056884288788,-1.0626654624938965
1695488515.6287775,0.04971642792224884,-0.14916419982910156,-1.0822902917861938
1695488515.6619205,0.049054861068725586,-0.14913451671600342,-1.0908452272415161
1695488515.695917,0.047616783529520035,-0.14581312239170074,-1.0872265100479126
1695488515.730968,0.045632246881723404,-0.1414729803800583,-1.0770928859710693
1695488515.7652206,0.0433293916285038,-0.13296620547771454,-1.0551949739456177
1695488515.7953658,0.04045867919921875,-0.12181121110916138,-1.0274227857589722
1695488515.8309429,0.03810618817806244,-0.11269162595272064,-1.0101855993270874
1695488515.865174,0.03648597374558449,-0.10677681863307953,-1.0042942762374878
1695488515.8992586,0.0355960838496685,-0.10396267473697662,-1.0053679943084717
1695488515.9287977,0.0349462665617466,-0.10585630685091019,-1.0136585235595703
1695488515.9642875,0.03614883869886398,-0.11319472640752792,-1.0256452560424805
1695488515.9989145,0.03785135596990585,-0.12126863747835159,-1.0387663841247559
1695488516.032221,0.0397767536342144,-0.13023409247398376,-1.054821252822876
1695488516.067327,0.041298914700746536,-0.13777092099189758,-1.067935585975647
1695488516.0987835,0.042315732687711716,-0.14094191789627075,-1.073032021522522
1695488516.143862,0.04295692965388298,-0.13619950413703918,-1.060549259185791
1695488516.1872363,0.041983164846897125,-0.12749502062797546,-1.0397374629974365
1695488516.2292984,0.041178569197654724,-0.11763715744018555,-1.0160388946533203
1695488516.271326,0.04053599759936333,-0.10505492985248566,-0.990741491317749
1695488516.317056,0.04135982692241669,-0.09571502357721329,-0.9784879088401794
1695488516.3591177,0.04306086152791977,-0.08791254460811615,-0.9689247012138367
1695488516.4007058,0.0443144366145134,-0.0791555643081665,-0.95452880859375
1695488516.4443393,0.045331988483667374,-0.06219794601202011,-0.9310860633850098
1695488516.4865174,0.04684014245867729,-0.057921357452869415,-0.9258232712745667
1695488516.5295455,0.04849252104759216,-0.0550941564142704,-0.9201061725616455
1695488516.5702035,0.05236309766769409,-0.054613031446933746,-0.9186344742774963
1695488516.6163297,0.0548245906829834,-0.05703900009393692,-0.9203213453292847
1695488516.6571314,0.05705583468079567,-0.05802296847105026,-0.9216774702072144
1695488516.6989117,0.05828821659088135,-0.057066887617111206,-0.9205764532089233
1695488516.7412696,0.05828975886106491,-0.05195262283086777,-0.9169817566871643
1695488516.7856085,0.05631045997142792,-0.05003979057073593,-0.9135797619819641
1695488516.8291922,0.054203227162361145,-0.05097346007823944,-0.9093858599662781
1695488516.869323,0.05279237776994705,-0.05276515334844589,-0.9094842672348022
1695488516.9122288,0.05220232158899307,-0.05494442954659462,-0.9095117449760437
1695488516.95549,0.051330167800188065,-0.05565601587295532,-0.9086018800735474
1695488517.0010903,0.050571661442518234,-0.06200101599097252,-0.9180194139480591
1695488517.0411758,0.04970601946115494,-0.0678233876824379,-0.9218109846115112
1695488517.0832295,0.05025484040379524,-0.0817977711558342,-0.9479435086250305
1695488517.1253877,0.052592597901821136,-0.0955173671245575,-0.9873183965682983
1695488517.1791346,0.05131358280777931,-0.10058681666851044,-1.00541353225708
1695488517.2211683,0.05019427835941315,-0.10020248591899872,-1.01445472240448
1695488517.2642365,0.04903567582368851,-0.09193725883960724,-1.0015498399734497
1695488517.3042765,0.044060803949832916,-0.08285657316446304,-0.979843020439148
1695488517.347371,0.04092273488640785,-0.07522939890623093,-0.9641536474227905
1695488517.3909662,0.03905068337917328,-0.0701039582490921,-0.9547020792961121
1695488517.4330223,0.03796108067035675,-0.06732712686061859,-0.9515501260757446
1695488517.4750512,0.03772673010826111,-0.06288628280162811,-0.9442665576934814
1695488517.517199,0.039609991014003754,-0.06135669723153114,-0.9464403390884399
1695488517.5580015,0.04086596891283989,-0.06116274371743202,-0.9481738805770874
1695488517.6001506,0.04157157987356186,-0.06173501908779144,-0.9481748342514038
1695488517.6412756,0.04284198209643364,-0.07758162170648575,-0.9826445579528809
1695488517.684389,0.041090890765190125,-0.08375153690576553,-0.9974690079689026
1695488517.7273495,0.038527216762304306,-0.08753730356693268,-1.0162689685821533
1695488517.7683632,0.036479126662015915,-0.08185568451881409,-1.0143353939056396
1695488517.8135,0.0371965691447258,-0.08739590644836426,-1.0541969537734985
1695488517.8542743,0.03875785320997238,-0.09142656624317169,-1.0769386291503906
1695488517.8964186,0.03983258083462715,-0.09435611218214035,-1.0923875570297241
1695488517.9382346,0.04006679356098175,-0.07723288238048553,-1.0699012279510498
1695488517.9816844,0.03862637281417847,-0.07532696425914764,-1.0372779369354248
1695488518.0222445,0.03968208283185959,-0.08039746433496475,-1.0444567203521729
1695488518.0653074,0.039736222475767136,-0.08379042893648148,-1.0515042543411255
1695488518.107366,0.0382717065513134,-0.07627422362565994,-1.0241491794586182
1695488518.151917,0.037008121609687805,-0.0666888952255249,-0.9975588917732239
1695488518.1935809,0.03650335595011711,-0.05939420685172081,-0.9770833253860474
1695488518.2363348,0.03725728392601013,-0.0541062131524086,-0.9599050879478455
1695488518.2780342,0.039110735058784485,-0.050090618431568146,-0.941000759601593
1695488518.3229818,0.04339724779129028,-0.05357386916875839,-0.9416993856430054
1695488518.366402,0.04729197546839714,-0.05691315233707428,-0.9421191215515137
1695488518.4072888,0.04998764768242836,-0.0597732774913311,-0.9427626729011536
1695488518.451459,0.056559912860393524,-0.09015434235334396,-0.9969316124916077
1695488518.4937751,0.05500800907611847,-0.1124870628118515,-1.0362359285354614
1695488518.5363944,0.05353875830769539,-0.12465240061283112,-1.0624940395355225
1695488518.579273,0.05231776461005211,-0.1279764473438263,-1.051003098487854
1695488518.619339,0.048147764056921005,-0.12177127599716187,-1.0316470861434937
1695488518.6621273,0.044287994503974915,-0.11373922228813171,-1.0118563175201416
1695488518.7022052,0.04112561419606209,-0.10509045422077179,-0.9924740791320801
1695488518.7452338,0.03659948334097862,-0.09155977517366409,-0.9650948643684387
1695488518.7868233,0.035374414175748825,-0.08312088251113892,-0.9540820121765137
1695488518.82941,0.03558718413114548,-0.0786607563495636,-0.9489925503730774
1695488518.8704674,0.03686349093914032,-0.07763602584600449,-0.9480317234992981
1695488518.9104435,0.03773795813322067,-0.0734345093369484,-0.9379895329475403
1695488518.9515045,0.038561105728149414,-0.07192331552505493,-0.9326885938644409
1695488518.9931324,0.040276531130075455,-0.08148336410522461,-0.9433045387268066
1695488519.0350564,0.04252251237630844,-0.0914066731929779,-0.9532390236854553
1695488519.0779922,0.04448194056749344,-0.09121046215295792,-0.9431816935539246
1695488519.119524,0.045156802982091904,-0.08662410080432892,-0.9231837391853333
1695488519.1852386,0.046299081295728683,-0.0853670984506607,-0.9177693128585815
1695488519.2259266,0.047290023416280746,-0.08910499513149261,-0.9185820817947388
1695488519.2662802,0.048223912715911865,-0.09179753065109253,-0.9184972643852234
1695488519.3085756,0.04866688326001167,-0.09152139723300934,-0.9138810634613037
1695488519.3510647,0.05141841992735863,-0.11183284968137741,-0.947806179523468
1695488519.3907607,0.05155283957719803,-0.12933175265789032,-0.9771027565002441
1695488519.4328456,0.051232337951660156,-0.13958798348903656,-0.9948475360870361
1695488519.474926,0.049949806183576584,-0.13989868760108948,-0.9905394911766052
1695488519.5160096,0.0470440536737442,-0.13781502842903137,-0.9773140549659729
1695488519.5573156,0.04472505673766136,-0.1337517648935318,-0.9714429974555969
1695488519.5983603,0.043882373720407486,-0.1326034665107727,-0.9703989028930664
1695488519.638934,0.04261572286486626,-0.1259990632534027,-0.9606026411056519
1695488519.6818664,0.040488164871931076,-0.11075146496295929,-0.9468519687652588
1695488519.7232215,0.04090219736099243,-0.09887274354696274,-0.9383299350738525
1695488519.7653074,0.04152839258313179,-0.09158208221197128,-0.9262223243713379
1695488519.8065164,0.04275273531675339,-0.08834533393383026,-0.9168485403060913
1695488519.8475444,0.04508528858423233,-0.08284499496221542,-0.8997659087181091
1695488519.8891044,0.04895194619894028,-0.08523749560117722,-0.9009661674499512
1695488519.9183562,0.051738206297159195,-0.0892210453748703,-0.9014965295791626
1695488519.9476802,0.05251237750053406,-0.09221053123474121,-0.8970163464546204
1695488519.9772494,0.05271061509847641,-0.09405983239412308,-0.8938483595848083
1695488520.010422,0.05281399190425873,-0.09460971504449844,-0.8913739919662476
1695488520.045478,0.052357565611600876,-0.09525676816701889,-0.8878687620162964
1695488520.0799994,0.05132199078798294,-0.0950993150472641,-0.884268045425415
1695488520.1101947,0.05004635080695152,-0.09368883073329926,-0.8809876441955566
1695488520.1427553,0.04888512194156647,-0.09166204184293747,-0.8774781823158264
1695488520.1838255,0.04806000739336014,-0.08954866230487823,-0.8736692070960999
1695488520.2139032,0.048200707882642746,-0.0860726535320282,-0.8694307208061218
1695488520.2469528,0.048283372074365616,-0.08185311406850815,-0.8646551966667175
1695488520.2779582,0.04895881563425064,-0.07698139548301697,-0.8601290583610535
1695488520.31009,0.05001988634467125,-0.07325989753007889,-0.8566280603408813
1695488520.3471754,0.05100591853260994,-0.0717630684375763,-0.8550702333450317
1695488520.3782196,0.0518881231546402,-0.07221733033657074,-0.8573439717292786
1695488520.4122205,0.05279738828539848,-0.074221171438694,-0.8611034154891968
1695488520.4462812,0.053648531436920166,-0.07667161524295807,-0.8645021915435791
1695488520.4794636,0.05518496036529541,-0.07864618301391602,-0.8707852363586426
1695488520.514221,0.05741081014275551,-0.08071863651275635,-0.8812730312347412
1695488520.5467765,0.059380948543548584,-0.0818214938044548,-0.8880577087402344
1695488520.5813582,0.06104081869125366,-0.0813848078250885,-0.8895320296287537
1695488520.613384,0.06215021386742592,-0.08057639002799988,-0.885413646697998
1695488520.6462626,0.06285285949707031,-0.07919776439666748,-0.8781520128250122
1695488520.679299,0.06353674083948135,-0.07629337161779404,-0.868206799030304
1695488520.7139041,0.06487183272838593,-0.07521285116672516,-0.8654239773750305
1695488520.7459528,0.06611866503953934,-0.07382960617542267,-0.8601546287536621
1695488520.7800055,0.06746320426464081,-0.0743349939584732,-0.8568990230560303
1695488520.8155768,0.06824816018342972,-0.07430052757263184,-0.8520796895027161
1695488520.8457816,0.07010429352521896,-0.07807036489248276,-0.8566403985023499
1695488520.8813355,0.07266394793987274,-0.08234196156263351,-0.8635492324829102
1695488520.9123752,0.0741540715098381,-0.08595914393663406,-0.8699564933776855
1695488520.9464462,0.07387661933898926,-0.08792132884263992,-0.870363712310791
1695488520.9815419,0.07376449555158615,-0.08846188336610794,-0.8688555955886841
1695488521.016111,0.07304152101278305,-0.08713555335998535,-0.8631359338760376
1695488521.0472388,0.07168959826231003,-0.0844474658370018,-0.8558847308158875
1695488521.0813262,0.07073760032653809,-0.08224539458751678,-0.8529510498046875
1695488521.1154287,0.06963076442480087,-0.0803268626332283,-0.8491485714912415
1695488521.1479976,0.06926656514406204,-0.08023228496313095,-0.8461254239082336
1695488521.1831472,0.06912530958652496,-0.0813097357749939,-0.8424142599105835
1695488521.2138839,0.06873680651187897,-0.08274658769369125,-0.8390549421310425
1695488521.2494261,0.07006988674402237,-0.08332329988479614,-0.8416156768798828
1695488521.2822747,0.07227394729852676,-0.08279190957546234,-0.8436267375946045
1695488521.3153083,0.07519984990358353,-0.08234447240829468,-0.8450595736503601
1695488521.3488698,0.07716251909732819,-0.08029064536094666,-0.8445234298706055
1695488521.383445,0.08013121783733368,-0.07947110384702682,-0.8450740575790405
1695488521.4170513,0.0840742215514183,-0.07933313399553299,-0.8463521599769592
1695488521.4491355,0.08802302926778793,-0.07992857694625854,-0.8506721258163452
1695488521.4826915,0.09045210480690002,-0.07980859279632568,-0.8480250835418701
1695488521.516262,0.09242113679647446,-0.07919910550117493,-0.8426578044891357
1695488521.5523384,0.09400598704814911,-0.07748193293809891,-0.8350000381469727
1695488521.5829172,0.0957275778055191,-0.07559660822153091,-0.8268402218818665
1695488521.618175,0.09782557189464569,-0.07389026880264282,-0.8210270404815674
1695488521.6512942,0.10094927996397018,-0.07272843271493912,-0.8165791630744934
1695488521.6830502,0.10354822874069214,-0.07005941867828369,-0.8118922114372253
1695488521.7332754,0.10566137731075287,-0.06647665053606033,-0.8069326877593994
1695488521.7788224,0.1070668026804924,-0.06501351296901703,-0.8025826215744019
1695488521.8213654,0.11286552995443344,-0.06375594437122345,-0.8022375106811523
1695488521.8644047,0.11495684087276459,-0.06455643475055695,-0.8042076826095581
1695488521.9061897,0.11533965915441513,-0.06564703583717346,-0.8025014996528625
1695488521.950411,0.1140931025147438,-0.0680861696600914,-0.7950200438499451
1695488521.9911141,0.1152988150715828,-0.06746377050876617,-0.7866456508636475
1695488522.0327995,0.11725172400474548,-0.0663316398859024,-0.7826777100563049
1695488522.0730345,0.11799071729183197,-0.06975017488002777,-0.7764110565185547
1695488522.1151505,0.11984904855489731,-0.07276883721351624,-0.7757036089897156
1695488522.157261,0.12392760813236237,-0.07470209151506424,-0.7716078162193298
1695488522.2013574,0.1249411553144455,-0.0753367692232132,-0.7694851160049438
1695488522.2434258,0.12303511053323746,-0.07456136494874954,-0.7716524600982666
1695488522.287009,0.12474816292524338,-0.07206548750400543,-0.7756723165512085
1695488522.3280935,0.12963008880615234,-0.07012840360403061,-0.7785519361495972
1695488522.373739,0.1350819617509842,-0.06133589148521423,-0.7797755599021912
1695488522.413911,0.13955147564411163,-0.056585222482681274,-0.7741045951843262
1695488522.455259,0.14443056285381317,-0.05937391519546509,-0.7696198225021362
1695488522.499489,0.15814009308815002,-0.06220058351755142,-0.7880064249038696
1695488522.5401468,0.16216325759887695,-0.06296223402023315,-0.7867270112037659
1695488522.5831525,0.16756680607795715,-0.06173032894730568,-0.7889423370361328
1695488522.629882,0.17311105132102966,-0.05321529135107994,-0.7939514517784119
1695488522.671946,0.17198562622070312,-0.04982864111661911,-0.7914374470710754
1695488522.716111,0.17231906950473785,-0.04573774337768555,-0.7955378890037537
1695488522.7579055,0.1751752644777298,-0.04196619242429733,-0.8099489808082581
1695488522.8011563,0.17668788135051727,-0.04038533195853233,-0.8180147409439087
1695488522.8442013,0.17451000213623047,-0.03706732764840126,-0.8165969848632812
1695488522.8873262,0.16989266872406006,-0.03851904347538948,-0.8006498217582703
1695488522.9301693,0.17055141925811768,-0.043642472475767136,-0.7843194007873535
1695488522.9713182,0.1730005294084549,-0.0429299995303154,-0.7807378172874451
1695488523.0134454,0.17624610662460327,-0.04094203561544418,-0.7799620628356934
1695488523.0536337,0.17888246476650238,-0.03830505535006523,-0.7799001336097717
1695488523.0973225,0.1882375329732895,-0.03733323514461517,-0.7952031493186951
1695488523.1393862,0.1965300291776657,-0.035595398396253586,-0.8186088800430298
Time to target: 13.143470048904419 s
----
----
