1699888760.5594993,0.2671440541744232,0.22270965576171875,-1.9923324584960938
1699888760.6410747,0.26744142174720764,0.23377305269241333,-2.007017135620117
1699888760.7571857,0.2648950219154358,0.2395017296075821,-2.0178864002227783
1699888760.827874,0.2620495855808258,0.2431548833847046,-2.011852741241455
1699888760.879623,0.25741812586784363,0.24577568471431732,-2.0035476684570312
1699888760.909245,0.25424546003341675,0.24417035281658173,-2.002772569656372
1699888760.9368784,0.25268498063087463,0.2432679980993271,-2.0052874088287354
1699888760.9659975,0.25206485390663147,0.2417779117822647,-2.0119571685791016
1699888760.9931195,0.2522503435611725,0.23962990939617157,-2.018479347229004
1699888761.0259264,0.25257745385169983,0.23740705847740173,-2.027204751968384
1699888761.069361,0.25259929895401,0.23600484430789948,-2.03481125831604
1699888761.0978835,0.2537456750869751,0.2358446717262268,-2.0413434505462646
1699888761.1293726,0.25895118713378906,0.23330038785934448,-2.0355939865112305
1699888761.1620173,0.2669298052787781,0.22902798652648926,-2.025282144546509
1699888761.1946297,0.27690261602401733,0.2237687110900879,-2.0134096145629883
1699888761.2432835,0.2727430760860443,0.23347195982933044,-2.03041410446167
1699888761.2748265,0.2689308524131775,0.24248622357845306,-2.0467987060546875
1699888761.3033662,0.2662765085697174,0.2493552565574646,-2.062668800354004
1699888761.3340218,0.26559755206108093,0.25375574827194214,-2.073798656463623
1699888761.362583,0.26742881536483765,0.25409799814224243,-2.077316999435425
1699888761.3951283,0.2697131633758545,0.25282418727874756,-2.083251714706421
1699888761.4307253,0.27597057819366455,0.24929319322109222,-2.077312469482422
1699888761.4622717,0.2770465612411499,0.24782784283161163,-2.0897233486175537
1699888761.496811,0.2768477201461792,0.2456924021244049,-2.0936028957366943
1699888761.5289907,0.27567777037620544,0.24407701194286346,-2.094083547592163
1699888761.56205,0.27529382705688477,0.243070587515831,-2.0873489379882812
1699888761.5945907,0.27569007873535156,0.24313519895076752,-2.08078932762146
1699888761.6301858,0.276517391204834,0.24339663982391357,-2.0738673210144043
1699888761.6637366,0.2775437533855438,0.24362656474113464,-2.0713295936584473
1699888761.69729,0.27874672412872314,0.2438039779663086,-2.07438588142395
1699888761.7298343,0.27964672446250916,0.2450488656759262,-2.080207586288452
1699888761.7633696,0.27879655361175537,0.2460031509399414,-2.085620641708374
1699888761.79792,0.2788957357406616,0.2465207725763321,-2.0908679962158203
1699888761.8305526,0.281179815530777,0.24719884991645813,-2.0860133171081543
1699888761.864108,0.28332048654556274,0.24553623795509338,-2.0801937580108643
1699888761.897661,0.28467410802841187,0.24438905715942383,-2.0782265663146973
1699888761.931211,0.2839711904525757,0.2442515790462494,-2.0833263397216797
1699888761.9627557,0.28206661343574524,0.243687704205513,-2.096283435821533
1699888761.9972947,0.281138151884079,0.2442164421081543,-2.0961718559265137
1699888762.031003,0.279826283454895,0.24313321709632874,-2.095397710800171
1699888762.0655656,0.27920618653297424,0.24235853552818298,-2.0922207832336426
1699888762.0971587,0.279375821352005,0.24059100449085236,-2.0905520915985107
1699888762.1327815,0.28014126420021057,0.2391238808631897,-2.0915963649749756
1699888762.1663487,0.2801342010498047,0.23934392631053925,-2.0942795276641846
1699888762.1988945,0.282208651304245,0.23681584000587463,-2.0825610160827637
1699888762.2304611,0.28057584166526794,0.2447458654642105,-2.082298517227173
1699888762.2650194,0.2826715111732483,0.24805565178394318,-2.0703577995300293
1699888762.297934,0.2819879651069641,0.25351205468177795,-2.082749843597412
1699888762.333441,0.28506603837013245,0.25461602210998535,-2.0799918174743652
1699888762.3649666,0.29162031412124634,0.2533722519874573,-2.0733845233917236
1699888762.400752,0.3006089925765991,0.25005778670310974,-2.0695488452911377
1699888762.433381,0.30902183055877686,0.24332758784294128,-2.055001735687256
1699888762.4669075,0.3173179626464844,0.23521211743354797,-2.037384033203125
1699888762.5009394,0.31117111444473267,0.2451966255903244,-2.0636188983917236
1699888762.5334995,0.3053257465362549,0.2536807656288147,-2.0874462127685547
1699888762.5652425,0.3017386198043823,0.26140594482421875,-2.1007001399993896
1699888762.599496,0.30182957649230957,0.26421043276786804,-2.1005136966705322
1699888762.6321177,0.29986679553985596,0.270180344581604,-2.1056971549987793
1699888762.6682422,0.29796651005744934,0.27536913752555847,-2.109335422515869
1699888762.7041206,0.29576876759529114,0.27891647815704346,-2.111873149871826
1699888762.7347636,0.29449814558029175,0.2800849676132202,-2.106926202774048
1699888762.7693825,0.29369300603866577,0.27963703870773315,-2.100334882736206
1699888762.8020158,0.29093319177627563,0.27907323837280273,-2.093390464782715
1699888762.835585,0.2886171042919159,0.27813050150871277,-2.0904500484466553
1699888762.8707473,0.287221759557724,0.2765178382396698,-2.0845861434936523
1699888762.9028668,0.2851894497871399,0.27577322721481323,-2.0806031227111816
1699888762.934992,0.2828543484210968,0.2750890552997589,-2.0834624767303467
1699888762.9693787,0.28134316205978394,0.27395907044410706,-2.0841054916381836
1699888763.0021174,0.2811380922794342,0.2728227972984314,-2.0859806537628174
1699888763.0366666,0.28161540627479553,0.27191394567489624,-2.0922555923461914
1699888763.0691915,0.2823755145072937,0.2697129547595978,-2.0987601280212402
1699888763.104117,0.28195568919181824,0.26777178049087524,-2.1083004474639893
1699888763.1367629,0.2817124128341675,0.2661606967449188,-2.1144447326660156
1699888763.1709573,0.28194305300712585,0.2642790675163269,-2.117269992828369
1699888763.2034833,0.2825334370136261,0.2625832259654999,-2.118652582168579
1699888763.236779,0.2837199568748474,0.26215457916259766,-2.1228580474853516
1699888763.2728581,0.28524792194366455,0.26105818152427673,-2.1292788982391357
1699888763.304985,0.28671902418136597,0.2589379549026489,-2.137802839279175
1699888763.3374043,0.2879166007041931,0.2595391273498535,-2.138485908508301
1699888763.3712068,0.2889828383922577,0.2615956664085388,-2.133786916732788
1699888763.4027276,0.2898905575275421,0.26425355672836304,-2.127095937728882
1699888763.438758,0.29030969738960266,0.266461580991745,-2.1197547912597656
1699888763.4713905,0.29007989168167114,0.26722514629364014,-2.114760160446167
1699888763.5063672,0.28932756185531616,0.2669529616832733,-2.1071083545684814
1699888763.540625,0.2891596257686615,0.26519113779067993,-2.1024856567382812
1699888763.572749,0.2879948318004608,0.26254454255104065,-2.093104839324951
1699888763.6044173,0.28825971484184265,0.2601713240146637,-2.086052894592285
1699888763.6381164,0.28826645016670227,0.25765007734298706,-2.0846898555755615
1699888763.6743784,0.28798708319664,0.25506848096847534,-2.088879346847534
1699888763.706902,0.2885148823261261,0.2537238597869873,-2.0793404579162598
1699888763.7391157,0.289916455745697,0.25258612632751465,-2.0651583671569824
1699888763.772375,0.29053109884262085,0.2517811059951782,-2.0522987842559814
1699888763.80542,0.29016175866127014,0.25084877014160156,-2.047518014907837
1699888763.840595,0.28918758034706116,0.24933761358261108,-2.052710771560669
1699888763.8731225,0.28832152485847473,0.24759802222251892,-2.0665736198425293
1699888763.9068131,0.2879636883735657,0.2469460666179657,-2.086393117904663
1699888763.940495,0.28789278864860535,0.2473844736814499,-2.1111109256744385
1699888763.9741387,0.28929609060287476,0.2494940310716629,-2.131885290145874
1699888764.0068727,0.29012009501457214,0.2533329129219055,-2.1437084674835205
1699888764.0404956,0.29168036580085754,0.2564592659473419,-2.1525182723999023
1699888764.0736227,0.2929646074771881,0.26059266924858093,-2.1602494716644287
1699888764.1063657,0.29407230019569397,0.2651292085647583,-2.165534019470215
1699888764.1394937,0.29516470432281494,0.26931554079055786,-2.16927433013916
1699888764.1750264,0.29589134454727173,0.2723715603351593,-2.171969413757324
1699888764.207741,0.29608041048049927,0.27414900064468384,-2.1724307537078857
1699888764.2421348,0.2964654862880707,0.2736426591873169,-2.1704041957855225
1699888764.2736788,0.29641374945640564,0.27264338731765747,-2.1645522117614746
1699888764.3097413,0.29661667346954346,0.27123725414276123,-2.156925678253174
1699888764.3428288,0.296271950006485,0.269849568605423,-2.1482367515563965
1699888764.3753893,0.29621127247810364,0.26822954416275024,-2.141564130783081
1699888764.4079623,0.2964795231819153,0.2663920521736145,-2.1211788654327393
1699888764.4430442,0.2970964312553406,0.2646856904029846,-2.1034202575683594
1699888764.4741988,0.2979315519332886,0.2622836232185364,-2.0836598873138428
1699888764.5088139,0.29828572273254395,0.2605278193950653,-2.0655698776245117
1699888764.5428746,0.2981485426425934,0.2589406967163086,-2.0532734394073486
1699888764.5754085,0.29733410477638245,0.2574411630630493,-2.049196481704712
1699888764.609071,0.2957208752632141,0.25572189688682556,-2.053252696990967
1699888764.6421266,0.29364827275276184,0.25332826375961304,-2.0643463134765625
1699888764.6746612,0.29161468148231506,0.2508217692375183,-2.0784592628479004
1699888764.7088358,0.2903067469596863,0.24848972260951996,-2.0959854125976562
1699888764.7433739,0.2892688810825348,0.24760235846042633,-2.102461338043213
1699888764.7769113,0.28876692056655884,0.24878446757793427,-2.099189043045044
1699888764.809011,0.28846779465675354,0.2502608895301819,-2.0918893814086914
1699888764.8450973,0.2888234853744507,0.25182080268859863,-2.0854721069335938
1699888764.8802657,0.28963690996170044,0.25295931100845337,-2.0795555114746094
1699888764.910808,0.29035624861717224,0.25409018993377686,-2.078507661819458
1699888764.9448774,0.2913460433483124,0.2563699781894684,-2.0755202770233154
1699888764.9772704,0.292227566242218,0.25863415002822876,-2.0735435485839844
1699888765.0103822,0.29216498136520386,0.2611735761165619,-2.0714516639709473
1699888765.0449047,0.2921638488769531,0.2620408535003662,-2.0722665786743164
1699888765.078229,0.29159092903137207,0.26235291361808777,-2.0795774459838867
1699888765.1122622,0.29183515906333923,0.2617265582084656,-2.0837244987487793
1699888765.143989,0.29213011264801025,0.2607486844062805,-2.091768503189087
1699888765.1792393,0.29201561212539673,0.259063720703125,-2.0972251892089844
1699888765.2111309,0.29322367906570435,0.2579307556152344,-2.1009697914123535
1699888765.2442663,0.2938537895679474,0.2570008337497711,-2.1044726371765137
1699888765.2797759,0.29457876086235046,0.255649209022522,-2.111037254333496
1699888765.3108459,0.2952257990837097,0.25597086548805237,-2.1122026443481445
1699888765.3469276,0.295956015586853,0.2555082142353058,-2.113715648651123
1699888765.3801298,0.29687440395355225,0.25532323122024536,-2.111515760421753
1699888765.4122384,0.29665979743003845,0.25527602434158325,-2.1105916500091553
1699888765.4458642,0.29717016220092773,0.25596410036087036,-2.1126232147216797
1699888765.48101,0.29806384444236755,0.2559190094470978,-2.118234395980835
1699888765.5131767,0.2984272241592407,0.2551640272140503,-2.129293918609619
1699888765.5472045,0.2986554503440857,0.2545623183250427,-2.139449119567871
1699888765.5798428,0.2994384169578552,0.2533755302429199,-2.1514339447021484
1699888765.6139936,0.3002035915851593,0.2520698308944702,-2.1649138927459717
1699888765.6495204,0.2999233603477478,0.25095486640930176,-2.1543807983398438
1699888785.0701094,-0.07555818557739258,0.4554622769355774,-1.9081165790557861
1699888785.14046,-0.0723259449005127,0.44708433747291565,-1.914581298828125
1699888785.1989934,-0.07505650818347931,0.5563898086547852,-2.1718204021453857
1699888785.263254,-0.07980475574731827,0.5538110136985779,-2.1771533489227295
1699888785.3219597,-0.07979593425989151,0.5497365593910217,-2.1750471591949463
1699888785.3851645,-0.07988734543323517,0.5480085015296936,-2.1711020469665527
1699888785.4519129,-0.08099471032619476,0.5462110638618469,-2.168031692504883
1699888785.4949276,-0.08099581301212311,0.545175313949585,-2.1693592071533203
1699888785.5374968,-0.08043903112411499,0.5456688404083252,-2.1718811988830566
1699888785.582099,-0.0796266570687294,0.5466428995132446,-2.1743428707122803
1699888785.625092,-0.08030981570482254,0.5479090809822083,-2.1742827892303467
1699888785.6701283,-0.08025716245174408,0.5477024912834167,-2.1755876541137695
1699888785.711964,-0.07612112164497375,0.5505495071411133,-2.1767961978912354
1699888785.7571084,-0.07038309425115585,0.5527173280715942,-2.1780452728271484
1699888785.7996438,-0.06905156373977661,0.5530930161476135,-2.1808550357818604
1699888785.843195,-0.06971366703510284,0.5520273447036743,-2.1824347972869873
1699888785.8873467,-0.0708489716053009,0.5494363903999329,-2.1825695037841797
1699888785.9329696,-0.07244949042797089,0.5486899018287659,-2.179227590560913
1699888785.9749084,-0.07232283055782318,0.5490021109580994,-2.1777706146240234
1699888786.017964,-0.07180625200271606,0.5493300557136536,-2.177427291870117
1699888786.0603797,-0.07361054420471191,0.5513134598731995,-2.1794703006744385
1699888786.1050503,-0.07429425418376923,0.5492720603942871,-2.181887626647949
1699888786.1471972,-0.07254107296466827,0.5478713512420654,-2.1833720207214355
1699888786.189302,-0.07473833858966827,0.5461181998252869,-2.178572177886963
1699888786.232832,-0.07815837860107422,0.5469605922698975,-2.1751623153686523
1699888786.273877,-0.07938534021377563,0.5477098822593689,-2.1736979484558105
1699888786.315909,-0.07844679057598114,0.5487421154975891,-2.1744701862335205
1699888786.3615987,-0.07032628357410431,0.5532817840576172,-2.1835215091705322
1699888786.4062092,-0.06761771440505981,0.5543208122253418,-2.181328535079956
1699888786.4480405,-0.06761150062084198,0.5544031858444214,-2.178328037261963
1699888786.4941437,-0.06651151925325394,0.5547426342964172,-2.176722764968872
1699888786.5378373,-0.06875213980674744,0.5536900758743286,-2.1735851764678955
1699888786.5807128,-0.07109677791595459,0.552177369594574,-2.171029806137085
1699888786.625319,-0.07282103598117828,0.5502541661262512,-2.167022705078125
1699888786.667359,-0.07226930558681488,0.5500166416168213,-2.1645874977111816
1699888786.7109213,-0.07084645330905914,0.5515556931495667,-2.16390061378479
1699888786.7534523,-0.07531245052814484,0.5517005920410156,-2.160292863845825
1699888786.7938385,-0.08469323068857193,0.5491681694984436,-2.151811122894287
1699888786.8375366,-0.09026253968477249,0.5483961701393127,-2.1488945484161377
1699888786.8797088,-0.0928114578127861,0.5482499599456787,-2.148428440093994
1699888786.9229593,-0.09122001379728317,0.5506764054298401,-2.15207576751709
1699888786.965376,-0.09002791345119476,0.5479552745819092,-2.157275676727295
1699888787.0099893,-0.08840002864599228,0.5470341444015503,-2.1588306427001953
1699888787.0526075,-0.08668383955955505,0.5446213483810425,-2.16184139251709
1699888787.0934463,-0.08321895450353622,0.5456457734107971,-2.1656954288482666
1699888787.1390908,-0.08100979775190353,0.5480850338935852,-2.166567802429199
1699888787.181233,-0.08003906905651093,0.5510294437408447,-2.1670234203338623
1699888787.2258387,-0.07921327650547028,0.5530182123184204,-2.16524600982666
1699888787.267956,-0.0790017694234848,0.5534282326698303,-2.163609027862549
1699888787.3110218,-0.07762183248996735,0.5535649061203003,-2.163118600845337
1699888787.3582108,-0.07254888117313385,0.5575727820396423,-2.1618638038635254
1699888787.3982787,-0.07072338461875916,0.557335376739502,-2.1629207134246826
1699888787.4433641,-0.07091528177261353,0.5561273097991943,-2.1629528999328613
1699888787.4750435,-0.07161156088113785,0.5523698925971985,-2.1656885147094727
1699888787.5063925,-0.07341457158327103,0.5496392846107483,-2.1657047271728516
1699888787.5369544,-0.0749439150094986,0.5479868650436401,-2.166116237640381
1699888787.5654047,-0.07687176018953323,0.5466743111610413,-2.164736032485962
1699888787.5959554,-0.08004011958837509,0.5452972650527954,-2.160601854324341
1699888787.625291,-0.0837121456861496,0.5443519949913025,-2.1547112464904785
1699888787.6539712,-0.08814512193202972,0.5440009236335754,-2.148109197616577
1699888787.687545,-0.09056489914655685,0.5433397889137268,-2.143735647201538
1699888787.7229857,-0.09138406068086624,0.5432219505310059,-2.1429028511047363
1699888787.7560108,-0.09011226892471313,0.5432819128036499,-2.144590377807617
1699888787.7896035,-0.08745451271533966,0.5442635416984558,-2.147059440612793
1699888787.821253,-0.08600281924009323,0.5457201600074768,-2.1490042209625244
1699888787.8572788,-0.08540503680706024,0.5463964939117432,-2.150996685028076
1699888787.890214,-0.08467604964971542,0.5466511845588684,-2.152600049972534
1699888787.9225297,-0.08313345164060593,0.5473529100418091,-2.1558566093444824
1699888787.9553883,-0.08268014341592789,0.546006977558136,-2.1604769229888916
1699888787.9900873,-0.08393032103776932,0.5452135801315308,-2.1637380123138428
1699888788.022989,-0.0851297378540039,0.5454885959625244,-2.165160655975342
1699888788.0570173,-0.08704376965761185,0.545834481716156,-2.163353204727173
1699888788.0891492,-0.08625080436468124,0.547119140625,-2.163170576095581
1699888788.123289,-0.08406315743923187,0.5469836592674255,-2.166706085205078
1699888788.1573422,-0.08273038268089294,0.5478159189224243,-2.1674325466156006
1699888788.1913278,-0.08318895101547241,0.5489644408226013,-2.166290283203125
1699888788.224912,-0.08361726999282837,0.5498325228691101,-2.1646132469177246
1699888788.2559905,-0.08200222998857498,0.5523184537887573,-2.162160873413086
1699888788.2909207,-0.0798620730638504,0.5529358983039856,-2.159630537033081
1699888788.3255894,-0.07914994657039642,0.5498343110084534,-2.1579177379608154
1699888788.3582044,-0.07922205328941345,0.5464046597480774,-2.155857563018799
1699888788.3924618,-0.08058743178844452,0.5423570275306702,-2.15551495552063
1699888788.4249825,-0.08217893540859222,0.5399869084358215,-2.154844045639038
1699888788.4573302,-0.08330953121185303,0.5390230417251587,-2.153134822845459
1699888788.4925845,-0.08271881937980652,0.5398370623588562,-2.1534132957458496
1699888788.5253258,-0.08237743377685547,0.5415445566177368,-2.1528677940368652
1699888788.5599215,-0.08374444395303726,0.5417494773864746,-2.153622627258301
1699888788.5922883,-0.08425937592983246,0.5427235960960388,-2.1546082496643066
1699888788.624825,-0.08382615447044373,0.5443574786186218,-2.1559622287750244
1699888788.657397,-0.08331730961799622,0.5433245897293091,-2.1564149856567383
1699888788.6921477,-0.08133761584758759,0.5440917611122131,-2.158710241317749
1699888788.726204,-0.08032041788101196,0.5443651080131531,-2.1578688621520996
1699888788.761343,-0.08089892566204071,0.5447669625282288,-2.1552727222442627
1699888788.7924614,-0.0828549861907959,0.5447997450828552,-2.1518731117248535
1699888788.8252964,-0.08642931282520294,0.5455443859100342,-2.1489107608795166
1699888788.8588655,-0.08760091662406921,0.5462238192558289,-2.148778200149536
1699888788.8923948,-0.08767399191856384,0.5445998907089233,-2.1514127254486084
1699888788.9269416,-0.08899659663438797,0.5438446998596191,-2.151620626449585
1699888788.9594054,-0.09058552980422974,0.5431951880455017,-2.1510982513427734
1699888788.9919639,-0.09162139892578125,0.5433793663978577,-2.151257276535034
1699888789.026065,-0.0905311331152916,0.5439947843551636,-2.153043031692505
1699888789.0604224,-0.08866851776838303,0.5447058081626892,-2.1541430950164795
1699888789.095017,-0.08667217195034027,0.5455693602561951,-2.154615879058838
1699888789.125924,-0.0839269757270813,0.5486238598823547,-2.1542201042175293
1699888789.1600573,-0.0811004638671875,0.5505492091178894,-2.1565606594085693
1699888789.1957107,-0.07868285477161407,0.5497074127197266,-2.159684419631958
1699888789.2292373,-0.07782858610153198,0.5497840046882629,-2.162229537963867
1699888789.2623305,-0.07803868502378464,0.5493190288543701,-2.1625587940216064
1699888789.2968478,-0.07966481149196625,0.5463826656341553,-2.163320779800415
1699888789.329975,-0.07988011091947556,0.5430988073348999,-2.166130781173706
1699888789.3630958,-0.07897311449050903,0.5422194004058838,-2.1678035259246826
1699888789.3951461,-0.0782134011387825,0.542823851108551,-2.1682417392730713
1699888789.4289072,-0.07759832590818405,0.5437889099121094,-2.1680173873901367
1699888789.4644606,-0.07607919722795486,0.5458096265792847,-2.167703866958618
1699888789.4962027,-0.07422822713851929,0.5476865768432617,-2.1668505668640137
1699888789.5308337,-0.07237829267978668,0.5492608547210693,-2.164928436279297
1699888789.5652885,-0.07122576236724854,0.5505779981613159,-2.1635711193084717
1699888789.597328,-0.07118257880210876,0.5519202351570129,-2.1635982990264893
1699888789.630973,-0.07242174446582794,0.5516299605369568,-2.1627559661865234
1699888789.6640546,-0.07245510816574097,0.5536887645721436,-2.162079095840454
1699888789.6972024,-0.07347442209720612,0.5541696548461914,-2.1601529121398926
1699888789.7298157,-0.0738704577088356,0.5563300251960754,-2.158820867538452
1699888789.7662024,-0.07327240705490112,0.559413731098175,-2.15994930267334
1699888789.7997398,-0.07473203539848328,0.5599096417427063,-2.159620761871338
1699888789.8319626,-0.07699796557426453,0.5585342049598694,-2.1598169803619385
1699888789.8663282,-0.07926297932863235,0.5557186603546143,-2.1600112915039062
1699888789.9007075,-0.08255869895219803,0.5523943305015564,-2.1586625576019287
1699888789.9338303,-0.08543923497200012,0.549132764339447,-2.157011032104492
1699888789.9668593,-0.08796840906143188,0.5469222664833069,-2.155369281768799
1699888789.999037,-0.09062391519546509,0.5455940365791321,-2.154750347137451
1699888790.0352151,-0.0925779789686203,0.5455355644226074,-2.155034065246582
1699888790.0672429,-0.09293270111083984,0.5453673005104065,-2.155484914779663
1699888790.0988424,-0.09240648150444031,0.5452362895011902,-2.1545138359069824
1699888790.1318076,-0.09089873731136322,0.5458215475082397,-2.1542248725891113
1699888790.1648414,-0.08874495327472687,0.5465936660766602,-2.154548406600952
1699888790.1989791,-0.08657461404800415,0.5449821949005127,-2.156662702560425
1699888795.7104251,-0.2998669147491455,0.22899319231510162,-2.3916609287261963
1699888795.7819953,-0.30325400829315186,0.22694991528987885,-2.405531883239746
1699888795.8479328,-0.2546694874763489,0.2036016881465912,-2.0525407791137695
1699888795.9093196,-0.24769137799739838,0.20666936039924622,-2.0614676475524902
1699888795.9661934,-0.2500437796115875,0.2016608715057373,-2.0360310077667236
1699888796.034364,-0.24566598236560822,0.20221267640590668,-2.0209505558013916
1699888796.0824037,-0.2458937168121338,0.1946081817150116,-1.9863815307617188
1699888796.12596,-0.23607157170772552,0.19862736761569977,-1.949411153793335
1699888796.173698,-0.2260591983795166,0.200667604804039,-1.9310745000839233
1699888796.2192953,-0.22191892564296722,0.2051769196987152,-1.936744213104248
1699888796.2628837,-0.22050169110298157,0.20554913580417633,-1.9487855434417725
1699888796.308843,-0.2250189632177353,0.20616984367370605,-1.9638962745666504
1699888796.3518925,-0.2262311428785324,0.20829442143440247,-1.9718719720840454
1699888796.394868,-0.22121676802635193,0.21143494546413422,-1.9756797552108765
1699888796.4379146,-0.21842002868652344,0.2115396112203598,-1.977552890777588
1699888796.4856284,-0.22137482464313507,0.21062101423740387,-1.9825109243392944
1699888796.5724156,-0.21953505277633667,0.20839069783687592,-1.988702654838562
1699888796.614538,-0.22068355977535248,0.2059369534254074,-1.9904323816299438
1699888796.6573753,-0.22489216923713684,0.20213785767555237,-2.017631769180298
1699888796.7021134,-0.22702547907829285,0.2023075371980667,-2.0335774421691895
1699888796.742707,-0.2301466017961502,0.20464551448822021,-2.0463757514953613
1699888796.7863169,-0.23081795871257782,0.20671004056930542,-2.055050849914551
1699888796.8279421,-0.23312655091285706,0.2077617049217224,-2.0668861865997314
1699888796.8744638,-0.2347208857536316,0.20681288838386536,-2.0686514377593994
1699888796.9144943,-0.23828564584255219,0.20573292672634125,-2.070272922515869
1699888796.958192,-0.24011360108852386,0.20319731533527374,-2.0720787048339844
1699888797.001449,-0.238607257604599,0.20178993046283722,-2.0667338371276855
1699888797.0436282,-0.2367793470621109,0.20147138833999634,-2.06105375289917
1699888797.0852637,-0.23499161005020142,0.20123028755187988,-2.0550198554992676
1699888797.127293,-0.22743943333625793,0.20435327291488647,-2.045714855194092
1699888797.1701903,-0.22385194897651672,0.2074713259935379,-2.041686773300171
1699888797.2099638,-0.22546562552452087,0.21088752150535583,-2.0431606769561768
1699888797.2551236,-0.22848078608512878,0.2131049931049347,-2.0472841262817383
1699888797.295033,-0.22982223331928253,0.21567629277706146,-2.053032636642456
1699888797.3399134,-0.2305094599723816,0.21497195959091187,-2.058682918548584
1699888797.3820026,-0.23408854007720947,0.21221297979354858,-2.063969850540161
1699888797.4253254,-0.23692083358764648,0.2086343616247177,-2.067631483078003
1699888797.4703083,-0.2375449240207672,0.20560243725776672,-2.0662827491760254
1699888797.5119138,-0.2376595437526703,0.20363849401474,-2.064255714416504
1699888797.5549083,-0.23792073130607605,0.20186825096607208,-2.0604209899902344
1699888797.5961912,-0.23700901865959167,0.20041997730731964,-2.0536022186279297
1699888797.639947,-0.23584499955177307,0.20008864998817444,-2.0488646030426025
1699888797.6832151,-0.2321280986070633,0.1998882293701172,-2.0423810482025146
1699888797.7324495,-0.23405671119689941,0.19866089522838593,-2.0369644165039062
1699888797.7750452,-0.23362186551094055,0.1990048736333847,-2.0306131839752197
1699888797.8149202,-0.23821739852428436,0.19887025654315948,-2.032677412033081
1699888797.8553739,-0.2401074916124344,0.19813349843025208,-2.0345358848571777
1699888797.8974006,-0.244052916765213,0.19721467792987823,-2.0286357402801514
1699888797.94089,-0.24708247184753418,0.1975998729467392,-2.024592399597168
1699888797.981428,-0.2483295202255249,0.19982236623764038,-2.0200343132019043
1699888798.0219805,-0.24849466979503632,0.202353373169899,-2.014965057373047
1699888798.059202,-0.24827340245246887,0.20579519867897034,-2.0115816593170166
1699888798.0891776,-0.24811145663261414,0.20865382254123688,-2.0116817951202393
1699888798.118866,-0.24815486371517181,0.2109318971633911,-2.0144505500793457
1699888798.1500552,-0.25031304359436035,0.21115806698799133,-2.025169849395752
1699888798.1815856,-0.2554512619972229,0.2101888358592987,-2.03981876373291
1699888798.2121384,-0.26187628507614136,0.20827136933803558,-2.055482864379883
1699888798.2416825,-0.26496660709381104,0.20781277120113373,-2.0671420097351074
1699888798.2839396,-0.26808544993400574,0.20606932044029236,-2.0775420665740967
1699888798.3227735,-0.271664559841156,0.2042066901922226,-2.0848782062530518
1699888798.3565512,-0.2738865613937378,0.20181162655353546,-2.09004807472229
1699888798.3906102,-0.27534952759742737,0.20073190331459045,-2.091815233230591
1699888798.4211464,-0.275785893201828,0.19997455179691315,-2.0901458263397217
1699888798.4501755,-0.27342116832733154,0.2000870406627655,-2.0842106342315674
1699888798.480705,-0.2689219117164612,0.20092400908470154,-2.075361728668213
1699888798.5132306,-0.2620594799518585,0.2025202363729477,-2.064358711242676
1699888798.5437508,-0.2564617693424225,0.2042076587677002,-2.0571024417877197
1699888798.572806,-0.25292566418647766,0.20542572438716888,-2.053433418273926
1699888798.6023319,-0.24957841634750366,0.205177441239357,-2.049558162689209
1699888798.632905,-0.24705050885677338,0.20431047677993774,-2.0444047451019287
1699888798.6650593,-0.24310000240802765,0.203179731965065,-2.0368709564208984
1699888798.6955514,-0.24031418561935425,0.20288459956645966,-2.028007745742798
1699888798.7271087,-0.2385271191596985,0.20284563302993774,-2.018873929977417
1699888798.7619534,-0.23673966526985168,0.20258499681949615,-2.0113797187805176
1699888798.7934868,-0.23654621839523315,0.2025475949048996,-2.0092954635620117
1699888798.8280568,-0.23690369725227356,0.20244115591049194,-2.010283946990967
1699888798.8606353,-0.23868316411972046,0.2029167264699936,-2.0103304386138916
1699888798.8941722,-0.239276722073555,0.2022884339094162,-2.008711814880371
1699888798.9277172,-0.24022555351257324,0.20298942923545837,-2.0058541297912598
1699888798.960299,-0.2422126829624176,0.2037362903356552,-2.003495454788208
1699888798.9958768,-0.2430032193660736,0.20453092455863953,-2.0010766983032227
1699888799.0274487,-0.24329587817192078,0.2057141661643982,-1.9981510639190674
1699888799.062013,-0.24364028871059418,0.2067023366689682,-1.9954884052276611
1699888799.0945683,-0.2426750510931015,0.2059112936258316,-1.9933912754058838
1699888799.1281388,-0.24276936054229736,0.20535415410995483,-1.9923361539840698
1699888799.1627123,-0.24271613359451294,0.20403237640857697,-1.9925198554992676
1699888799.195266,-0.24296773970127106,0.2030729055404663,-1.9934566020965576
1699888799.2313058,-0.24422061443328857,0.2021579146385193,-1.995285153388977
1699888799.2631438,-0.24536940455436707,0.20046275854110718,-1.9968812465667725
1699888799.2946968,-0.24625295400619507,0.19706164300441742,-1.998897671699524
1699888799.3292856,-0.24657508730888367,0.19392813742160797,-2.0000057220458984
1699888799.3628833,-0.24816960096359253,0.1919577568769455,-2.0013155937194824
1699888799.395408,-0.24827004969120026,0.1891682893037796,-2.000344753265381
1699888799.4304943,-0.2475365698337555,0.18657571077346802,-1.9994226694107056
1699888799.462527,-0.24474279582500458,0.1852545440196991,-1.9960417747497559
1699888799.4950972,-0.24440455436706543,0.18533523380756378,-1.9957194328308105
1699888799.5311563,-0.24474363029003143,0.1858605593442917,-1.999647617340088
1699888799.5641916,-0.2440514713525772,0.18696229159832,-2.003838539123535
1699888799.596733,-0.24186083674430847,0.19085370004177094,-2.0045316219329834
1699888799.6313643,-0.23541486263275146,0.19382716715335846,-1.9999809265136719
1699888799.663429,-0.22772230207920074,0.19590076804161072,-1.9935792684555054
1699888799.6960075,-0.2217150777578354,0.19921216368675232,-1.9879324436187744
1699888799.7300875,-0.21856462955474854,0.20259112119674683,-1.9856181144714355
1699888799.7631292,-0.21774181723594666,0.2048141360282898,-1.986470103263855
1699888799.8012226,-0.21566207706928253,0.2064395546913147,-1.9884283542633057
1699888799.8318012,-0.21512988209724426,0.20773528516292572,-1.9903738498687744
1699888799.87739,-0.21734312176704407,0.20863263309001923,-1.9924737215042114
1699888799.9209447,-0.22002878785133362,0.20778639614582062,-1.9931952953338623
1699888799.9615037,-0.22291262447834015,0.20666207373142242,-1.9934158325195312
1699888800.004562,-0.2258908748626709,0.20702247321605682,-1.9931834936141968
1699888800.0476878,-0.22702108323574066,0.20777259767055511,-1.9928172826766968
1699888800.0923128,-0.22581838071346283,0.20717890560626984,-1.9921127557754517
1699888800.1345224,-0.22228626906871796,0.20609739422798157,-1.9888397455215454
1699888800.1791065,-0.21924857795238495,0.20497500896453857,-1.9861782789230347
1699888800.2206883,-0.2216578722000122,0.20407941937446594,-1.9880563020706177
1699888800.262275,-0.22325041890144348,0.20225420594215393,-1.9905478954315186
1699888800.3073354,-0.22828136384487152,0.1956816166639328,-1.992199182510376
1699888800.3509026,-0.23179900646209717,0.19262230396270752,-1.9933176040649414
1699888800.3949594,-0.23143349587917328,0.19175085425376892,-1.9938119649887085
1699888800.4395242,-0.2264086753129959,0.19435158371925354,-1.9906775951385498
1699888800.480611,-0.22017377614974976,0.19669774174690247,-1.9881521463394165
1699888800.5256424,-0.21745556592941284,0.19782781600952148,-1.9873337745666504
1699888800.567743,-0.2189793735742569,0.1990956962108612,-1.9889991283416748
1699888800.6103475,-0.22111447155475616,0.20298662781715393,-1.9928765296936035
1699888800.6539218,-0.22635608911514282,0.20341026782989502,-1.9957935810089111
1699888800.6994848,-0.22766853868961334,0.20208318531513214,-1.9951590299606323
1699888800.7405682,-0.2275262027978897,0.20112475752830505,-1.9918999671936035
1699888800.7801142,-0.22623546421527863,0.20033665001392365,-1.9873358011245728
1699888800.8241825,-0.22463703155517578,0.19859103858470917,-1.9826871156692505
1699888800.8693368,-0.2247273176908493,0.19716426730155945,-1.9792852401733398
1699888807.5844333,-0.010811254382133484,-0.06639506667852402,-2.1089189052581787
1699888807.6538782,0.00038315169513225555,-0.06273959577083588,-2.0938892364501953
1699888807.7152019,0.058567143976688385,-0.14537541568279266,-2.3073570728302
1699888807.7768407,0.07203446328639984,-0.14356248080730438,-2.366206645965576
1699888807.8369508,0.07948694378137589,-0.13672508299350739,-2.400505781173706
1699888807.8800557,0.07283525913953781,-0.14348050951957703,-2.3803515434265137
1699888807.9231315,0.0683489590883255,-0.15056250989437103,-2.3609182834625244
1699888807.96494,0.06604413688182831,-0.15461532771587372,-2.341454029083252
1699888808.009005,0.06736490875482559,-0.15879559516906738,-2.320897102355957
1699888808.0541203,0.06724831461906433,-0.15976382791996002,-2.305238962173462
1699888808.098349,0.07701629400253296,-0.15117602050304413,-2.3134114742279053
1699888808.140014,0.08349277824163437,-0.14268438518047333,-2.328852891921997
1699888808.1835797,0.08571422845125198,-0.13631954789161682,-2.3388028144836426
1699888808.2276478,0.08757265657186508,-0.13149243593215942,-2.3495218753814697
1699888808.2717643,0.08832934498786926,-0.13030892610549927,-2.3499693870544434
1699888808.3138444,0.08194632828235626,-0.1467123180627823,-2.308687925338745
1699888808.3564975,0.07738626003265381,-0.16224874556064606,-2.2575411796569824
1699888808.3990285,0.10636824369430542,-0.1715804487466812,-2.0551044940948486
1699888808.4441047,0.07439404726028442,-0.1134667843580246,-1.977713942527771
1699888808.4877043,0.03970392793416977,-0.05963491275906563,-1.9594385623931885
1699888808.532287,0.011923074722290039,0.004002961330115795,-1.9556596279144287
1699888808.5768807,0.0175766721367836,0.0048116836696863174,-1.9642152786254883
1699888808.621515,0.02193060703575611,0.0015360377728939056,-1.9741759300231934
1699888808.6631422,0.026528215035796165,-0.0033310772851109505,-1.972555160522461
1699888808.707414,0.03444691747426987,-0.014117356389760971,-1.981296420097351
1699888808.7545555,0.04193566367030144,-0.02790442481637001,-1.985176920890808
1699888808.7956262,0.04140017181634903,-0.03926633298397064,-1.9924110174179077
1699888808.840221,0.04409797489643097,-0.05880509689450264,-2.0290729999542236
1699888808.8824532,0.04618179053068161,-0.06356396526098251,-2.043290138244629
1699888808.9235308,0.04765881225466728,-0.06463311612606049,-2.0536863803863525
1699888808.96715,0.055960215628147125,-0.06150471419095993,-2.061974048614502
1699888809.0117886,0.059603676199913025,-0.053969159722328186,-2.0554580688476562
1699888809.0564272,0.05989842116832733,-0.04847260192036629,-2.0531578063964844
1699888809.0975344,0.056872859597206116,-0.04450862854719162,-2.0524940490722656
1699888809.1421366,0.04747933894395828,-0.036172475665807724,-2.0490729808807373
1699888809.187748,0.04218089580535889,-0.03325295448303223,-2.0501668453216553
1699888809.2278008,0.036064088344573975,-0.03382444381713867,-2.050245761871338
1699888809.2709615,0.025411754846572876,-0.03591753542423248,-2.0575454235076904
1699888809.3130224,0.023471273481845856,-0.04197404533624649,-2.0740113258361816
1699888809.354697,0.025132179260253906,-0.050161466002464294,-2.0926170349121094
1699888809.3957353,0.030318349599838257,-0.04948388412594795,-2.0790326595306396
1699888809.440395,0.0353001244366169,-0.04947856068611145,-2.0569608211517334
1699888809.4819994,0.040795400738716125,-0.04958774149417877,-2.0509932041168213
1699888809.5261042,0.04201339930295944,-0.053470611572265625,-2.051093101501465
1699888809.5752335,0.03841262310743332,-0.0765608623623848,-2.1085972785949707
1699888809.6193283,0.03844061493873596,-0.06858602911233902,-2.0950546264648438
1699888809.653436,0.03617851436138153,-0.06193329021334648,-2.0812466144561768
1699888809.6825075,0.03498620539903641,-0.057174645364284515,-2.0688416957855225
1699888809.7110944,0.034770481288433075,-0.05371149629354477,-2.0536093711853027
1699888809.740681,0.03582960367202759,-0.05066825821995735,-2.041677236557007
1699888809.7717817,0.03631763160228729,-0.04847995191812515,-2.0351572036743164
1699888809.8013458,0.03566862642765045,-0.047284532338380814,-2.0357511043548584
1699888809.833881,0.035272177308797836,-0.04506184160709381,-2.032794237136841
1699888809.8672647,0.03506353497505188,-0.04386172071099281,-2.0295045375823975
1699888809.8978481,0.03307089954614639,-0.04493095725774765,-2.0253207683563232
1699888809.932908,0.03175341337919235,-0.04714397341012955,-2.022400379180908
1699888809.9660044,0.031902771443128586,-0.04790058359503746,-2.018155574798584
1699888810.0000863,0.03507956862449646,-0.0472588986158371,-2.015939235687256
1699888810.0326185,0.03613203018903732,-0.04778428375720978,-2.0153346061706543
1699888810.064716,0.03652391955256462,-0.049548305571079254,-2.0170180797576904
1699888810.0993063,0.036672402173280716,-0.05082574486732483,-2.0208685398101807
1699888810.1323922,0.03599477559328079,-0.0529322624206543,-2.0308573246002197
1699888810.1674824,0.037459854036569595,-0.05289194732904434,-2.0334692001342773
1699888810.2008278,0.0395297110080719,-0.05391203984618187,-2.0346522331237793
1699888810.2333248,0.040832966566085815,-0.05479350686073303,-2.0342323780059814
1699888810.2664251,0.040979236364364624,-0.05610181391239166,-2.0322670936584473
1699888810.3015242,0.039485570043325424,-0.05793033540248871,-2.033381462097168
1699888810.3350894,0.03997153416275978,-0.056634582579135895,-2.029322862625122
1699888810.367186,0.04167184233665466,-0.05256266891956329,-2.0218067169189453
1699888810.4003055,0.043987225741147995,-0.04843974485993385,-2.015493631362915
1699888810.43286,0.044958941638469696,-0.04548536241054535,-2.0096404552459717
1699888810.4659488,0.04591519385576248,-0.04328051209449768,-2.0027194023132324
1699888810.500049,0.044645585119724274,-0.042465247213840485,-1.9973046779632568
1699888810.5346355,0.042119599878787994,-0.045100755989551544,-2.0008065700531006
1699888810.5677595,0.0359235480427742,-0.05206960439682007,-2.0130932331085205
1699888810.602872,0.030061855912208557,-0.05868545547127724,-2.023926258087158
1699888810.6354563,0.02503492683172226,-0.06583674252033234,-2.0392582416534424
1699888810.6690536,0.024259213358163834,-0.06947024911642075,-2.0453474521636963
1699888810.7021558,0.02359345555305481,-0.07222867757081985,-2.047537088394165
1699888810.7347124,0.023874761536717415,-0.07246129959821701,-2.044078826904297
1699888810.7698374,0.025150232017040253,-0.07104255259037018,-2.036534070968628
1699888810.801424,0.026667602360248566,-0.0708862766623497,-2.0330770015716553
1699888810.8369875,0.02702997997403145,-0.07446857541799545,-2.039628028869629
1699888810.869596,0.029281018301844597,-0.07771636545658112,-2.0485830307006836
1699888810.9001403,0.02644423022866249,-0.09408320486545563,-2.090691328048706
1699888810.9357126,0.02447325736284256,-0.10690988600254059,-2.1334733963012695
1699888810.969337,0.025659902021288872,-0.10193528980016708,-2.1283726692199707
1699888811.003841,0.02845790982246399,-0.0947534441947937,-2.1119742393493652
1699888811.03738,0.03030271641910076,-0.0881907045841217,-2.0948524475097656
1699888811.0715117,0.03335782513022423,-0.08189019560813904,-2.0802721977233887
1699888811.1050887,0.03415069356560707,-0.07884464412927628,-2.073303461074829
1699888811.137769,0.03504710644483566,-0.07759134471416473,-2.071617841720581
1699888811.1694014,0.03539607673883438,-0.07693567872047424,-2.070802927017212
1699888811.2049775,0.036055903881788254,-0.07305146008729935,-2.0648117065429688
1699888811.2375627,0.03902424871921539,-0.06788243353366852,-2.0523383617401123
1699888811.2801616,0.04394906014204025,-0.06261483579874039,-2.036343812942505
1699888811.3083346,0.04527159780263901,-0.06237003952264786,-2.0290369987487793
1699888811.3378944,0.04501461237668991,-0.06332168728113174,-2.025449752807617
1699888811.372575,0.04552379995584488,-0.062432024627923965,-2.021181344985962
1699888811.405151,0.04593941941857338,-0.059715889394283295,-2.0167076587677
1699888811.437714,0.046602509915828705,-0.05696096271276474,-2.0145020484924316
1699888811.4714682,0.04550761729478836,-0.05719944089651108,-2.011728048324585
1699888811.5070364,0.043354012072086334,-0.05932306498289108,-2.0121335983276367
1699888811.540134,0.04222598671913147,-0.0610479936003685,-2.011840581893921
1699888811.574685,0.04394841194152832,-0.0623699352145195,-2.0097784996032715
1699888811.6072588,0.043929629027843475,-0.06402930617332458,-2.007221221923828
1699888811.6404507,0.04455214738845825,-0.06423285603523254,-2.004359483718872
1699888811.6725485,0.046301715075969696,-0.0626307874917984,-1.9984545707702637
1699888811.7071445,0.045744020491838455,-0.061218276619911194,-1.9938815832138062
1699888811.7402892,0.044068802148103714,-0.060031890869140625,-1.9962114095687866
1699888811.7744012,0.04121408611536026,-0.06029969081282616,-2.000593900680542
1699888811.8089674,0.04057465121150017,-0.05820954218506813,-2.00420880317688
1699888811.8400762,0.04102599248290062,-0.055813729763031006,-2.0091421604156494
1699888811.8746314,0.040871091187000275,-0.0553261861205101,-2.015307664871216
1699888811.9071982,0.043289970606565475,-0.053788915276527405,-2.015136241912842
1699888811.9423256,0.046070463955402374,-0.05320512130856514,-2.0150656700134277
1699888811.9729078,0.048380620777606964,-0.053145237267017365,-2.0143048763275146
1699888812.0099776,0.04969710856676102,-0.05516109988093376,-2.014491081237793
1699888812.0435123,0.04949310049414635,-0.05902228504419327,-2.016186475753784
1699888812.0750852,0.04974495619535446,-0.0624481737613678,-2.015805959701538
1699888812.1101685,0.050702616572380066,-0.06457015872001648,-2.015197277069092
1699888812.1417537,0.05005735903978348,-0.06682445108890533,-2.015068769454956
1699888812.1743114,0.04881267994642258,-0.06664244830608368,-2.012622833251953
1699888812.2094233,0.047491952776908875,-0.06614775210618973,-2.01027250289917
1699888812.2410107,0.046244390308856964,-0.06648188084363937,-2.010507583618164
1699888812.2770863,0.04700177162885666,-0.06598233431577682,-2.008289337158203
1699888812.309346,0.046474553644657135,-0.06713387370109558,-2.0104687213897705
1699888812.3426628,0.04321649670600891,-0.0684843584895134,-2.0170905590057373
1699888812.3772147,0.039353154599666595,-0.06909133493900299,-2.02599835395813
1699888812.4093366,0.03729155659675598,-0.06586313992738724,-2.0285463333129883
1699888812.4439013,0.03777643293142319,-0.0629771277308464,-2.028836965560913
1699888812.4874995,0.037629857659339905,-0.06086722016334534,-2.0319273471832275
1699888812.5275877,0.03861963003873825,-0.05659215524792671,-2.027352809906006
1699888812.572718,0.04075484722852707,-0.05279617756605148,-2.019537925720215
1699888812.6149843,0.04350641369819641,-0.05315851420164108,-2.0130279064178467
1699888812.65825,0.0448015034198761,-0.05707879364490509,-2.008725166320801
1699888812.7023664,0.04325031489133835,-0.06069121137261391,-2.009464740753174
1699888812.7424302,0.043570902198553085,-0.0621657557785511,-2.0101091861724854
1699888816.3346374,-0.07373303174972534,0.20537473261356354,-2.0392065048217773
1699888816.4059315,-0.06910856068134308,0.2191355675458908,-2.1177618503570557
1699888816.4663987,-0.028368070721626282,0.21654567122459412,-2.0553104877471924
1699888816.5290048,-0.015284929424524307,0.22384028136730194,-2.030844211578369
1699888816.594856,-0.015905771404504776,0.21661610901355743,-2.0578975677490234
1699888816.8533099,-0.009481433779001236,0.2010967880487442,-2.055586099624634
1699888816.881412,0.00128173828125,0.19652263820171356,-2.046060800552368
1699888816.9125319,0.006609577685594559,0.19426026940345764,-2.0474565029144287
1699888816.9421673,0.011921606957912445,0.1940801739692688,-2.0449061393737793
1699888816.9722345,0.00973612442612648,0.19232796132564545,-2.054926872253418
1699888817.002859,0.007199477404356003,0.1908879280090332,-2.061128616333008
1699888817.0302165,0.002953130751848221,0.1888357251882553,-2.0743846893310547
1699888817.059278,-0.0002308376133441925,0.1871921569108963,-2.0827689170837402
1699888817.0919163,-0.0018321052193641663,0.18564894795417786,-2.088148593902588
1699888817.123868,-0.004333771765232086,0.18543246388435364,-2.0908162593841553
1699888817.157114,-0.006706789135932922,0.18652847409248352,-2.090824842453003
1699888817.1919358,-0.008639227598905563,0.18750841915607452,-2.089083433151245
1699888817.222984,-0.009096894413232803,0.19055192172527313,-2.084099769592285
1699888817.2561507,-0.009823579341173172,0.1943628191947937,-2.0764307975769043
1699888817.2903204,-0.01042402908205986,0.19838690757751465,-2.069293260574341
1699888817.3245306,-0.011943873018026352,0.20138265192508698,-2.0669844150543213
1699888817.3580935,-0.012187611311674118,0.20299333333969116,-2.064513683319092
1699888817.3909163,-0.011707767844200134,0.2033853828907013,-2.061443328857422
1699888817.4239686,-0.011473398655653,0.20361509919166565,-2.05854868888855
1699888817.4592614,-0.010856233537197113,0.20334716141223907,-2.057047128677368
1699888817.4899926,-0.010950926691293716,0.20276041328907013,-2.0582377910614014
1699888817.5260649,-0.010442577302455902,0.20226722955703735,-2.0598995685577393
1699888817.5579233,-0.009358778595924377,0.2021884322166443,-2.05940318107605
1699888817.5940442,-0.007696591317653656,0.20214369893074036,-2.056819200515747
1699888817.6251132,-0.005606606602668762,0.2020474225282669,-2.0516788959503174
1699888817.6576946,-0.005657631903886795,0.2011490762233734,-2.0505356788635254
1699888817.6932871,-0.00722077488899231,0.19920329749584198,-2.0502398014068604
1699888817.7243767,-0.010154582560062408,0.19631831347942352,-2.05107045173645
1699888817.760978,-0.014048125594854355,0.19345439970493317,-2.051241636276245
1699888817.792039,-0.018022827804088593,0.1916196197271347,-2.051154613494873
1699888817.8275833,-0.021993044763803482,0.19047699868679047,-2.052361488342285
1699888817.8616083,-0.025179829448461533,0.19000768661499023,-2.0559239387512207
1699888817.894637,-0.028128430247306824,0.18984779715538025,-2.05942440032959
1699888817.9261873,-0.029696021229028702,0.18993037939071655,-2.063035249710083
1699888817.9609597,-0.03160962089896202,0.18894898891448975,-2.0727593898773193
1699888817.9943464,-0.03364015370607376,0.18787112832069397,-2.087496280670166
1699888818.0264912,-0.03483813628554344,0.18660274147987366,-2.1046552658081055
1699888818.0605388,-0.03512248396873474,0.18636077642440796,-2.116487979888916
1699888818.0935967,-0.03387653827667236,0.18788567185401917,-2.119260787963867
1699888818.1291175,-0.030891384929418564,0.19048048555850983,-2.1131227016448975
1699888818.160193,-0.025342300534248352,0.19413939118385315,-2.10025954246521
1699888818.1938689,-0.019983265548944473,0.19705887138843536,-2.086395263671875
1699888818.2274234,-0.0167451910674572,0.19910922646522522,-2.0792877674102783
1699888818.260025,-0.013917114585638046,0.2009284645318985,-2.0726518630981445
1699888818.295209,-0.010826092213392258,0.20206117630004883,-2.0673840045928955
1699888818.327427,-0.008369535207748413,0.20394547283649445,-2.06258225440979
1699888818.3631387,-0.006039850413799286,0.2045803815126419,-2.057034730911255
1699888818.3937654,-0.00551421195268631,0.20415009558200836,-2.0568034648895264
1699888818.4292908,-0.005688358098268509,0.20280542969703674,-2.055267810821533
1699888818.46314,-0.010555312037467957,0.19928090274333954,-2.0642647743225098
1699888818.5064087,-0.016744263470172882,0.1945812702178955,-2.076849937438965
1699888818.5414634,-0.022496718913316727,0.189716637134552,-2.087606191635132
1699888818.5695226,-0.025368336588144302,0.18623928725719452,-2.0909998416900635
1699888818.6030884,-0.02698291465640068,0.1838701367378235,-2.088848829269409
1699888818.632622,-0.028962083160877228,0.18283143639564514,-2.0881330966949463
1699888818.6651552,-0.02925628051161766,0.18389327824115753,-2.0822277069091797
1699888818.6997032,-0.02864793688058853,0.18623244762420654,-2.0746166706085205
1699888818.7332413,-0.02738192304968834,0.18901634216308594,-2.0669667720794678
1699888818.7652893,-0.026250649243593216,0.1905384361743927,-2.061842441558838
1699888818.7978299,-0.024635612964630127,0.1914968639612198,-2.059840679168701
1699888818.8304162,-0.023855295032262802,0.1916103959083557,-2.0597856044769287
1699888818.8639708,-0.023315776139497757,0.1908704787492752,-2.061572790145874
1699888818.8995254,-0.023302040994167328,0.18963822722434998,-2.065718412399292
1699888818.9342031,-0.025465965270996094,0.18808169662952423,-2.0754377841949463
1699888818.9667785,-0.02664916217327118,0.18840628862380981,-2.0799245834350586
1699888818.9996727,-0.026087574660778046,0.19108930230140686,-2.0811474323272705
1699888819.0333993,-0.025567784905433655,0.195120170712471,-2.080946445465088
1699888819.0664437,-0.025011423975229263,0.199024498462677,-2.080648183822632
1699888819.1000075,-0.024556227028369904,0.20203520357608795,-2.079916000366211
1699888819.1331084,-0.02415914088487625,0.20387592911720276,-2.0792930126190186
1699888819.1661382,-0.02352893352508545,0.2043127417564392,-2.078528642654419
1699888819.1993437,-0.02343515306711197,0.2041132152080536,-2.0774614810943604
1699888819.233072,-0.022644106298685074,0.20420654118061066,-2.07635235786438
1699888819.2666838,-0.02207467332482338,0.203406423330307,-2.076686382293701
1699888819.3007607,-0.021845951676368713,0.20229101181030273,-2.07686710357666
1699888819.3332987,-0.022047601640224457,0.20063899457454681,-2.0758492946624756
1699888819.3683288,-0.02279738336801529,0.19895794987678528,-2.07436203956604
1699888819.4000418,-0.023147761821746826,0.19743293523788452,-2.07222056388855
1699888819.4348776,-0.02323734015226364,0.1965847760438919,-2.070794105529785
1699888819.467859,-0.023181769996881485,0.19617915153503418,-2.0698940753936768
1699888819.4999723,-0.02323964610695839,0.19667698442935944,-2.0701310634613037
1699888819.5330365,-0.022839773446321487,0.19728514552116394,-2.073108434677124
1699888819.5693793,-0.0217941552400589,0.1970592886209488,-2.0740108489990234
1699888819.599343,-0.0209738090634346,0.19776105880737305,-2.0740065574645996
1699888819.6339087,-0.0200493261218071,0.19861489534378052,-2.073185920715332
1699888819.6675107,-0.01832444965839386,0.19956719875335693,-2.0705926418304443
1699888819.7001665,-0.016833018511533737,0.20076042413711548,-2.0678844451904297
1699888819.7347255,-0.015410400927066803,0.2026049941778183,-2.0675902366638184
1699888819.7676654,-0.014094699174165726,0.20408308506011963,-2.066943407058716
1699888819.8007264,-0.012760233134031296,0.20495708286762238,-2.0661933422088623
1699888819.8338761,-0.01283695176243782,0.2039354145526886,-2.0661404132843018
1699888819.8701262,-0.014692474156618118,0.20125126838684082,-2.0664801597595215
1699888819.9031858,-0.016330774873495102,0.19829413294792175,-2.066575527191162
1699888819.9347064,-0.01929308846592903,0.194801926612854,-2.06727933883667
1699888819.9692688,-0.022610250860452652,0.19317767024040222,-2.0702781677246094
1699888820.002829,-0.025077860802412033,0.19097712635993958,-2.071428060531616
1699888820.0373795,-0.026272770017385483,0.18952012062072754,-2.0713436603546143
1699888820.069178,-0.02679659053683281,0.18981069326400757,-2.070512294769287
1699888820.1025615,-0.026757176965475082,0.19082792103290558,-2.0699470043182373
1699888820.1360738,-0.026834141463041306,0.19137537479400635,-2.070157289505005
1699888820.1713285,-0.027136031538248062,0.19126451015472412,-2.070319414138794
1699888820.20385,-0.027701828628778458,0.19154691696166992,-2.0701987743377686
1699888820.2372599,-0.02879703789949417,0.19021925330162048,-2.0705769062042236
1699888820.2726722,-0.02979111298918724,0.18946602940559387,-2.0707335472106934
1699888820.3032012,-0.030698005110025406,0.18911969661712646,-2.0716066360473633
1699888820.3378823,-0.03187594935297966,0.18878129124641418,-2.0738184452056885
1699888820.3704286,-0.03442446514964104,0.18802756071090698,-2.0809106826782227
1699888820.4060452,-0.03577282652258873,0.18780916929244995,-2.0856375694274902
1699888820.437577,-0.03667560964822769,0.18845586478710175,-2.0888454914093018
1699888820.4703326,-0.03570308908820152,0.1894177496433258,-2.0963661670684814
1699888820.504385,-0.034263402223587036,0.1921471506357193,-2.1008596420288086
1699888820.5390382,-0.03168186545372009,0.1957366168498993,-2.100942373275757
1699888820.5730016,-0.02888299524784088,0.19972054660320282,-2.097666025161743
1699888820.6045256,-0.025983940809965134,0.20288661122322083,-2.0934410095214844
1699888820.6390462,-0.023517344146966934,0.20460236072540283,-2.0901236534118652
1699888820.6722517,-0.022144347429275513,0.204253152012825,-2.09259033203125
1699888820.7047741,-0.02206983044743538,0.20214052498340607,-2.1014676094055176
1699888820.7392933,-0.023069333285093307,0.1993289440870285,-2.106018543243408
1699888820.7733657,-0.026034265756607056,0.19540616869926453,-2.114527702331543
1699888820.804438,-0.028087228536605835,0.19151939451694489,-2.11448073387146
1699888820.8389785,-0.028783906251192093,0.1886025369167328,-2.107398271560669
1699888820.8740022,-0.02932393178343773,0.1867748349905014,-2.0972282886505127
1699888820.9045527,-0.02975938841700554,0.18650804460048676,-2.08651065826416
1699888820.9402251,-0.0303313210606575,0.1884213089942932,-2.077477216720581
1699888820.9733706,-0.03099530190229416,0.18951371312141418,-2.0712149143218994
1699888821.0064583,-0.03181464225053787,0.18960796296596527,-2.068554162979126
1699888821.0404003,-0.030511468648910522,0.19210049510002136,-2.065603256225586
1699888821.0739763,-0.03117039054632187,0.1924060434103012,-2.0673840045928955
1699888821.10734,-0.03074401617050171,0.19280873239040375,-2.069202423095703
1699888821.1414063,-0.029737062752246857,0.1925550252199173,-2.0761520862579346
1699888821.1729581,-0.02740991860628128,0.19310620427131653,-2.0766823291778564
1699888821.2073522,-0.027340397238731384,0.19341281056404114,-2.076970338821411
1699888821.2424283,-0.027604013681411743,0.19358238577842712,-2.077180862426758
1699888821.2751346,-0.026598479598760605,0.19408713281154633,-2.075183391571045
1699888821.318216,-0.02595270797610283,0.1939876675605774,-2.0729360580444336
1699888821.350935,-0.02740505337715149,0.19252151250839233,-2.0757241249084473
1699888821.3850656,-0.026777543127536774,0.1929728239774704,-2.0763566493988037
A coordinates: -0.081055135 0.5479505
B coordinates: -0.2293137 0.20359656
