1699888680.0813172,0.532504677772522,-0.07076830416917801,-2.2398674488067627
1699888680.163959,0.5214167833328247,-0.06568099558353424,-2.187317371368408
1699888680.2441576,0.410942941904068,0.06382161378860474,-2.009146213531494
1699888680.3351378,0.31382206082344055,0.22671370208263397,-1.9925369024276733
1699888680.4179597,0.295915812253952,0.26268789172172546,-1.9924907684326172
1699888680.491679,0.30309298634529114,0.2535950839519501,-1.9639852046966553
1699888680.5343628,0.3139585256576538,0.24290409684181213,-1.942420482635498
1699888680.5756748,0.3241936266422272,0.23609775304794312,-1.9252338409423828
1699888680.6190555,0.33744359016418457,0.22903144359588623,-1.9047638177871704
1699888680.6626592,0.3171975314617157,0.2282898724079132,-1.9516693353652954
1699888680.706726,0.30606693029403687,0.22951237857341766,-1.9870879650115967
1699888680.7471726,0.3043861985206604,0.22962497174739838,-1.9891849756240845
1699888680.7892563,0.30869802832603455,0.2284974306821823,-1.9726842641830444
1699888680.8313508,0.31806665658950806,0.2280382215976715,-1.950774073600769
1699888680.8750107,0.3289761543273926,0.22773098945617676,-1.9314361810684204
1699888680.917121,0.3409789204597473,0.22766193747520447,-1.9151850938796997
1699888680.9596248,0.35873472690582275,0.22794288396835327,-1.896526575088501
1699888681.001484,0.3689718246459961,0.22801180183887482,-1.8870056867599487
1699888681.0447147,0.378539115190506,0.227036252617836,-1.8789329528808594
1699888681.0855484,0.39280423521995544,0.2244880646467209,-1.8680042028427124
1699888681.1278982,0.3987358510494232,0.22243177890777588,-1.8639644384384155
1699888681.16991,0.405061274766922,0.22099582850933075,-1.8596724271774292
1699888681.21307,0.41143807768821716,0.220117449760437,-1.8550593852996826
1699888681.2556922,0.42120206356048584,0.21915961802005768,-1.8503268957138062
1699888681.297188,0.42483803629875183,0.21908150613307953,-1.8502931594848633
1699888681.3385491,0.4293978214263916,0.21909339725971222,-1.8493210077285767
1699888681.377993,0.4350854754447937,0.21932560205459595,-1.8483123779296875
1699888681.4216135,0.44408470392227173,0.21911309659481049,-1.8454663753509521
1699888681.4645462,0.44855329394340515,0.21847742795944214,-1.8430147171020508
1699888681.5048037,0.4532279074192047,0.21752211451530457,-1.8402392864227295
1699888681.54409,0.4614054560661316,0.2163306176662445,-1.835533857345581
1699888681.594716,0.4653700888156891,0.2157425731420517,-1.8329986333847046
1699888681.6375813,0.46918267011642456,0.21476908028125763,-1.8309130668640137
1699888681.6792688,0.4728217124938965,0.21341481804847717,-1.828858733177185
1699888681.7227352,0.47871583700180054,0.21157652139663696,-1.8261144161224365
1699888681.7625475,0.4809931516647339,0.21069423854351044,-1.8256802558898926
1699888681.8047945,0.48391658067703247,0.21005438268184662,-1.8249683380126953
1699888681.845085,0.4092634320259094,0.22224873304367065,-1.8762385845184326
1699888681.8883102,0.34076836705207825,0.23621515929698944,-1.9577248096466064
1699888681.9280493,0.31969282031059265,0.23882901668548584,-1.9867171049118042
1699888681.971749,0.31241604685783386,0.2387697845697403,-1.992863655090332
1699888682.0105078,0.3123082220554352,0.23763716220855713,-1.9864392280578613
1699888682.052279,0.3155616521835327,0.23525013029575348,-1.973395586013794
1699888682.09459,0.3080834150314331,0.23374931514263153,-1.9988197088241577
1699888682.1362722,0.3019087314605713,0.23581847548484802,-2.0207607746124268
1699888682.1751926,0.29900601506233215,0.23491497337818146,-2.0404155254364014
1699888682.2196522,0.29755300283432007,0.23383083939552307,-2.051119804382324
1699888682.2621222,0.2957785725593567,0.23215368390083313,-2.0611929893493652
1699888682.29469,0.3012147545814514,0.2304178923368454,-2.039172887802124
1699888682.3251512,0.2995974123477936,0.2323601394891739,-2.0424065589904785
1699888682.3552394,0.30279651284217834,0.23258346319198608,-2.027482748031616
1699888682.386437,0.3090782165527344,0.2317235916852951,-2.004883289337158
1699888682.419452,0.3181420862674713,0.23052053153514862,-1.9803107976913452
1699888682.45259,0.3289313316345215,0.22912438213825226,-1.9557639360427856
1699888682.4851947,0.3406505882740021,0.227696031332016,-1.9333542585372925
1699888682.519282,0.3527604043483734,0.22626879811286926,-1.9132936000823975
1699888682.5531635,0.3642864227294922,0.22498011589050293,-1.8955819606781006
1699888682.5851743,0.3756335973739624,0.22366131842136383,-1.881811499595642
1699888682.620665,0.38648849725723267,0.22216841578483582,-1.8707305192947388
1699888682.6520135,0.39664238691329956,0.22078222036361694,-1.8627595901489258
1699888682.6885319,0.40605151653289795,0.21924026310443878,-1.8559117317199707
1699888682.7206388,0.36601722240448,0.22845444083213806,-1.8978708982467651
1699888682.7543423,0.33609938621520996,0.23507267236709595,-1.9412835836410522
1699888682.7885103,0.3197294771671295,0.23538754880428314,-1.9723783731460571
1699888682.8192244,0.307317316532135,0.23618467152118683,-2.0001702308654785
1699888682.8548753,0.30377084016799927,0.23509928584098816,-2.004814386367798
1699888682.8854527,0.30551615357398987,0.2331864982843399,-1.9958828687667847
1699888682.9215372,0.31117725372314453,0.2313108742237091,-1.9794352054595947
1699888682.95418,0.30493664741516113,0.2314559519290924,-1.9959135055541992
1699888682.9876015,0.3051556944847107,0.23072168231010437,-1.9945043325424194
1699888683.0211425,0.3017110228538513,0.2316194623708725,-2.0081045627593994
1699888683.0562596,0.2994641363620758,0.23292867839336395,-2.0196127891540527
1699888683.0890245,0.3021104633808136,0.2325800061225891,-2.012092351913452
1699888683.1215909,0.30811142921447754,0.2314828634262085,-1.9953635931015015
1699888683.157011,0.3168175220489502,0.23029613494873047,-1.975403904914856
1699888683.1885757,0.31114646792411804,0.23108714818954468,-1.9898518323898315
1699888683.2221508,0.31140127778053284,0.23077312111854553,-1.9876999855041504
1699888683.2552726,0.31575921177864075,0.2299536168575287,-1.977383017539978
1699888683.2889674,0.32272669672966003,0.22866752743721008,-1.9623421430587769
1699888683.3225484,0.33140721917152405,0.22722385823726654,-1.9453048706054688
1699888683.3556366,0.32298439741134644,0.2276209592819214,-1.9605369567871094
1699888683.391027,0.3165614902973175,0.22793790698051453,-1.9748061895370483
1699888683.4225852,0.3161030411720276,0.22711995244026184,-1.9725922346115112
1699888683.4562593,0.31969526410102844,0.22582018375396729,-1.9613325595855713
1699888683.4903374,0.313645601272583,0.22530783712863922,-1.9739880561828613
1699888683.5220044,0.30562037229537964,0.2276546061038971,-1.9942021369934082
1699888683.5565534,0.3049270510673523,0.228399857878685,-1.9934953451156616
1699888683.589993,0.30014604330062866,0.23014868795871735,-2.007528781890869
1699888683.6231656,0.29714733362197876,0.23228013515472412,-2.0186684131622314
1699888683.6575708,0.2992912232875824,0.2326243817806244,-2.010737180709839
1699888683.689747,0.29922810196876526,0.23219788074493408,-2.0153274536132812
1699888683.726328,0.30319419503211975,0.23076602816581726,-2.003779888153076
1699888683.7575827,0.3100007474422455,0.22904154658317566,-1.984349012374878
1699888683.789269,0.3191707134246826,0.22746625542640686,-1.9622886180877686
1699888683.8248348,0.33007755875587463,0.22603315114974976,-1.940148949623108
1699888683.8576279,0.3420182764530182,0.22489166259765625,-1.9199877977371216
1699888683.890102,0.35422536730766296,0.22386804223060608,-1.9021151065826416
1699888683.9246607,0.36627572774887085,0.22288323938846588,-1.8870999813079834
1699888683.958278,0.3777149021625519,0.22224083542823792,-1.8746514320373535
1699888683.9905155,0.38878485560417175,0.2214544713497162,-1.8654757738113403
1699888684.0252934,0.3589816987514496,0.22684571146965027,-1.902562141418457
1699888684.0595334,0.343046098947525,0.22907236218452454,-1.9241209030151367
1699888684.1063313,0.33597877621650696,0.22931495308876038,-1.932833194732666
1699888684.1481485,0.3346827030181885,0.2283008098602295,-1.9318026304244995
1699888684.1935613,0.33742091059684753,0.22674709558486938,-1.9243491888046265
1699888684.2374237,0.34498098492622375,0.2245599329471588,-1.9098455905914307
1699888684.2790847,0.35460230708122253,0.22403785586357117,-1.8972171545028687
1699888684.3201551,0.36466437578201294,0.22404122352600098,-1.886914849281311
1699888684.3607557,0.375027060508728,0.2242947220802307,-1.879113793373108
1699888684.4045365,0.38975462317466736,0.2238265573978424,-1.8699246644973755
1699888684.4435751,0.39769652485847473,0.22256414592266083,-1.8656060695648193
1699888684.4864233,0.4050437808036804,0.2208477258682251,-1.8615273237228394
1699888684.5299635,0.41187378764152527,0.21855545043945312,-1.857798457145691
1699888684.5716877,0.42150720953941345,0.21346639096736908,-1.8509846925735474
1699888684.6121194,0.4250999987125397,0.21157273650169373,-1.8478546142578125
1699888684.653295,0.42890238761901855,0.20986425876617432,-1.8445409536361694
1699888684.6941187,0.4329735040664673,0.20828787982463837,-1.8404532670974731
1699888684.7355592,0.4402414560317993,0.20727841556072235,-1.836440086364746
1699888684.7777858,0.3694505989551544,0.2220650017261505,-1.8973071575164795
1699888684.821769,0.3371899724006653,0.22654207050800323,-1.933097004890442
1699888684.8613968,0.3231343924999237,0.22806617617607117,-1.9494398832321167
1699888684.9044557,0.3143571615219116,0.22831131517887115,-1.9567086696624756
1699888684.9435928,0.3200051784515381,0.22676071524620056,-1.9432399272918701
1699888684.986562,0.32836979627609253,0.22583432495594025,-1.928876280784607
1699888685.026604,0.3376622796058655,0.22459490597248077,-1.9144232273101807
1699888685.0683644,0.3503558933734894,0.2231241762638092,-1.8973422050476074
1699888685.0980291,0.3613596558570862,0.22122429311275482,-1.8857499361038208
1699888685.1275957,0.37229177355766296,0.22000330686569214,-1.8769811391830444
1699888685.1612694,0.3824101686477661,0.2182535082101822,-1.86907160282135
1699888685.1987486,0.39230188727378845,0.21709240972995758,-1.862523078918457
1699888692.3671575,-0.1040104329586029,0.4919566810131073,-1.9580678939819336
1699888692.4398913,-0.10533314198255539,0.4992954730987549,-1.9733046293258667
1699888692.4989233,-0.1185222715139389,0.5659597516059875,-1.8663135766983032
1699888692.5603178,-0.12075459957122803,0.3217161297798157,-1.9210891723632812
1699888692.6191802,-0.10996071994304657,0.3996542692184448,-1.9616577625274658
1699888692.6903741,-0.09370182454586029,0.473713755607605,-1.9531306028366089
1699888692.734544,-0.07590268552303314,0.5190482139587402,-1.9390584230422974
1699888692.7782714,-0.06995576620101929,0.5273501873016357,-1.9388847351074219
1699888692.8243487,-0.06873461604118347,0.5307567715644836,-1.9407551288604736
1699888692.8676705,-0.0678224191069603,0.5323613286018372,-1.9350979328155518
1699888692.9107964,-0.06891284137964249,0.5243030190467834,-1.9373676776885986
1699888692.956628,-0.07049458473920822,0.5164195895195007,-1.9386619329452515
1699888692.998739,-0.07351849973201752,0.501821756362915,-1.9373594522476196
1699888693.0419447,-0.07356524467468262,0.4969314634799957,-1.9407981634140015
1699888693.2687175,-0.06772187352180481,0.505732536315918,-1.9397668838500977
1699888693.2982693,-0.06991472840309143,0.5051432847976685,-1.9479176998138428
1699888693.3278131,-0.07444599270820618,0.4998161792755127,-1.9511191844940186
1699888693.3563814,-0.07923883199691772,0.49328356981277466,-1.9526305198669434
1699888693.389343,-0.0809442549943924,0.4920743703842163,-1.954979658126831
1699888693.4226959,-0.08044255524873734,0.49376678466796875,-1.9574946165084839
1699888693.4573767,-0.07956470549106598,0.49644702672958374,-1.9591898918151855
1699888693.4904208,-0.07797939330339432,0.4988049268722534,-1.9601836204528809
1699888693.5247855,-0.0778404176235199,0.49950462579727173,-1.9602553844451904
1699888693.5584517,-0.07711994647979736,0.5004682540893555,-1.959535002708435
1699888693.5895884,-0.07649480551481247,0.5008048415184021,-1.9577624797821045
1699888693.624103,-0.07612501084804535,0.5014948844909668,-1.9580813646316528
1699888693.6588237,-0.07695367187261581,0.5016292333602905,-1.9585117101669312
1699888693.6923916,-0.07730904221534729,0.5013405680656433,-1.9584450721740723
1699888693.7245324,-0.07649414241313934,0.5012003779411316,-1.9593859910964966
1699888693.7596483,-0.07596950232982635,0.5010729432106018,-1.9595284461975098
1699888693.7909212,-0.07592527568340302,0.500677764415741,-1.9599735736846924
1699888693.8275702,-0.07585115730762482,0.5011383295059204,-1.9599767923355103
1699888693.8605359,-0.07613316178321838,0.5015665292739868,-1.9596291780471802
1699888693.8916516,-0.0758727416396141,0.5021072030067444,-1.9580354690551758
1699888693.9252248,-0.0767139419913292,0.5026887655258179,-1.957227110862732
1699888693.9604218,-0.07799437642097473,0.5034806132316589,-1.9573488235473633
1699888693.9925199,-0.07819259166717529,0.5048694610595703,-1.9572291374206543
1699888694.027236,-0.07768434286117554,0.5063779950141907,-1.9565011262893677
1699888694.0594683,-0.0777367353439331,0.5067630410194397,-1.9565987586975098
1699888694.0925932,-0.07732905447483063,0.5073521733283997,-1.9564602375030518
1699888694.127745,-0.07721283286809921,0.5070204138755798,-1.9565131664276123
1699888694.1593287,-0.07664293795824051,0.5073897242546082,-1.956035852432251
1699888694.1934345,-0.07546110451221466,0.5075610876083374,-1.9555414915084839
1699888694.2266054,-0.07462792098522186,0.5070063471794128,-1.9539155960083008
1699888694.261538,-0.0744633674621582,0.5063773393630981,-1.9524317979812622
1699888694.2946208,-0.07404610514640808,0.5059703588485718,-1.9516597986221313
1699888694.3287413,-0.07379505783319473,0.5061328411102295,-1.9508799314498901
1699888694.3604946,-0.07346156984567642,0.5057828426361084,-1.9498803615570068
1699888694.3950672,-0.07230235636234283,0.5045291781425476,-1.9477918148040771
1699888694.4282074,-0.07125763595104218,0.5037160515785217,-1.9493497610092163
1699888694.461274,-0.07013224065303802,0.5031185150146484,-1.9526351690292358
1699888694.496422,-0.07094493508338928,0.5002059936523438,-1.955352783203125
1699888694.5286026,-0.07380634546279907,0.4968801736831665,-1.9554742574691772
1699888694.562713,-0.07545910775661469,0.49640002846717834,-1.956437587738037
1699888694.5951698,-0.07666793465614319,0.49765336513519287,-1.9564255475997925
1699888694.62828,-0.07731892913579941,0.4999545216560364,-1.9560633897781372
1699888694.6624267,-0.07729615271091461,0.5022141337394714,-1.954741358757019
1699888694.6937652,-0.07679690420627594,0.5038588643074036,-1.9539278745651245
1699888694.729524,-0.07759463787078857,0.5046408772468567,-1.955966591835022
1699888694.7606778,-0.07839405536651611,0.5049831867218018,-1.9579315185546875
1699888694.795271,-0.07967845350503922,0.5023728013038635,-1.9609911441802979
1699888694.8275156,-0.08028537034988403,0.5014570951461792,-1.9628262519836426
1699888694.8626275,-0.07953868806362152,0.5016487836837769,-1.9650195837020874
1699888694.894651,-0.07803663611412048,0.5029305815696716,-1.9663059711456299
1699888694.9287658,-0.07673653960227966,0.5038196444511414,-1.9675989151000977
1699888694.962339,-0.07624700665473938,0.5047527551651001,-1.9674168825149536
1699888694.9966035,-0.07572558522224426,0.505945086479187,-1.9662758111953735
1699888695.0304916,-0.07429751008749008,0.5074173808097839,-1.9655349254608154
1699888695.0626028,-0.07293516397476196,0.5085293054580688,-1.9652249813079834
1699888695.0997162,-0.0726257860660553,0.5086004137992859,-1.9652026891708374
1699888695.134294,-0.0728522464632988,0.5084026455879211,-1.9624834060668945
1699888695.166376,-0.07315908372402191,0.508569061756134,-1.9608029127120972
1699888695.1984296,-0.07382853329181671,0.5083112716674805,-1.9594204425811768
1699888695.2339945,-0.07459856569766998,0.5077534914016724,-1.9575600624084473
1699888695.266565,-0.07468128949403763,0.5067160725593567,-1.9562768936157227
1699888695.3006434,-0.07451842725276947,0.5049268007278442,-1.9588006734848022
1699888695.3322444,-0.07510814815759659,0.5019047856330872,-1.957226276397705
1699888695.3648298,-0.07408644258975983,0.49964621663093567,-1.957097053527832
1699888695.4015749,-0.07385040819644928,0.49771246314048767,-1.9542337656021118
1699888695.4341679,-0.07243749499320984,0.49657386541366577,-1.9548629522323608
1699888695.4672585,-0.0721832886338234,0.49576321244239807,-1.9526267051696777
1699888695.4998713,-0.07230406999588013,0.49484914541244507,-1.9508635997772217
1699888695.534465,-0.07259462028741837,0.4949883222579956,-1.948518991470337
1699888695.5665488,-0.07322783768177032,0.49175307154655457,-1.9441925287246704
1699888695.6001606,-0.07469651848077774,0.49011120200157166,-1.942792296409607
1699888695.6347501,-0.07679794728755951,0.48998427391052246,-1.9423339366912842
1699888695.6688426,-0.07774512469768524,0.49126142263412476,-1.9427664279937744
1699888695.7020202,-0.07896053791046143,0.4932469129562378,-1.9440785646438599
1699888695.7371187,-0.07994779944419861,0.49556028842926025,-1.945986270904541
1699888695.7692196,-0.07997841387987137,0.49804452061653137,-1.947847843170166
1699888695.8003328,-0.07904195785522461,0.4997160732746124,-1.9482381343841553
1699888695.8344362,-0.07826259732246399,0.5000786185264587,-1.948392391204834
1699888695.8686056,-0.07640626281499863,0.5000994801521301,-1.9473998546600342
1699888695.9011872,-0.07583412528038025,0.49780577421188354,-1.9463549852371216
1699888695.9343328,-0.07422593235969543,0.49593669176101685,-1.945255994796753
1699888695.967865,-0.06927701830863953,0.4922236204147339,-1.935560703277588
1699888696.0024343,-0.0685921162366867,0.4932234287261963,-1.935490608215332
1699888696.0350313,-0.06906262040138245,0.4955193102359772,-1.9385104179382324
1699888696.0716846,-0.06946489214897156,0.4977240264415741,-1.9411002397537231
1699888696.101985,-0.07116121053695679,0.49687784910202026,-1.9437963962554932
1699888696.1355414,-0.07353278994560242,0.4964967370033264,-1.9462298154830933
1699888696.1682894,-0.07653366029262543,0.4948333203792572,-1.9484657049179077
1699888696.2025928,-0.07947178184986115,0.4925970733165741,-1.9501794576644897
1699888696.2371507,-0.08174005150794983,0.4897746741771698,-1.9515044689178467
1699888696.2702622,-0.08302375674247742,0.486702561378479,-1.9522212743759155
1699888696.3053749,-0.08322242647409439,0.48597070574760437,-1.9520853757858276
1699888696.337561,-0.08329436182975769,0.4860158860683441,-1.9523240327835083
1699888696.370877,-0.08290455490350723,0.48519885540008545,-1.9516594409942627
1699888696.4044206,-0.08284327387809753,0.48522043228149414,-1.9528833627700806
1699888696.4380264,-0.08319588005542755,0.4869888424873352,-1.9538520574569702
1699888696.4716375,-0.08313876390457153,0.48778146505355835,-1.9549713134765625
1699888696.503239,-0.08285082876682281,0.48836469650268555,-1.9556739330291748
1699888696.5374708,-0.08257173001766205,0.4878975749015808,-1.9554474353790283
1699888696.5715406,-0.08145656436681747,0.4866544008255005,-1.95413076877594
1699888696.6043348,-0.08051369339227676,0.4845237731933594,-1.9528640508651733
1699888696.6375525,-0.07946625351905823,0.4827403128147125,-1.9515483379364014
1699888696.672142,-0.07858703285455704,0.4816676676273346,-1.9503337144851685
1699888696.7047153,-0.07810363173484802,0.4818028211593628,-1.950096845626831
1699888696.7388403,-0.07776223868131638,0.4816696047782898,-1.9502310752868652
1699888696.7704363,-0.07779548317193985,0.4823355972766876,-1.9506888389587402
1699888696.8040373,-0.07820004224777222,0.483000248670578,-1.95138680934906
1699888696.8387146,-0.07851524651050568,0.4837546646595001,-1.951951026916504
1699888696.8722987,-0.07886271178722382,0.4845741391181946,-1.952440619468689
1699888696.9048762,-0.0797802060842514,0.48606863617897034,-1.9536064863204956
1699888696.9399948,-0.08062855899333954,0.4868336319923401,-1.9539638757705688
1699888696.972865,-0.08137910068035126,0.4871068596839905,-1.9540059566497803
1699888697.0064359,-0.08073898404836655,0.48987141251564026,-1.9535508155822754
1699888697.0390184,-0.08040527999401093,0.49092531204223633,-1.9533191919326782
1699888697.0755734,-0.08043134212493896,0.49078628420829773,-1.9535956382751465
1699888697.1066566,-0.08035527914762497,0.48965713381767273,-1.9540382623672485
1699888697.140907,-0.08006222546100616,0.4883788526058197,-1.9544459581375122
1699888697.1731396,-0.07991907000541687,0.4866160452365875,-1.9545962810516357
1699888697.2102623,-0.07964558899402618,0.4851953387260437,-1.9547367095947266
1699888697.2418303,-0.07704469561576843,0.4818720817565918,-1.9470112323760986
1699888697.2744193,-0.07702039182186127,0.48130202293395996,-1.9473106861114502
1699888697.3084881,-0.07594837993383408,0.48354750871658325,-1.9469352960586548
1699888697.341129,-0.07514114677906036,0.48441240191459656,-1.9458385705947876
1699888697.3746393,-0.07498905062675476,0.4849972426891327,-1.9457730054855347
1699888697.4087405,-0.07438880950212479,0.4845399260520935,-1.943877935409546
1699888697.4418404,-0.06947636604309082,0.4824579358100891,-1.9299252033233643
1699888702.5433242,-0.23798725008964539,0.20148985087871552,-1.9210749864578247
1699888702.6099973,-0.23455357551574707,0.20096305012702942,-1.9499808549880981
1699888702.666608,-0.2351946234703064,0.2110108733177185,-2.0434577465057373
1699888702.7267766,-0.2439989596605301,0.20892374217510223,-2.050215721130371
1699888702.7849064,-0.24638377130031586,0.21127904951572418,-2.0452158451080322
1699888702.8576462,-0.2473450005054474,0.20737969875335693,-2.0504982471466064
1699888702.920431,-0.24074266850948334,0.20570163428783417,-2.0514206886291504
1699888702.988656,-0.2413250207901001,0.20122142136096954,-2.0403738021850586
1699888703.052128,-0.2496192455291748,0.1997670978307724,-2.0251545906066895
1699888703.0970314,-0.254853218793869,0.20114143192768097,-2.0172977447509766
1699888703.1401348,-0.2570907473564148,0.20393875241279602,-2.0164735317230225
1699888703.1838017,-0.25593799352645874,0.2080092877149582,-2.0203018188476562
1699888703.2287529,-0.2551513910293579,0.21005016565322876,-2.0225112438201904
1699888703.2725122,-0.2522714138031006,0.21188798546791077,-2.0242512226104736
1699888703.314652,-0.2521597146987915,0.21070924401283264,-2.0244762897491455
1699888703.3578453,-0.2516466975212097,0.21009071171283722,-2.0246429443359375
1699888703.402221,-0.24963566660881042,0.20980943739414215,-2.021530866622925
1699888703.4447684,-0.2491142451763153,0.2102625072002411,-2.019202709197998
1699888703.4873261,-0.24887189269065857,0.21129095554351807,-2.01743221282959
1699888703.5305147,-0.2498854398727417,0.21334365010261536,-2.0181686878204346
1699888703.5731711,-0.2503555417060852,0.2143971472978592,-2.020460367202759
1699888703.6143157,-0.2512468993663788,0.21413305401802063,-2.022617816925049
1699888703.6576934,-0.2519599497318268,0.21321605145931244,-2.0238068103790283
1699888703.697785,-0.25306224822998047,0.21327060461044312,-2.0246548652648926
1699888703.7400134,-0.25406137108802795,0.21306419372558594,-2.025421380996704
1699888703.7826357,-0.2549435794353485,0.21218156814575195,-2.0256874561309814
1699888703.8241327,-0.25493648648262024,0.21177542209625244,-2.0253870487213135
1699888703.868906,-0.2560108006000519,0.21013230085372925,-2.0244033336639404
1699888703.9087687,-0.254287451505661,0.21055839955806732,-2.0238261222839355
1699888703.9544737,-0.2529853880405426,0.21152770519256592,-2.0239269733428955
1699888703.995604,-0.25076138973236084,0.21317167580127716,-2.0242881774902344
1699888704.039241,-0.24791410565376282,0.21612268686294556,-2.028088331222534
1699888704.082887,-0.24694502353668213,0.2178584635257721,-2.0306968688964844
1699888704.1297581,-0.24710014462471008,0.21831201016902924,-2.033583879470825
1699888704.1741238,-0.24765406548976898,0.2179199755191803,-2.0368893146514893
1699888704.2211392,-0.24799410998821259,0.21705631911754608,-2.037304401397705
1699888704.2634673,-0.24882325530052185,0.21620941162109375,-2.0373682975769043
1699888704.308465,-0.25164663791656494,0.21377252042293549,-2.0374937057495117
1699888704.3518305,-0.2528403103351593,0.21306896209716797,-2.035984754562378
1699888704.3942895,-0.2534564435482025,0.21195374429225922,-2.033247709274292
1699888704.4368062,-0.2519074082374573,0.21035532653331757,-2.0295066833496094
1699888704.4781435,-0.24999110400676727,0.20985691249370575,-2.026312828063965
1699888704.5222595,-0.24932412803173065,0.2094458043575287,-2.0243754386901855
1699888704.5639348,-0.24863788485527039,0.2096051722764969,-2.0231590270996094
1699888704.6088018,-0.24697306752204895,0.20996759831905365,-2.0191049575805664
1699888704.6524184,-0.2462857961654663,0.21098800003528595,-2.018021821975708
1699888704.692739,-0.24660088121891022,0.21128179132938385,-2.016556978225708
1699888704.734891,-0.24634388089179993,0.211070716381073,-2.0139756202697754
1699888704.77744,-0.24670764803886414,0.210542693734169,-2.0138285160064697
1699888704.819927,-0.24696171283721924,0.20991124212741852,-2.01391339302063
1699888704.8626044,-0.2447420209646225,0.20932236313819885,-2.0106985569000244
1699888704.8943276,-0.24199575185775757,0.20918008685112,-2.0031352043151855
1699888704.924324,-0.24139821529388428,0.20863479375839233,-2.0019190311431885
1699888704.9544792,-0.2402307242155075,0.20873583853244781,-2.0037119388580322
1699888704.9850812,-0.23909467458724976,0.2092353105545044,-2.0071358680725098
1699888705.0165803,-0.23863869905471802,0.2096824049949646,-2.0099050998687744
1699888705.046706,-0.2382255345582962,0.21033348143100739,-2.013115644454956
1699888705.0785139,-0.2381344437599182,0.21052412688732147,-2.0139663219451904
1699888705.1101592,-0.23969432711601257,0.21062612533569336,-2.0165390968322754
1699888705.1417658,-0.24205642938613892,0.21025320887565613,-2.0189695358276367
1699888705.1729317,-0.24300561845302582,0.210286945104599,-2.019427537918091
1699888705.202523,-0.24386443197727203,0.2104240357875824,-2.0207436084747314
1699888705.234459,-0.24475747346878052,0.2101522535085678,-2.023982048034668
1699888705.2650418,-0.24632473289966583,0.20979882776737213,-2.0288233757019043
1699888705.3006556,-0.24688269197940826,0.208965003490448,-2.0312721729278564
1699888705.3352666,-0.24965336918830872,0.20668400824069977,-2.035287857055664
1699888705.367929,-0.25248458981513977,0.2039220631122589,-2.040024757385254
1699888705.403542,-0.256244957447052,0.20146363973617554,-2.0434584617614746
1699888705.4341497,-0.2589775323867798,0.19927409291267395,-2.046135663986206
1699888705.4677737,-0.2580234706401825,0.19978941977024078,-2.0445659160614014
1699888705.5023756,-0.2552154064178467,0.20277263224124908,-2.0416572093963623
1699888705.5340176,-0.2535199820995331,0.205739364027977,-2.0387706756591797
1699888705.5686855,-0.2514145076274872,0.20816941559314728,-2.036043882369995
1699888705.600332,-0.2503538727760315,0.21040454506874084,-2.0339395999908447
1699888705.63397,-0.25027555227279663,0.2128393054008484,-2.0336103439331055
1699888705.668917,-0.25075963139533997,0.2146196961402893,-2.034046173095703
1699888705.7005327,-0.2511836290359497,0.21559245884418488,-2.034442186355591
1699888705.7341547,-0.2508809566497803,0.21691009402275085,-2.0333759784698486
1699888705.7678387,-0.24946744740009308,0.21798302233219147,-2.0295958518981934
1699888705.8024273,-0.24845156073570251,0.2181577831506729,-2.027891159057617
1699888705.8343182,-0.24723954498767853,0.21799519658088684,-2.024294853210449
1699888705.8705933,-0.24529659748077393,0.2174449861049652,-2.0193021297454834
1699888705.901205,-0.24431870877742767,0.2164520025253296,-2.0150399208068848
1699888705.934834,-0.24393849074840546,0.2152295708656311,-2.0119946002960205
1699888705.9705179,-0.24585045874118805,0.21395617723464966,-2.0144269466400146
1699888706.0031164,-0.2458505928516388,0.21303027868270874,-2.0134620666503906
1699888706.0365033,-0.24688328802585602,0.21239669620990753,-2.0154566764831543
1699888706.069621,-0.24778439104557037,0.21181491017341614,-2.0193655490875244
1699888706.1027114,-0.24775616824626923,0.2115829586982727,-2.023341178894043
1699888706.1347868,-0.24772222340106964,0.21222487092018127,-2.0282182693481445
1699888706.169783,-0.2487160712480545,0.21304751932621002,-2.0338499546051025
1699888706.2044022,-0.2498771697282791,0.21341761946678162,-2.039618730545044
1699888706.2349885,-0.2504863440990448,0.2137128859758377,-2.0448532104492188
1699888706.2716956,-0.25231707096099854,0.21336038410663605,-2.0495617389678955
1699888706.3042905,-0.2524288594722748,0.21309736371040344,-2.0525095462799072
1699888706.338632,-0.25154876708984375,0.21301184594631195,-2.0537877082824707
1699888706.3709757,-0.2505754828453064,0.21343670785427094,-2.0536162853240967
1699888706.4043787,-0.2489141821861267,0.21408577263355255,-2.051846742630005
1699888706.4377756,-0.2482355237007141,0.2150641530752182,-2.0510897636413574
1699888706.4698608,-0.24745529890060425,0.215531125664711,-2.0474507808685303
1699888706.5064712,-0.24701042473316193,0.21531115472316742,-2.042557716369629
1699888706.5384989,-0.24619561433792114,0.21425315737724304,-2.0371646881103516
1699888706.5736368,-0.24609903991222382,0.2122061550617218,-2.0323569774627686
1699888706.6068366,-0.24685469269752502,0.21014545857906342,-2.0279040336608887
1699888706.6390224,-0.24784228205680847,0.20837965607643127,-2.0244510173797607
1699888706.6726377,-0.24843958020210266,0.20714077353477478,-2.0225167274475098
1699888706.7167065,-0.248805433511734,0.20617176592350006,-2.0220038890838623
1699888706.763159,-0.24895942211151123,0.20607489347457886,-2.021996021270752
1699888706.808454,-0.24823646247386932,0.20820149779319763,-2.021407127380371
1699888706.8510976,-0.2494051158428192,0.20978742837905884,-2.0234315395355225
1699888706.8884687,-0.24943727254867554,0.21055997908115387,-2.025932788848877
1699888706.9202456,-0.2500136196613312,0.21077005565166473,-2.028900623321533
1699888706.9502559,-0.2509354054927826,0.2109806388616562,-2.0307769775390625
1699888706.9808695,-0.25099578499794006,0.21070775389671326,-2.0331594944000244
1699888707.0124931,-0.2503487169742584,0.2106872946023941,-2.033839702606201
1699888707.0420928,-0.24951189756393433,0.21089814603328705,-2.0327398777008057
1699888707.0743413,-0.2485434114933014,0.210912823677063,-2.029906988143921
1699888707.1065276,-0.24841827154159546,0.21038831770420074,-2.027862787246704
1699888707.1425645,-0.2483941614627838,0.20918291807174683,-2.0263564586639404
1699888707.1746583,-0.24820342659950256,0.20862962305545807,-2.0262513160705566
1699888707.2078588,-0.24890859425067902,0.20808666944503784,-2.0270943641662598
1699888707.2487373,-0.24985259771347046,0.20766949653625488,-2.028323173522949
1699888707.2802083,-0.25038349628448486,0.20715387165546417,-2.029531478881836
1699888707.3128195,-0.2508840262889862,0.20664054155349731,-2.030613422393799
1699888707.3443809,-0.2518209218978882,0.20685598254203796,-2.031792163848877
1699888707.3765054,-0.2531934380531311,0.2063688337802887,-2.0331265926361084
1699888707.40834,-0.2541961371898651,0.2059650719165802,-2.0349786281585693
1699888707.4427207,-0.25574377179145813,0.20627595484256744,-2.0364041328430176
1699888707.476431,-0.25637081265449524,0.20644114911556244,-2.037829637527466
1699888707.5100334,-0.25728273391723633,0.20768925547599792,-2.0385701656341553
1699888707.5437236,-0.2568992078304291,0.2089598923921585,-2.039182186126709
1699888707.5767324,-0.25633201003074646,0.2096690684556961,-2.0403337478637695
1699888707.6102302,-0.2561836242675781,0.21034523844718933,-2.0419883728027344
1699888707.6428869,-0.25657525658607483,0.21030756831169128,-2.044018030166626
1699888707.6765044,-0.25663048028945923,0.21008403599262238,-2.045248031616211
1699888707.7096214,-0.2568802535533905,0.21004249155521393,-2.045905590057373
1699888707.7429974,-0.25593462586402893,0.2099679857492447,-2.0456151962280273
1699888707.776695,-0.2548852562904358,0.20942233502864838,-2.045099973678589
1699888713.3605118,0.0495055690407753,0.010461421683430672,-1.976930022239685
1699888713.4346676,0.052311208099126816,0.02996848151087761,-1.9283912181854248
1699888713.5027275,0.05716662108898163,0.031246567144989967,-1.9120088815689087
1699888713.5684538,0.05963541567325592,0.03166467323899269,-1.9051783084869385
1699888713.6383715,0.057820700109004974,0.02855827473104,-1.9067295789718628
1699888713.7025974,0.05442096292972565,0.0233667753636837,-1.9075584411621094
1699888713.778548,0.05361093580722809,0.020953120663762093,-1.9061036109924316
1699888713.8516364,0.0545772984623909,0.019561853259801865,-1.9056777954101562
1699888713.8945208,0.05555388331413269,0.019391169771552086,-1.9044222831726074
1699888713.9376826,0.060458652675151825,0.024265920743346214,-1.8961536884307861
1699888713.978741,0.06156586855649948,0.026376798748970032,-1.8931983709335327
1699888714.0214608,0.0608891099691391,0.02844427525997162,-1.891945719718933
1699888714.0645542,0.061238739639520645,0.0300445593893528,-1.8906210660934448
1699888714.1066144,0.06303837150335312,0.031965553760528564,-1.886247158050537
1699888714.149737,0.061152730137109756,0.03245136886835098,-1.8853538036346436
1699888714.1927948,0.061027027666568756,0.03464428707957268,-1.8833039999008179
1699888714.2350383,0.06022064760327339,0.039877671748399734,-1.8778029680252075
1699888714.2788346,0.060779355466365814,0.042134739458560944,-1.877486228942871
1699888714.3248708,0.0598832406103611,0.04327545315027237,-1.8772475719451904
1699888714.3687253,0.057867083698511124,0.0412110835313797,-1.880558967590332
1699888714.4115424,0.05627485364675522,0.03795324265956879,-1.8851206302642822
1699888714.4547105,0.056469984352588654,0.03699426352977753,-1.8862367868423462
1699888714.4989004,0.05570709705352783,0.03573064133524895,-1.887978434562683
1699888714.54051,0.05523671582341194,0.03547383099794388,-1.8861823081970215
1699888714.5820565,0.05621017888188362,0.03614582121372223,-1.8840608596801758
1699888714.6251037,0.055438507348299026,0.03551439195871353,-1.885161280632019
1699888714.6693256,0.05547522380948067,0.0362691804766655,-1.885528802871704
1699888714.7124372,0.0534546785056591,0.03517351672053337,-1.8895668983459473
1699888714.758085,0.05239613354206085,0.03311645984649658,-1.892951250076294
1699888714.8016572,0.05188800022006035,0.03129084035754204,-1.8962743282318115
1699888714.8426836,0.053392574191093445,0.029718492180109024,-1.899703025817871
1699888714.8852696,0.0558500811457634,0.030378391966223717,-1.8996453285217285
1699888714.928836,0.05788745358586311,0.031195690855383873,-1.8993779420852661
1699888714.9706366,0.06033290922641754,0.03117634914815426,-1.895267128944397
1699888715.0146976,0.06075911596417427,0.033186085522174835,-1.8899919986724854
1699888715.0552425,0.061338771134614944,0.03270505741238594,-1.8874611854553223
1699888715.0976915,0.06194259971380234,0.03134099766612053,-1.8883800506591797
1699888715.1408257,0.06167272478342056,0.029931029304862022,-1.891549825668335
1699888715.182362,0.05996442213654518,0.029098279774188995,-1.8964545726776123
1699888715.2264574,0.05836081504821777,0.02849402092397213,-1.9001564979553223
1699888715.2697058,0.058381468057632446,0.027820134535431862,-1.9020241498947144
1699888715.3113892,0.05663762986660004,0.027630530297756195,-1.9008997678756714
1699888715.3520477,0.055380500853061676,0.028881574049592018,-1.898020625114441
1699888715.39472,0.05436838045716286,0.029842879623174667,-1.8962541818618774
1699888715.4376674,0.05383288115262985,0.03085489012300968,-1.894697904586792
1699888715.4802032,0.05370456725358963,0.03297952562570572,-1.8922964334487915
1699888715.52325,0.057162828743457794,0.03329259157180786,-1.8911490440368652
1699888715.564031,0.059200406074523926,0.03139449656009674,-1.8923375606536865
1699888715.6050582,0.06093956157565117,0.02976110205054283,-1.8920035362243652
1699888715.6481495,0.06346581876277924,0.029231920838356018,-1.890637993812561
1699888715.6907136,0.06347282230854034,0.02949054166674614,-1.888770580291748
1699888715.7327867,0.06260937452316284,0.030184030532836914,-1.8878867626190186
1699888715.7751787,0.06481510400772095,0.031106432899832726,-1.8842347860336304
1699888715.818426,0.06380756199359894,0.030427446588873863,-1.883349895477295
1699888715.858548,0.06445063650608063,0.030459662899374962,-1.8822076320648193
1699888715.8896456,0.06547052413225174,0.031057510524988174,-1.8817429542541504
1699888715.9207098,0.06648357957601547,0.03198099881410599,-1.8813362121582031
1699888715.950778,0.06673932075500488,0.03247595205903053,-1.8824899196624756
1699888715.9798646,0.06637237966060638,0.0328415110707283,-1.8844945430755615
1699888716.0094383,0.06570591032505035,0.03317089378833771,-1.8869869709014893
1699888716.0404835,0.06555832922458649,0.03361158072948456,-1.8886785507202148
1699888716.0725799,0.06570236384868622,0.034059472382068634,-1.8888648748397827
1699888716.103913,0.06601475179195404,0.0345214307308197,-1.8881481885910034
1699888716.13853,0.06618700176477432,0.0349196158349514,-1.8873093128204346
1699888716.1703038,0.06627289950847626,0.034821782261133194,-1.8864128589630127
1699888716.203494,0.06594614684581757,0.03526778146624565,-1.8857860565185547
1699888716.2395532,0.06567179411649704,0.035549458116292953,-1.8854551315307617
1699888716.270599,0.06353459507226944,0.036166757345199585,-1.8852944374084473
1699888716.306656,0.06203291565179825,0.036545418202877045,-1.8852859735488892
1699888716.338722,0.06166962534189224,0.03639597445726395,-1.8859621286392212
1699888716.370747,0.06062433868646622,0.03494204580783844,-1.8868739604949951
1699888716.4076178,0.06035653501749039,0.03409426659345627,-1.8876254558563232
1699888716.4411995,0.05924326553940773,0.03248543292284012,-1.8893189430236816
1699888716.4722703,0.059405289590358734,0.03137100115418434,-1.890162706375122
1699888716.5063295,0.05875299498438835,0.03078976832330227,-1.8909130096435547
1699888716.5405521,0.057748835533857346,0.03093172237277031,-1.8913650512695312
1699888716.5721593,0.05683572590351105,0.03040475770831108,-1.892176628112793
1699888716.6087346,0.0560140423476696,0.029194515198469162,-1.8924788236618042
1699888716.6405592,0.05558677390217781,0.029247159138321877,-1.891767978668213
1699888716.6746151,0.05571482330560684,0.028490625321865082,-1.8906573057174683
1699888716.7066867,0.056028254330158234,0.029027670621871948,-1.8883233070373535
1699888716.7410307,0.056535884737968445,0.030135123059153557,-1.8854732513427734
1699888716.7720735,0.05683795362710953,0.031183796003460884,-1.884399175643921
1699888716.8078945,0.057354267686605453,0.030919715762138367,-1.8844140768051147
1699888716.8424137,0.057381901890039444,0.031040824949741364,-1.884328007698059
1699888716.8750021,0.0590696856379509,0.0316723957657814,-1.8834916353225708
1699888716.9075494,0.059914737939834595,0.03064838796854019,-1.8838328123092651
1699888716.9410906,0.0594685897231102,0.02900429628789425,-1.8852992057800293
1699888716.9751322,0.05973825603723526,0.02791024185717106,-1.8862395286560059
1699888717.0087075,0.06082303822040558,0.027244549244642258,-1.8866117000579834
1699888717.0412285,0.06181025505065918,0.02713831700384617,-1.8867939710617065
1699888717.0752866,0.06259556859731674,0.02755814976990223,-1.8868753910064697
1699888717.106495,0.06296682357788086,0.028490561991930008,-1.886476755142212
1699888717.1415408,0.0629776269197464,0.029953088611364365,-1.8858642578125
1699888717.177608,0.06302400678396225,0.031247572973370552,-1.885237693786621
1699888717.2086964,0.06303465366363525,0.03259684145450592,-1.8847098350524902
1699888717.242305,0.06262621283531189,0.03389842063188553,-1.8834296464920044
1699888717.2817867,0.0622408501803875,0.034668564796447754,-1.8840302228927612
1699888717.3123064,0.061850205063819885,0.03660009428858757,-1.883087158203125
1699888717.3405097,0.06152171269059181,0.03724107891321182,-1.8841052055358887
1699888717.3767757,0.061299342662096024,0.03799322247505188,-1.885474443435669
1699888717.4107583,0.06081945821642876,0.039057545363903046,-1.8854873180389404
1699888717.442899,0.06022284924983978,0.04013515263795853,-1.8845754861831665
1699888717.4754481,0.05959143117070198,0.039258815348148346,-1.8855328559875488
1699888717.5087934,0.058862488716840744,0.03871972858905792,-1.8861744403839111
1699888717.5434167,0.058141857385635376,0.038743238896131516,-1.8868510723114014
1699888717.5763881,0.056088387966156006,0.03773859888315201,-1.8893343210220337
1699888717.609743,0.054986946284770966,0.03531038761138916,-1.8920828104019165
1699888717.6431773,0.0543413907289505,0.0322304330766201,-1.8946501016616821
1699888717.6794004,0.054227493703365326,0.028942374512553215,-1.8962600231170654
1699888717.7224588,0.054443877190351486,0.02648424543440342,-1.896297574043274
1699888717.7666917,0.05510169267654419,0.024715041741728783,-1.8969216346740723
1699888717.8103197,0.05558137223124504,0.022121945396065712,-1.898962140083313
1699888717.8548284,0.0535261332988739,0.01808355003595352,-1.9011434316635132
1699888717.8963299,0.05163732171058655,0.016834300011396408,-1.9003080129623413
1699888717.9384005,0.05031149089336395,0.01822471246123314,-1.8969446420669556
1699888717.9824798,0.049377989023923874,0.020410344004631042,-1.892638921737671
1699888718.024526,0.05015794187784195,0.021955743432044983,-1.8899922370910645
1699888718.0670044,0.05081317201256752,0.022345131263136864,-1.8888170719146729
1699888718.10971,0.05146593600511551,0.022427236661314964,-1.887731671333313
1699888718.152486,0.0526207871735096,0.02218942902982235,-1.8854897022247314
1699888718.1969948,0.05297292023897171,0.019556665793061256,-1.8861788511276245
1699888718.238584,0.05303052067756653,0.018117384985089302,-1.8855364322662354
1699888718.27966,0.055359579622745514,0.017955174669623375,-1.8844139575958252
1699888718.3227162,0.057067204266786575,0.018898122012615204,-1.8810865879058838
1699888718.3657722,0.05656346678733826,0.019889449700713158,-1.8799471855163574
1699888718.4073122,0.05622979998588562,0.0193010400980711,-1.880448579788208
1699888718.450694,0.05417538806796074,0.015012910589575768,-1.8866353034973145
1699888718.494358,0.0537995919585228,0.014725159853696823,-1.888798475265503
1699888722.4006474,-0.037062473595142365,0.19488951563835144,-2.0478227138519287
1699888722.4741511,-0.03727501630783081,0.20012341439723969,-2.041459798812866
1699888722.5317395,-0.03934807330369949,0.17014911770820618,-2.2570416927337646
1699888722.594377,-0.04521195590496063,0.170263409614563,-2.226325035095215
1699888722.658606,-0.043205611407756805,0.16244113445281982,-2.1997931003570557
1699888722.7054894,-0.04110610485076904,0.16064301133155823,-2.184058904647827
1699888722.749586,-0.03944294527173042,0.15927544236183167,-2.1750385761260986
1699888722.7974732,-0.03829874098300934,0.15904037654399872,-2.166008949279785
1699888722.8425527,-0.03698461502790451,0.1587594747543335,-2.1666433811187744
1699888722.8887057,-0.036641281098127365,0.1577722579240799,-2.169099807739258
1699888722.933283,-0.03619509935379028,0.15654373168945312,-2.1689610481262207
1699888722.9763944,-0.03646716848015785,0.15504051744937897,-2.171257257461548
1699888723.0224433,-0.03643638268113136,0.15402761101722717,-2.174860715866089
1699888723.066529,-0.035609565675258636,0.15239356458187103,-2.178725242614746
1699888723.1127913,-0.036312200129032135,0.15262944996356964,-2.1784300804138184
1699888723.1588876,-0.03625191003084183,0.15257669985294342,-2.1769869327545166
1699888723.2039177,-0.03525511547923088,0.15122820436954498,-2.1715610027313232
1699888723.2465415,-0.03512834757566452,0.15076331794261932,-2.168262481689453
1699888723.289355,-0.03558290749788284,0.15091049671173096,-2.1641359329223633
1699888723.3355439,-0.03539486974477768,0.15049971640110016,-2.1583290100097656
1699888723.378135,-0.0344376303255558,0.1502550095319748,-2.1580965518951416
1699888723.4231517,-0.035605378448963165,0.1512133777141571,-2.1593596935272217
1699888723.467971,-0.03618183732032776,0.15260276198387146,-2.1637394428253174
1699888723.512004,-0.035811200737953186,0.15301643311977386,-2.1684069633483887
1699888723.5586932,-0.0362849086523056,0.1537509709596634,-2.1711337566375732
1699888723.6042728,-0.035404518246650696,0.15437829494476318,-2.1747796535491943
1699888723.644331,-0.03433007001876831,0.15452149510383606,-2.176301956176758
1699888723.6887896,-0.03375554084777832,0.15465965867042542,-2.177100419998169
1699888723.7306206,-0.033918727189302444,0.155058816075325,-2.1768345832824707
1699888723.7740896,-0.036043040454387665,0.1559562087059021,-2.175067186355591
1699888723.8151503,-0.03949296101927757,0.1572519689798355,-2.1734259128570557
1699888723.8567407,-0.04191642999649048,0.15794748067855835,-2.1728665828704834
1699888723.8993943,-0.04239558428525925,0.1575363129377365,-2.1716978549957275
1699888723.942426,-0.041499558836221695,0.1568017601966858,-2.171430826187134
1699888723.9864755,-0.039687223732471466,0.15581300854682922,-2.1727943420410156
1699888724.0290446,-0.03814747557044029,0.1552702784538269,-2.1733686923980713
1699888724.0836053,-0.03547966107726097,0.15455427765846252,-2.175534725189209
1699888724.1301677,-0.03463484346866608,0.15507817268371582,-2.1760988235473633
1699888724.1752195,-0.03390306234359741,0.15637260675430298,-2.175039529800415
1699888724.2247987,-0.034553226083517075,0.1571178436279297,-2.1723413467407227
1699888724.2648404,-0.035440247505903244,0.15781593322753906,-2.1702842712402344
1699888724.3091123,-0.020213522017002106,0.15446896851062775,-2.0933191776275635
1699888724.352156,-0.019325125962495804,0.18184801936149597,-2.0630741119384766
1699888724.3972957,-0.0199117511510849,0.20807421207427979,-2.0545475482940674
1699888724.4426816,-0.021286819130182266,0.23915280401706696,-2.0580193996429443
1699888724.4898088,-0.020054634660482407,0.2400633990764618,-2.0645642280578613
1699888724.5298438,-0.020415648818016052,0.2381964921951294,-2.0706357955932617
1699888724.5744593,-0.022136542946100235,0.23402570188045502,-2.082108974456787
1699888724.6180162,-0.022863946855068207,0.22403782606124878,-2.0855846405029297
1699888724.6611483,-0.02287457138299942,0.21738988161087036,-2.0868566036224365
1699888724.692693,-0.022198639810085297,0.21313105523586273,-2.0859968662261963
1699888724.7222152,-0.02085089683532715,0.21118192374706268,-2.082620620727539
1699888724.752735,-0.019586455076932907,0.21022763848304749,-2.0783591270446777
1699888724.7822585,-0.018266156315803528,0.2094630002975464,-2.075256586074829
1699888724.8118196,-0.01743973419070244,0.20896220207214355,-2.0731332302093506
1699888724.8424308,-0.017498496919870377,0.20886598527431488,-2.071861743927002
1699888724.8715088,-0.017916299402713776,0.20810464024543762,-2.071082353591919
1699888724.9015856,-0.0185588039457798,0.20672714710235596,-2.069544792175293
1699888724.9376242,-0.0199102945625782,0.2047058641910553,-2.0692622661590576
1699888724.9696903,-0.021516088396310806,0.20255351066589355,-2.069535970687866
1699888725.0032394,-0.023233287036418915,0.20076142251491547,-2.0703890323638916
1699888725.0344796,-0.02454063668847084,0.19946864247322083,-2.070889711380005
1699888725.069088,-0.023872647434473038,0.19954589009284973,-2.0698723793029785
1699888725.1041787,-0.02324080839753151,0.20034369826316833,-2.068478584289551
1699888725.1357586,-0.022908303886651993,0.20206069946289062,-2.067044734954834
1699888725.1703484,-0.02243020385503769,0.20375362038612366,-2.065786600112915
1699888725.204383,-0.022075749933719635,0.20466899871826172,-2.064868927001953
1699888725.237469,-0.021611973643302917,0.20548419654369354,-2.064467668533325
1699888725.2696588,-0.020898208022117615,0.20615161955356598,-2.0640742778778076
1699888725.3027468,-0.02045075222849846,0.20706237852573395,-2.064286708831787
1699888725.336981,-0.019517552107572556,0.20754678547382355,-2.062000036239624
1699888725.3705046,-0.018291980028152466,0.2074214667081833,-2.060720920562744
1699888725.4031565,-0.01820504665374756,0.20708435773849487,-2.061077117919922
1699888725.43829,-0.019371699541807175,0.2069513499736786,-2.0618200302124023
1699888725.4714832,-0.02036255970597267,0.2067003846168518,-2.063556432723999
1699888725.5065932,-0.02067049965262413,0.20664869248867035,-2.065145254135132
1699888725.5382977,-0.02040725201368332,0.20661970973014832,-2.066563844680786
1699888725.5734375,-0.01992863416671753,0.2069510668516159,-2.0673131942749023
1699888725.6045792,-0.020387794822454453,0.20626209676265717,-2.06827712059021
1699888725.6383953,-0.02129233628511429,0.2049708515405655,-2.0699973106384277
1699888725.672533,-0.021768860518932343,0.20343053340911865,-2.068608283996582
1699888725.7065952,-0.0222606360912323,0.20159485936164856,-2.0683019161224365
1699888725.7367864,-0.022076774388551712,0.20152387022972107,-2.067835807800293
1699888725.7723331,-0.022642601281404495,0.20249119400978088,-2.067408561706543
1699888725.8064783,-0.022854074835777283,0.20296265184879303,-2.0674397945404053
1699888725.8390298,-0.022758647799491882,0.20377156138420105,-2.0673036575317383
1699888725.8726113,-0.022301960736513138,0.2046208381652832,-2.0672221183776855
1699888725.905168,-0.021866999566555023,0.2052299827337265,-2.0671679973602295
1699888725.9389,-0.02172810584306717,0.20595680177211761,-2.0667779445648193
1699888725.97249,-0.02151753008365631,0.20658785104751587,-2.066190004348755
1699888726.0065806,-0.0214412659406662,0.20616641640663147,-2.0659351348876953
1699888726.0406318,-0.021126650273799896,0.2058085799217224,-2.065302610397339
1699888726.0727224,-0.02025921642780304,0.20564275979995728,-2.0639054775238037
1699888726.1052303,-0.01956794410943985,0.20606553554534912,-2.0634710788726807
1699888726.140923,-0.019962847232818604,0.20638491213321686,-2.0634775161743164
1699888726.1725793,-0.020041227340698242,0.20673875510692596,-2.062997817993164
1699888726.206621,-0.020644135773181915,0.20755887031555176,-2.06274676322937
1699888726.2406797,-0.021704290062189102,0.20812204480171204,-2.0632405281066895
1699888726.2727654,-0.02308165654540062,0.20832407474517822,-2.0638198852539062
1699888726.3068392,-0.023822177201509476,0.20780709385871887,-2.064605236053467
1699888726.340406,-0.024242229759693146,0.2077842652797699,-2.0642831325531006
1699888726.3745022,-0.024325769394636154,0.20803159475326538,-2.063122034072876
1699888726.408506,-0.024006836116313934,0.2084968388080597,-2.0616443157196045
1699888726.4410524,-0.023322470486164093,0.20794835686683655,-2.060788154602051
1699888726.4765928,-0.02286563441157341,0.207121342420578,-2.0604944229125977
1699888726.5221455,-0.022789951413869858,0.20657777786254883,-2.0598483085632324
1699888726.5632105,-0.022549647837877274,0.20679786801338196,-2.0592947006225586
1699888726.6067886,-0.0223483107984066,0.20765577256679535,-2.0577034950256348
1699888726.6499844,-0.02217070385813713,0.20871490240097046,-2.057236433029175
1699888726.6825848,-0.021637100726366043,0.20893965661525726,-2.0576210021972656
1699888726.7141385,-0.02333972230553627,0.2083277404308319,-2.0663745403289795
1699888726.7446713,-0.02430986613035202,0.20770640671253204,-2.071188449859619
1699888726.7767236,-0.024526022374629974,0.2075929343700409,-2.0713272094726562
1699888726.8107798,-0.024690113961696625,0.2073150873184204,-2.070711851119995
1699888726.8438444,-0.023724209517240524,0.20760197937488556,-2.0686120986938477
1699888726.8763373,-0.02290412411093712,0.2085788995027542,-2.0665276050567627
1699888726.9104767,-0.022020645439624786,0.2095123827457428,-2.064880847930908
1699888726.9425347,-0.02127673104405403,0.21040497720241547,-2.0613787174224854
1699888726.9770885,-0.020689167082309723,0.21064652502536774,-2.057955265045166
1699888727.0116534,-0.021115433424711227,0.21125063300132751,-2.057018756866455
1699888727.042773,-0.02159292995929718,0.21152684092521667,-2.056117296218872
1699888727.07676,-0.02124379202723503,0.21139872074127197,-2.0554168224334717
1699888727.112404,-0.02050730586051941,0.21051302552223206,-2.0557470321655273
1699888727.1449394,-0.019855044782161713,0.209608793258667,-2.0567784309387207
1699888727.179504,-0.019277069717645645,0.20905078947544098,-2.0576586723327637
1699888727.2115655,-0.02004159986972809,0.20920132100582123,-2.059502124786377
1699888727.2446263,-0.02107847109436989,0.20895583927631378,-2.0611486434936523
1699888727.2804034,-0.02195826917886734,0.20861099660396576,-2.0619375705718994
1699888727.316476,-0.021783526986837387,0.20815657079219818,-2.0617120265960693
1699888727.3490841,-0.021272815763950348,0.20733796060085297,-2.0624053478240967
1699888727.37964,-0.02090349793434143,0.20655712485313416,-2.0638797283172607
1699888727.412731,-0.020584948360919952,0.20594798028469086,-2.0644874572753906
1699888727.4437072,-0.020074743777513504,0.2056301236152649,-2.064939022064209
1699888727.4795914,-0.01952069252729416,0.2053535282611847,-2.0644659996032715
1699888727.5142605,-0.019399695098400116,0.20467618107795715,-2.064368963241577
1699888727.546526,-0.01930469647049904,0.20359298586845398,-2.0651233196258545
1699888727.5805707,-0.019568055868148804,0.20236892998218536,-2.0671088695526123
A coordinates: -0.07585344 0.4977591
B coordinates: -0.24881233 0.2101106
