1677530508.5107996,-0.11109701544046402,0.02962528169155121,-1.3526437282562256
1677530508.6776643,-0.10599996149539948,0.03693635016679764,-1.3032221794128418
1677530508.7303238,-0.10514608770608902,0.044419534504413605,-1.3134524822235107
1677530508.787074,-0.10182679444551468,0.05435929447412491,-1.2919343709945679
1677530508.840518,-0.10293463617563248,0.0505826473236084,-1.2864197492599487
1677530508.8936658,-0.1050460934638977,0.04488705098628998,-1.2930259704589844
1677530508.9424353,-0.10689830034971237,0.04001682996749878,-1.2863765954971313
1677530508.9890883,-0.10972219705581665,0.03875187039375305,-1.2764780521392822
1677530509.0380578,-0.1102997362613678,0.03728562593460083,-1.2727468013763428
1677530509.0937855,-0.11156535148620605,0.03687872737646103,-1.2684011459350586
1677530509.1417124,-0.11054331064224243,0.03603189438581467,-1.2663379907608032
1677530509.186596,-0.10706216841936111,0.03448929637670517,-1.2687102556228638
1677530509.231656,-0.1046629324555397,0.033141396939754486,-1.2758476734161377
1677530509.2769372,-0.1030949130654335,0.033372193574905396,-1.2785683870315552
1677530509.3244138,-0.10222335904836655,0.033806368708610535,-1.2797484397888184
1677530509.3705356,-0.10303157567977905,0.03332233428955078,-1.2758837938308716
1677530509.4160316,-0.10208272933959961,0.030125945806503296,-1.2826237678527832
1677530509.4613104,-0.10167510062456131,0.03063829243183136,-1.287428379058838
1677530509.509571,-0.10242161899805069,0.033509500324726105,-1.2843470573425293
1677530509.5551832,-0.10501915216445923,0.03536618500947952,-1.2770615816116333
1677530509.600575,-0.10706769675016403,0.03638681024312973,-1.2739312648773193
1677530509.647182,-0.10928132385015488,0.03899405896663666,-1.2648980617523193
1677530509.691129,-0.1090863049030304,0.03987130522727966,-1.2625722885131836
1677530509.735178,-0.10894520580768585,0.03910382091999054,-1.2604680061340332
1677530509.7812448,-0.10971049219369888,0.039325036108493805,-1.2559728622436523
1677530509.8257675,-0.10966639965772629,0.04062856733798981,-1.256836175918579
1677530509.8711772,-0.11022698879241943,0.041749969124794006,-1.257690668106079
1677530509.9172041,-0.11165400594472885,0.04301483929157257,-1.2592742443084717
1677530509.963691,-0.11220020055770874,0.04400419443845749,-1.2608352899551392
1677530510.010013,-0.11270705610513687,0.04607444256544113,-1.2624552249908447
1677530510.0553756,-0.11235630512237549,0.048555195331573486,-1.2637226581573486
1677530510.0998235,-0.11158314347267151,0.04919442534446716,-1.2652908563613892
1677530510.144232,-0.11099262535572052,0.04881422966718674,-1.2659553289413452
1677530510.1900241,-0.11042305082082748,0.046556174755096436,-1.2651216983795166
1677530510.2376425,-0.11053957045078278,0.04572078585624695,-1.26506507396698
1677530510.2836764,-0.11037704348564148,0.046643927693367004,-1.2653306722640991
1677530510.328788,-0.11093838512897491,0.04573311656713486,-1.264018177986145
1677530510.3735285,-0.11200732737779617,0.04428042471408844,-1.2609888315200806
1677530510.4188101,-0.11259304732084274,0.04086437076330185,-1.2586227655410767
1677530510.4654956,-0.11204934865236282,0.0400305911898613,-1.2595510482788086
1677530510.5130417,-0.11139622330665588,0.03821305185556412,-1.2661527395248413
1677530510.5579019,-0.1090102344751358,0.03776288777589798,-1.2741198539733887
1677530510.6042795,-0.10779193043708801,0.038045644760131836,-1.2767895460128784
1677530510.6504996,-0.10800191760063171,0.039146825671195984,-1.2693835496902466
1677530510.697808,-0.1095273345708847,0.04109852761030197,-1.2669751644134521
1677530510.7449741,-0.11099349707365036,0.041405320167541504,-1.2647876739501953
1677530510.7917693,-0.11315558850765228,0.04012221097946167,-1.2591615915298462
1677530510.839017,-0.11380775272846222,0.04085467755794525,-1.2589110136032104
1677530510.8831482,-0.11408793926239014,0.04184957593679428,-1.259493350982666
1677530510.9298718,-0.11438526213169098,0.043015412986278534,-1.2593629360198975
1677530510.9758642,-0.11449310183525085,0.04431609809398651,-1.258620023727417
1677530511.0214503,-0.1150955855846405,0.04745618253946304,-1.25913667678833
1677530511.0674105,-0.11493449658155441,0.04796532541513443,-1.2599456310272217
1677530511.1128423,-0.1143563762307167,0.04845304787158966,-1.2602269649505615
1677530511.157971,-0.11427587270736694,0.04811221361160278,-1.2594020366668701
1677530511.2026205,-0.1138516217470169,0.04706132411956787,-1.2608734369277954
1677530511.2479556,-0.11349301040172577,0.045693933963775635,-1.2606230974197388
1677530511.2944179,-0.11200375109910965,0.04574856907129288,-1.2587372064590454
1677530511.3391418,-0.11013313382863998,0.04503975063562393,-1.2573367357254028
1677530511.3839734,-0.10880551487207413,0.043776072561740875,-1.2549504041671753
1677530511.4280999,-0.10666900128126144,0.04024229943752289,-1.2544968128204346
1677530511.4763756,-0.10585726797580719,0.037104859948158264,-1.2544044256210327
1677530511.5217676,-0.10509612411260605,0.032445020973682404,-1.254481315612793
1677530511.5655198,-0.10492932051420212,0.03128211200237274,-1.2640020847320557
1677530511.6130977,-0.1049116924405098,0.03214559704065323,-1.2653532028198242
1677530511.6601858,-0.1062249019742012,0.03388114273548126,-1.2643791437149048
1677530511.7084885,-0.10710419714450836,0.03599957376718521,-1.2625353336334229
1677530511.7564452,-0.10782453417778015,0.03846822679042816,-1.2599550485610962
1677530511.805089,-0.10762424767017365,0.03818276524543762,-1.262444257736206
1677530511.854167,-0.10798010975122452,0.038621000945568085,-1.2593661546707153
1677530511.8993108,-0.11059676110744476,0.04030321538448334,-1.2565422058105469
1677530511.943338,-0.11209941655397415,0.04271474480628967,-1.2576690912246704
1677530511.9885361,-0.11339369416236877,0.04591326415538788,-1.2582948207855225
1677530512.036336,-0.11327899247407913,0.04802758991718292,-1.2585549354553223
1677530512.0840924,-0.11342386156320572,0.048505328595638275,-1.2576091289520264
1677530512.1287985,-0.11340469121932983,0.04784942418336868,-1.2564482688903809
1677530512.174158,-0.11341051757335663,0.04775694012641907,-1.2571690082550049
1677530512.218441,-0.11313953995704651,0.04704032838344574,-1.2576637268066406
1677530512.2653818,-0.11323091387748718,0.047257035970687866,-1.2583619356155396
1677530512.3136868,-0.11194350570440292,0.046153753995895386,-1.2570610046386719
1677530512.359394,-0.11067726463079453,0.04791361093521118,-1.25747811794281
1677530512.407247,-0.110855333507061,0.049264825880527496,-1.2572870254516602
1677530512.4533975,-0.11156601458787918,0.049677878618240356,-1.2568784952163696
1677530512.4973245,-0.11269306391477585,0.05071964114904404,-1.2544751167297363
1677530512.5442,-0.11316946893930435,0.050581298768520355,-1.252763032913208
1677530512.5908406,-0.11400018632411957,0.0507960319519043,-1.2522305250167847
1677530512.6348395,-0.11341150104999542,0.04864382743835449,-1.2524718046188354
1677530512.6813757,-0.11298559606075287,0.047767750918865204,-1.255392074584961
1677530512.7286108,-0.11364243179559708,0.046664901077747345,-1.257939338684082
1677530512.7740693,-0.11432474106550217,0.045445747673511505,-1.2575092315673828
1677530512.8198993,-0.11464279890060425,0.04422512650489807,-1.2556405067443848
1677530512.8660762,-0.11378081142902374,0.04362808167934418,-1.2517876625061035
1677530512.9144063,-0.11267911642789841,0.04450233280658722,-1.2515236139297485
1677530512.9597363,-0.11192344129085541,0.04406341165304184,-1.2527259588241577
1677530513.0049875,-0.11143244802951813,0.0442533940076828,-1.2539291381835938
1677530513.0505822,-0.1108352392911911,0.04359620064496994,-1.2535361051559448
1677530513.0973952,-0.11165132373571396,0.04143494367599487,-1.2680760622024536
1677530513.141285,-0.11302603781223297,0.04268424212932587,-1.2706449031829834
1677530513.1850162,-0.11389457434415817,0.0432477742433548,-1.2706202268600464
1677530513.2304468,-0.11427094042301178,0.04558490216732025,-1.2677768468856812
1677530513.278275,-0.11455785483121872,0.044372230768203735,-1.2632259130477905
1677530513.3237214,-0.11492916941642761,0.042078547179698944,-1.2593485116958618
1677530513.3702068,-0.11523059755563736,0.03754349797964096,-1.2571837902069092
1677530513.4173546,-0.11498000472784042,0.03593704104423523,-1.2556877136230469
1677530513.4617054,-0.11493197083473206,0.03548724204301834,-1.2543224096298218
1677530513.5075216,-0.11417761445045471,0.03699314594268799,-1.261448621749878
1677530513.5533485,-0.11279073357582092,0.03851685672998428,-1.2676523923873901
1677530513.5998983,-0.11011077463626862,0.041361041367053986,-1.2708312273025513
1677530513.644616,-0.10967022180557251,0.04364876449108124,-1.2694982290267944
1677530513.6913178,-0.11025424301624298,0.044886767864227295,-1.2678910493850708
1677530513.7362165,-0.11223000288009644,0.046428605914115906,-1.2636222839355469
1677530513.7811933,-0.11389272660017014,0.047550685703754425,-1.2596813440322876
1677530513.8259811,-0.11493872106075287,0.04800617694854736,-1.2580682039260864
1677530513.8722894,-0.11582230031490326,0.04935775697231293,-1.2541037797927856
1677530513.9185956,-0.1162126436829567,0.04941675812005997,-1.2539417743682861
1677530513.965069,-0.11582648009061813,0.04744044691324234,-1.2529478073120117
1677530514.0107975,-0.1153239905834198,0.04641050845384598,-1.255696177482605
1677530514.0588596,-0.11466757208108902,0.044956475496292114,-1.2567923069000244
1677530514.1035826,-0.11409765481948853,0.044617779552936554,-1.2581840753555298
1677530514.152591,-0.11401442438364029,0.043937958776950836,-1.2569663524627686
1677530514.198846,-0.11434023082256317,0.044332630932331085,-1.253613829612732
1677530514.2436934,-0.1144339069724083,0.04408393055200577,-1.2485053539276123
1677530514.2883487,-0.11458323895931244,0.04363410174846649,-1.2475006580352783
1677530514.333499,-0.11484283953905106,0.0416855663061142,-1.2434577941894531
1677530514.3784163,-0.11383125185966492,0.04044891148805618,-1.244868278503418
1677530514.4246175,-0.11260482668876648,0.04036862403154373,-1.2477028369903564
1677530514.4684458,-0.11128611117601395,0.03999877721071243,-1.2478022575378418
1677530514.5153701,-0.11077567934989929,0.04116150736808777,-1.2467950582504272
1677530514.5588982,-0.11050374805927277,0.04399178922176361,-1.2470965385437012
1677530514.6045403,-0.10990282148122787,0.045721136033535004,-1.2467687129974365
1677530514.6502266,-0.11026854068040848,0.045615456998348236,-1.248535394668579
1677530514.6946964,-0.11057526618242264,0.045332930982112885,-1.2505613565444946
1677530514.7391708,-0.11009504646062851,0.04605116695165634,-1.2524980306625366
1677530514.7875323,-0.11048293113708496,0.04586049169301987,-1.25272798538208
1677530514.8321357,-0.11170477420091629,0.04456367343664169,-1.2553091049194336
1677530514.8767996,-0.1126461997628212,0.043476402759552,-1.262651801109314
1677530514.9237852,-0.11321289092302322,0.04258900135755539,-1.267534852027893
1677530514.9711955,-0.1124580129981041,0.04125765711069107,-1.2796367406845093
1677530515.018268,-0.11267238110303879,0.04068673402070999,-1.2837309837341309
1677530515.064165,-0.11349764466285706,0.04015269875526428,-1.2808057069778442
1677530515.1089704,-0.11593439429998398,0.0399661585688591,-1.2735570669174194
1677530515.1548135,-0.1169961467385292,0.03972296416759491,-1.2687969207763672
1677530515.2010665,-0.11716485023498535,0.04060426354408264,-1.2668811082839966
1677530515.2460895,-0.11621855199337006,0.04077701270580292,-1.266441822052002
1677530515.2894921,-0.11521714180707932,0.04054441303014755,-1.2730437517166138
1677530515.3341377,-0.11349128931760788,0.038246043026447296,-1.2815994024276733
1677530515.3787174,-0.11299445480108261,0.03965957462787628,-1.2806041240692139
1677530515.425871,-0.11369241774082184,0.04227893799543381,-1.2789677381515503
1677530515.4715266,-0.11486062407493591,0.04534997045993805,-1.2747422456741333
1677530515.5172696,-0.11580685526132584,0.044934630393981934,-1.2704732418060303
1677530515.562146,-0.11585856974124908,0.044594503939151764,-1.2671657800674438
1677530515.6061423,-0.11627589911222458,0.04279375821352005,-1.2612382173538208
1677530515.6500475,-0.11622697860002518,0.042047858238220215,-1.2590885162353516
1677530515.6959994,-0.1156575009226799,0.04270614683628082,-1.2586532831192017
1677530515.741366,-0.11509190499782562,0.043276965618133545,-1.2562435865402222
1677530515.7898562,-0.11413968354463577,0.044046759605407715,-1.2563281059265137
1677530515.8354468,-0.11443082988262177,0.04458706080913544,-1.2551031112670898
1677530515.8802073,-0.11463280022144318,0.04366350173950195,-1.2648097276687622
1677530515.927207,-0.11377722769975662,0.04306846857070923,-1.2742513418197632
1677530515.9738257,-0.1127222403883934,0.043597958981990814,-1.2711796760559082
1677530516.0202563,-0.11294455081224442,0.04356488585472107,-1.2676821947097778
1677530516.0652056,-0.1131795197725296,0.04416985064744949,-1.2651195526123047
1677530516.1091108,-0.11371899396181107,0.04386331886053085,-1.2581337690353394
1677530516.1542587,-0.11247411370277405,0.04097088426351547,-1.260244607925415
1677530516.2002008,-0.11129054427146912,0.0390968918800354,-1.2591218948364258
1677530516.2448533,-0.1096164658665657,0.037177808582782745,-1.2579636573791504
1677530516.2899911,-0.10841082036495209,0.03664736449718475,-1.257454514503479
1677530516.3351474,-0.10817982256412506,0.037016987800598145,-1.2558703422546387
1677530516.3800638,-0.11049876362085342,0.04039081931114197,-1.2526262998580933
1677530516.426148,-0.11192958056926727,0.042923085391521454,-1.2512539625167847
1677530516.4708524,-0.11086758971214294,0.04395788162946701,-1.265397071838379
1677530516.5168335,-0.1106165274977684,0.04440374672412872,-1.275505781173706
1677530516.5610023,-0.11065664887428284,0.04553858935832977,-1.2752737998962402
1677530516.606032,-0.11262858659029007,0.04605479538440704,-1.2734471559524536
1677530516.6548975,-0.11421416699886322,0.04708706587553024,-1.270555019378662
1677530516.6999357,-0.11504008620977402,0.04821121692657471,-1.2683998346328735
1677530516.7473464,-0.11627784371376038,0.05014554411172867,-1.2673107385635376
1677530516.7943707,-0.11531583964824677,0.04798239469528198,-1.264862298965454
1677530516.8391135,-0.11376724392175674,0.04638730734586716,-1.2586842775344849
1677530516.8860853,-0.11317630112171173,0.0451907217502594,-1.2557860612869263
1677530516.9315958,-0.11286081373691559,0.04460246115922928,-1.255648136138916
1677530516.977995,-0.11029756814241409,0.042632147669792175,-1.2699087858200073
1677530517.0235608,-0.10955242067575455,0.040583424270153046,-1.279683232307434
1677530517.0688307,-0.10948362201452255,0.038928352296352386,-1.2863762378692627
1677530517.1127796,-0.10988738387823105,0.042500242590904236,-1.297091007232666
1677530517.159641,-0.11112848669290543,0.04503977298736572,-1.2935534715652466
1677530517.2039137,-0.11230882257223129,0.04708588868379593,-1.2871198654174805
1677530517.2498302,-0.11586844176054001,0.04801027476787567,-1.2776439189910889
1677530517.2980387,-0.11781570315361023,0.04744028300046921,-1.2703883647918701
1677530517.3425725,-0.12023487687110901,0.04708613455295563,-1.2638801336288452
1677530517.3869948,-0.11948444694280624,0.04443937540054321,-1.2612050771713257
1677530517.4329243,-0.11702418327331543,0.04153372347354889,-1.261249303817749
1677530517.4802716,-0.1153673306107521,0.039156727492809296,-1.2616735696792603
1677530517.5265927,-0.11334484815597534,0.03930261731147766,-1.2639175653457642
1677530517.5725486,-0.11205165088176727,0.03939294070005417,-1.2642486095428467
1677530517.6170256,-0.11080865561962128,0.03976187855005264,-1.2607492208480835
1677530517.6637397,-0.10986879467964172,0.040599919855594635,-1.2572485208511353
1677530517.710422,-0.10728033632040024,0.037415049970149994,-1.266778826713562
1677530517.7571845,-0.10669267922639847,0.03704776614904404,-1.2672266960144043
1677530517.8010585,-0.10613935440778732,0.0368342325091362,-1.2654904127120972
1677530517.8458157,-0.10547114908695221,0.039406850934028625,-1.2631895542144775
1677530517.8918471,-0.10598480701446533,0.040550604462623596,-1.2619376182556152
1677530517.9377127,-0.1052391454577446,0.04054325073957443,-1.2609326839447021
1677530517.9835036,-0.10415561497211456,0.03892306983470917,-1.2717124223709106
1677530518.0297554,-0.10484995692968369,0.03795524686574936,-1.279598593711853
1677530518.0743692,-0.10584171861410141,0.03738773614168167,-1.2853280305862427
1677530518.1184285,-0.10778509825468063,0.035495199263095856,-1.28262460231781
1677530518.1643314,-0.10926627367734909,0.03574065864086151,-1.2802469730377197
1677530518.210303,-0.11094753444194794,0.034275852143764496,-1.2789450883865356
1677530518.2569633,-0.11112049221992493,0.03531191498041153,-1.2737088203430176
1677530518.3051913,-0.11104819923639297,0.036303482949733734,-1.2733466625213623
1677530518.3489313,-0.11199621856212616,0.04017806798219681,-1.2658202648162842
1677530518.39349,-0.11192166805267334,0.04082416743040085,-1.2601109743118286
1677530518.439038,-0.1119086816906929,0.04052693396806717,-1.2557215690612793
1677530518.4837463,-0.11193585395812988,0.038558244705200195,-1.251847267150879
1677530518.5289311,-0.11087967455387115,0.037110961973667145,-1.2506067752838135
1677530518.5740266,-0.10990193486213684,0.036913782358169556,-1.250471591949463
1677530518.6203787,-0.10762108862400055,0.036231718957424164,-1.259162187576294
1677530518.666592,-0.10694044828414917,0.035743191838264465,-1.2674789428710938
1677530518.713039,-0.1058163195848465,0.03525649756193161,-1.2769638299942017
1677530518.757504,-0.10655198246240616,0.03563471883535385,-1.2822227478027344
1677530518.8012142,-0.10736050456762314,0.03546528518199921,-1.2874066829681396
1677530518.8452373,-0.10764043033123016,0.03533925116062164,-1.2930811643600464
1677530518.89079,-0.10918251425027847,0.033687591552734375,-1.2994139194488525
1677530518.9398656,-0.11134716123342514,0.035793378949165344,-1.2954827547073364
1677530518.9871154,-0.11552228033542633,0.03878677636384964,-1.2869541645050049
1677530519.0354023,-0.11661677062511444,0.04134856164455414,-1.2787389755249023
1677530519.0813203,-0.11803688108921051,0.04039283096790314,-1.2687584161758423
1677530519.1293716,-0.11665475368499756,0.038011111319065094,-1.2708473205566406
1677530519.1738393,-0.11459685862064362,0.037035539746284485,-1.265688419342041
1677530519.2218347,-0.11156405508518219,0.036899492144584656,-1.2642184495925903
1677530519.2667022,-0.10976839810609818,0.038262151181697845,-1.2686612606048584
1677530519.310553,-0.10876300185918808,0.03941451758146286,-1.2730661630630493
1677530519.3553624,-0.10836232453584671,0.03973233699798584,-1.2734129428863525
1677530519.3993485,-0.10857301950454712,0.04140949249267578,-1.2713205814361572
1677530519.448048,-0.10845168679952621,0.0461076945066452,-1.2654528617858887
1677530519.4925342,-0.10850823670625687,0.047436147928237915,-1.2633235454559326
1677530519.5373554,-0.10851427167654037,0.04756351560354233,-1.2610552310943604
1677530519.582958,-0.10797996073961258,0.04713692516088486,-1.2616857290267944
1677530519.6314604,-0.1078440472483635,0.04684937745332718,-1.261225938796997
1677530519.6771514,-0.10867263376712799,0.0459209680557251,-1.2615242004394531
1677530519.723145,-0.11021938174962997,0.0425693541765213,-1.2629213333129883
1677530519.7712193,-0.11036849021911621,0.04095752537250519,-1.262944221496582
1677530519.8161638,-0.11029953509569168,0.03905085474252701,-1.2659339904785156
1677530519.861974,-0.11065064370632172,0.03965016454458237,-1.267716884613037
1677530519.906113,-0.11051776260137558,0.03949204087257385,-1.269387125968933
1677530519.9527326,-0.11091113090515137,0.04178265482187271,-1.2683147192001343
1677530520.0018778,-0.11171510815620422,0.04321262985467911,-1.266243815422058
1677530520.0504727,-0.11313845962285995,0.046232789754867554,-1.2665483951568604
1677530520.0980043,-0.11359850317239761,0.04661305248737335,-1.265371561050415
1677530520.1410668,-0.11316327750682831,0.04649371653795242,-1.2641490697860718
1677530520.187803,-0.11230681836605072,0.045690834522247314,-1.2619305849075317
1677530520.233908,-0.11158276349306107,0.04538976401090622,-1.2621386051177979
1677530520.2797327,-0.11106906086206436,0.045800864696502686,-1.2609697580337524
1677530520.326477,-0.11080502718687057,0.04407826066017151,-1.2588621377944946
1677530520.374758,-0.11079265177249908,0.04420793056488037,-1.258843183517456
1677530520.4202218,-0.10981149226427078,0.04234478622674942,-1.2706456184387207
1677530520.4656873,-0.11091426759958267,0.04281291365623474,-1.2806591987609863
1677530520.5095558,-0.11269586533308029,0.04273075610399246,-1.2828187942504883
1677530520.554531,-0.11316141486167908,0.04275326430797577,-1.2798999547958374
1677530520.6001585,-0.11349983513355255,0.04284587502479553,-1.2797685861587524
1677530520.64495,-0.11373800784349442,0.04242531955242157,-1.2819924354553223
1677530520.6889517,-0.11300765722990036,0.04154718667268753,-1.286886215209961
1677530520.7356598,-0.11300453543663025,0.04267700016498566,-1.2824114561080933
1677530520.779844,-0.11347025632858276,0.04377875477075577,-1.2786237001419067
1677530520.8242428,-0.11485950648784637,0.0473211407661438,-1.2745169401168823
1677530520.8694365,-0.11432583630084991,0.047613248229026794,-1.2707264423370361
1677530520.914743,-0.11380711197853088,0.04773734509944916,-1.2662272453308105
1677530520.9611864,-0.1139894351363182,0.04837082326412201,-1.2622923851013184
1677530521.007239,-0.11356595903635025,0.04805704206228256,-1.263967752456665
1677530521.053571,-0.11044284701347351,0.04895275831222534,-1.2753876447677612
1677530521.1004217,-0.10931649059057236,0.047032736241817474,-1.2816704511642456
1677530521.1472545,-0.10866744816303253,0.046414121985435486,-1.2795685529708862
1677530521.195364,-0.10992681235074997,0.045078203082084656,-1.2750388383865356
1677530521.2412934,-0.11124825477600098,0.04508322477340698,-1.2733979225158691
1677530521.286092,-0.11222828924655914,0.04499468952417374,-1.2696590423583984
1677530521.3303022,-0.11411775648593903,0.0469219833612442,-1.265990138053894
1677530521.375344,-0.11436592787504196,0.0473644956946373,-1.2641675472259521
1677530521.4209108,-0.1137232556939125,0.046550340950489044,-1.2616512775421143
1677530521.466014,-0.11342386156320572,0.04506492614746094,-1.2589577436447144
1677530521.5124962,-0.11205175518989563,0.04383774846792221,-1.2580074071884155
1677530521.5563097,-0.1100749671459198,0.042155519127845764,-1.2591201066970825
1677530521.6021817,-0.10929734259843826,0.04119756072759628,-1.2668508291244507
1677530521.6472785,-0.10845162719488144,0.04076334089040756,-1.2729301452636719
1677530521.6923614,-0.10643293708562851,0.04254644364118576,-1.281558871269226
1677530521.737204,-0.10822395235300064,0.04320494830608368,-1.285085678100586
1677530521.7834144,-0.10959148406982422,0.043757133185863495,-1.287415623664856
1677530521.829435,-0.11024019867181778,0.04370387643575668,-1.2884024381637573
1677530521.873964,-0.11168549954891205,0.04400194436311722,-1.2902239561080933
1677530521.9206517,-0.11367512494325638,0.045844852924346924,-1.2935093641281128
1677530521.9674494,-0.11432812362909317,0.04818762093782425,-1.2916566133499146
1677530522.013534,-0.11549811065196991,0.04804813861846924,-1.2897007465362549
1677530522.0593677,-0.11775977909564972,0.04961424320936203,-1.2811375856399536
1677530522.108102,-0.11839190125465393,0.04796767979860306,-1.2808053493499756
1677530522.1533577,-0.1186743974685669,0.046964362263679504,-1.2822949886322021
1677530522.1994042,-0.12044179439544678,0.04597606509923935,-1.2787997722625732
1677530522.2449608,-0.12020938098430634,0.04582631587982178,-1.2733439207077026
1677530522.2915633,-0.12177592515945435,0.04455654323101044,-1.266871690750122
1677530522.3381827,-0.12063001096248627,0.04470771551132202,-1.2651655673980713
1677530522.3848557,-0.11973367631435394,0.04503016918897629,-1.2620800733566284
1677530522.4303226,-0.11952318251132965,0.0458013191819191,-1.2568835020065308
1677530522.4751744,-0.11738990247249603,0.04514417052268982,-1.254167914390564
1677530522.5191226,-0.11537130922079086,0.04473034292459488,-1.2531614303588867
1677530522.5635962,-0.11210067570209503,0.044963590800762177,-1.2570756673812866
1677530522.61011,-0.11093676090240479,0.04499651491641998,-1.256905198097229
1677530522.6554608,-0.10989470779895782,0.044728800654411316,-1.258254051208496
1677530522.7004337,-0.10913916677236557,0.043880388140678406,-1.262923240661621
1677530522.7472181,-0.10977650433778763,0.043385133147239685,-1.2708611488342285
1677530522.7946818,-0.10760289430618286,0.0430932492017746,-1.2786970138549805
1677530522.8441641,-0.10761979967355728,0.044882066547870636,-1.2772700786590576
1677530522.8903756,-0.10828106105327606,0.044879816472530365,-1.2744615077972412
1677530522.9373252,-0.1109999269247055,0.045652128756046295,-1.2685010433197021
1677530522.983504,-0.1131620928645134,0.04517171531915665,-1.2650208473205566
1677530523.0290675,-0.11493919789791107,0.0450417622923851,-1.2622624635696411
1677530523.072803,-0.1152416542172432,0.044470563530921936,-1.2611379623413086
1677530523.1186554,-0.11494699865579605,0.04464537650346756,-1.2615448236465454
1677530523.1666462,-0.11429432779550552,0.044025689363479614,-1.271350622177124
1677530523.216342,-0.11438029259443283,0.04416526108980179,-1.2713679075241089
1677530523.2615285,-0.11718591302633286,0.047331467270851135,-1.2689881324768066
1677530523.30646,-0.11947377026081085,0.0493214949965477,-1.2674331665039062
1677530523.3518124,-0.12076782435178757,0.05090821534395218,-1.2673163414001465
1677530523.4010375,-0.126620352268219,0.04791312664747238,-1.2646660804748535
1677530523.4486983,-0.13105396926403046,0.043969474732875824,-1.265082836151123
1677530523.4971573,-0.14055489003658295,0.0413401797413826,-1.2665945291519165
1677530523.5438023,-0.1474052518606186,0.03803911805152893,-1.2662630081176758
1677530523.5888712,-0.15491870045661926,0.035707324743270874,-1.2669389247894287
1677530523.6351988,-0.16929186880588531,0.03101697564125061,-1.266701340675354
1677530523.679451,-0.1790187656879425,0.028890565037727356,-1.2693066596984863
1677530523.7241082,-0.19066540896892548,0.026312798261642456,-1.276220679283142
1677530523.7699552,-0.2090434581041336,0.022675350308418274,-1.283015251159668
1677530523.8143997,-0.22019743919372559,0.021866247057914734,-1.2882188558578491
1677530523.859465,-0.2316323071718216,0.02089773118495941,-1.2932804822921753
1677530523.9056337,-0.2559395432472229,0.01817820966243744,-1.3042850494384766
1677530523.9507434,-0.27163225412368774,0.016602054238319397,-1.3098126649856567
1677530523.9956768,-0.2868548333644867,0.01713547110557556,-1.3167681694030762
1677530524.041719,-0.314180850982666,0.016929790377616882,-1.3300979137420654
1677530524.0860233,-0.32928329706192017,0.01881466805934906,-1.3386300802230835
1677530524.1330435,-0.35555994510650635,0.022401198744773865,-1.3519426584243774
1677530524.1784418,-0.36697039008140564,0.024144768714904785,-1.3596632480621338
1677530524.2249656,-0.3779321610927582,0.02652694284915924,-1.3697128295898438
1677530524.2719095,-0.396349161863327,0.030113577842712402,-1.3854843378067017
1677530524.3187277,-0.40546995401382446,0.03135213255882263,-1.3940588235855103
1677530524.365104,-0.42412951588630676,0.03506094217300415,-1.411303162574768
1677530524.411317,-0.4332888424396515,0.03521515429019928,-1.4203722476959229
1677530524.4596946,-0.44416487216949463,0.035440266132354736,-1.4329396486282349
1677530524.5062344,-0.4725932776927948,0.0346376895904541,-1.4700120687484741
1677530524.5522013,-0.48707321286201477,0.03495296835899353,-1.4922856092453003
1677530524.5975623,-0.4972474277019501,0.03617025911808014,-1.5106607675552368
1677530524.644009,-0.5123414397239685,0.039803266525268555,-1.5383179187774658
1677530524.691422,-0.5148541927337646,0.040788859128952026,-1.542404294013977
1677530524.7369387,-0.5186572074890137,0.04312799870967865,-1.547813057899475
1677530524.7816448,-0.5183377861976624,0.04317323863506317,-1.5446057319641113
1677530524.8282812,-0.5181487798690796,0.04332993924617767,-1.5424507856369019
1677530524.8746355,-0.5196434259414673,0.04714807868003845,-1.5432829856872559
1677530524.9219265,-0.5227370858192444,0.04903151094913483,-1.5514211654663086
1677530524.9683557,-0.5274820327758789,0.05550248920917511,-1.5591586828231812
1677530525.0134952,-0.5338044166564941,0.05844208598136902,-1.5763698816299438
1677530525.0601025,-0.5378402471542358,0.060682445764541626,-1.585824728012085
1677530525.1062613,-0.5411086082458496,0.06639374792575836,-1.5901241302490234
1677530525.1521778,-0.5456074476242065,0.06681999564170837,-1.6013590097427368
1677530525.200724,-0.5483114719390869,0.06795020401477814,-1.6070222854614258
1677530525.2445598,-0.5514172911643982,0.07203450798988342,-1.610886812210083
1677530525.2916021,-0.5522988438606262,0.07064551115036011,-1.6127815246582031
1677530525.3394096,-0.5585940480232239,0.07609714567661285,-1.6303353309631348
1677530525.3852036,-0.5641119480133057,0.07917958498001099,-1.6507261991500854
1677530525.4332023,-0.5677991509437561,0.08221308887004852,-1.6653953790664673
1677530525.4787545,-0.5721936821937561,0.08862285315990448,-1.6803728342056274
1677530525.5232997,-0.5727970004081726,0.08970856666564941,-1.6806447505950928
1677530525.5692499,-0.5725375413894653,0.09149258583784103,-1.6774011850357056
1677530525.6147733,-0.571368396282196,0.0908263623714447,-1.671395182609558
1677530525.6598055,-0.5702658295631409,0.09131481498479843,-1.6677576303482056
1677530525.705312,-0.5690405368804932,0.09238169342279434,-1.6628237962722778
1677530525.7520547,-0.5683032870292664,0.08787152916193008,-1.6578787565231323
1677530525.7980309,-0.5726993680000305,0.08500517904758453,-1.6853631734848022
1677530525.8433762,-0.5738791823387146,0.08338780701160431,-1.7018237113952637
1677530525.891651,-0.5732629895210266,0.07883995771408081,-1.6934840679168701
1677530525.9382846,-0.572979211807251,0.075251504778862,-1.6864427328109741
1677530525.9860818,-0.5736167430877686,0.07400205731391907,-1.6873087882995605
1677530526.031587,-0.5737394690513611,0.07288128137588501,-1.6902122497558594
1677530526.0764556,-0.5761937499046326,0.07086643576622009,-1.7096366882324219
1677530526.1231608,-0.5766541957855225,0.07125209271907806,-1.7185114622116089
1677530526.1708732,-0.5769234895706177,0.071434885263443,-1.7208014726638794
1677530526.2147102,-0.5769161581993103,0.07051967084407806,-1.7238647937774658
1677530526.2611654,-0.5768788456916809,0.06931152939796448,-1.721044659614563
1677530526.308005,-0.5751681923866272,0.06729422509670258,-1.7050739526748657
1677530526.3568034,-0.5742635726928711,0.06674012541770935,-1.6973754167556763
1677530526.4057837,-0.5719517469406128,0.0662912130355835,-1.6815073490142822
1677530526.4542577,-0.5696043372154236,0.0656818151473999,-1.6715503931045532
1677530526.5009868,-0.5670954585075378,0.0647730827331543,-1.6635202169418335
1677530526.546426,-0.5643921494483948,0.0639854222536087,-1.6557867527008057
1677530526.5934358,-0.5648104548454285,0.0637541264295578,-1.653356909751892
1677530526.6398137,-0.5649064779281616,0.06457620859146118,-1.6543148756027222
1677530526.6856976,-0.5654696822166443,0.06630222499370575,-1.660284161567688
1677530526.731766,-0.5656219124794006,0.06706231832504272,-1.6625428199768066
1677530526.7788327,-0.5666899681091309,0.06782974302768707,-1.6643598079681396
1677530526.8281002,-0.5676336884498596,0.06705671548843384,-1.6604620218276978
1677530526.8741581,-0.5690544247627258,0.06586511433124542,-1.656666874885559
1677530526.9200935,-0.5704684853553772,0.06447505950927734,-1.6534298658370972
1677530526.964692,-0.571621835231781,0.06409181654453278,-1.651992678642273
1677530527.0106504,-0.5727261900901794,0.064354807138443,-1.6533663272857666
1677530527.0572968,-0.5726786851882935,0.06491120159626007,-1.6554524898529053
1677530527.1046877,-0.5724089741706848,0.06543074548244476,-1.6586805582046509
1677530527.1495597,-0.5713690519332886,0.06564870476722717,-1.6552081108093262
1677530527.1954932,-0.5711162090301514,0.06619040668010712,-1.6542925834655762
1677530527.2413826,-0.5719009041786194,0.06651081144809723,-1.6609033346176147
1677530527.2884383,-0.5719547271728516,0.06657366454601288,-1.664426326751709
1677530527.3331885,-0.5720922946929932,0.0664970874786377,-1.6665520668029785
1677530527.3806903,-0.5715808272361755,0.06666989624500275,-1.6666959524154663
1677530527.427405,-0.5719248056411743,0.06648778915405273,-1.6713613271713257
1677530527.4763827,-0.5703113079071045,0.06735533475875854,-1.6716854572296143
1677530527.524751,-0.5684463381767273,0.06723660230636597,-1.6695083379745483
1677530527.5696943,-0.5669195055961609,0.06665857136249542,-1.6664304733276367
1677530527.6170228,-0.5678907036781311,0.06569541990756989,-1.6751292943954468
1677530527.6624749,-0.5681688785552979,0.0652761310338974,-1.6743288040161133
1677530527.7101424,-0.5704778432846069,0.06449869275093079,-1.6716400384902954
1677530527.7562969,-0.5730856657028198,0.06527699530124664,-1.6751251220703125
1677530527.8019738,-0.5770443081855774,0.0660453736782074,-1.689185380935669
1677530527.8488054,-0.5828685164451599,0.06669729948043823,-1.7267388105392456
1677530527.8978076,-0.5833162069320679,0.06740662455558777,-1.7326470613479614
1677530527.9456315,-0.5838627219200134,0.06871271133422852,-1.746512770652771
1677530527.9934983,-0.5839196443557739,0.06844773888587952,-1.7620388269424438
1677530528.0379045,-0.5839670896530151,0.06754380464553833,-1.7817450761795044
1677530528.0834508,-0.585992157459259,0.06769250333309174,-1.7677620649337769
1677530528.1299121,-0.5865491032600403,0.06757856905460358,-1.750879168510437
1677530528.178461,-0.587019145488739,0.06653967499732971,-1.740576148033142
1677530528.2263923,-0.5871954560279846,0.06563363969326019,-1.7371087074279785
1677530528.271753,-0.5863973498344421,0.06510624289512634,-1.7319221496582031
1677530528.3175962,-0.5845046639442444,0.06420578062534332,-1.7106555700302124
1677530528.3627174,-0.5832145810127258,0.06283515691757202,-1.6884574890136719
1677530528.4098732,-0.580439567565918,0.06215798854827881,-1.6667739152908325
1677530528.4578538,-0.5768423676490784,0.06105421483516693,-1.637002944946289
1677530528.502819,-0.5762801170349121,0.06096084415912628,-1.6256953477859497
1677530528.5509787,-0.57683265209198,0.06013369560241699,-1.6203622817993164
1677530528.595792,-0.578640878200531,0.05921979248523712,-1.6196223497390747
1677530528.6419315,-0.5798561573028564,0.058721110224723816,-1.6206711530685425
1677530528.6870759,-0.5801262259483337,0.05761890113353729,-1.6203888654708862
1677530528.734677,-0.5801740884780884,0.05684155225753784,-1.6254801750183105
1677530528.781945,-0.577202558517456,0.055354490876197815,-1.6217738389968872
1677530528.8311148,-0.5741924047470093,0.05389833450317383,-1.61300790309906
1677530528.878209,-0.5717147588729858,0.05321550369262695,-1.6076478958129883
1677530528.9241326,-0.5625119805335999,0.05198664963245392,-1.5843605995178223
1677530528.9688933,-0.5546881556510925,0.051669180393218994,-1.563475489616394
1677530529.0139976,-0.5455710887908936,0.05117914080619812,-1.5426158905029297
1677530529.06077,-0.5309493541717529,0.04785846173763275,-1.5243676900863647
1677530529.107059,-0.5306423306465149,0.0468665212392807,-1.5336989164352417
1677530529.1540675,-0.5190248489379883,0.0446290522813797,-1.5266698598861694
1677530529.2000592,-0.5182669162750244,0.043720945715904236,-1.535233736038208
1677530529.2451575,-0.5205457806587219,0.04226262867450714,-1.5535253286361694
1677530529.2939842,-0.5124624967575073,0.03907370567321777,-1.5510122776031494
1677530529.3413477,-0.5008833408355713,0.03682735562324524,-1.5288790464401245
1677530529.388052,-0.459865003824234,0.021756306290626526,-1.4601207971572876
1677530529.433201,-0.4233110547065735,0.027796387672424316,-1.4132362604141235
1677530529.4780176,-0.3881271183490753,0.040583714842796326,-1.3768222332000732
1677530529.5249298,-0.33114996552467346,0.06729495525360107,-1.332875370979309
1677530529.5713189,-0.3117293119430542,0.07428117096424103,-1.3234565258026123
1677530529.6173844,-0.2817842364311218,0.08749491721391678,-1.3112972974777222
1677530529.6640356,-0.2785041332244873,0.08225379884243011,-1.3113855123519897
1677530529.709509,-0.2777502238750458,0.07819017767906189,-1.3119815587997437
1677530529.7567682,-0.2572769820690155,0.07919005304574966,-1.3011736869812012
1677530529.805322,-0.24926067888736725,0.07318717986345291,-1.295371651649475
1677530529.8508532,-0.23013877868652344,0.06775142252445221,-1.2825859785079956
1677530529.8974679,-0.2219523787498474,0.06447084993124008,-1.2780743837356567
1677530529.944801,-0.2129410058259964,0.06265856325626373,-1.2740838527679443
1677530529.9914358,-0.1945333629846573,0.061340466141700745,-1.268553614616394
1677530530.0375922,-0.18791872262954712,0.05947152525186539,-1.268903136253357
1677530530.082833,-0.18702879548072815,0.05648474395275116,-1.2801610231399536
1677530530.1292133,-0.18160581588745117,0.053675346076488495,-1.3009107112884521
1677530530.1776903,-0.18015342950820923,0.05128496140241623,-1.3102877140045166
1677530530.2252278,-0.16609641909599304,0.043536826968193054,-1.3005305528640747
1677530530.2699244,-0.1547766476869583,0.044094838201999664,-1.2917263507843018
1677530530.3152928,-0.14279711246490479,0.045153044164180756,-1.2872943878173828
1677530530.3612297,-0.12585537135601044,0.05240335315465927,-1.2718052864074707
1677530530.4080064,-0.11825976520776749,0.05931045114994049,-1.2671496868133545
1677530530.4535084,-0.11081197112798691,0.06436146795749664,-1.2596173286437988
1677530530.5010529,-0.10768447816371918,0.06480465829372406,-1.2592928409576416
1677530530.546488,-0.10476627200841904,0.06432265043258667,-1.2575812339782715
1677530530.5914898,-0.09586749225854874,0.06648994237184525,-1.2561748027801514
1677530530.6387236,-0.09096846729516983,0.06520114839076996,-1.2611912488937378
1677530530.6834018,-0.08710413426160812,0.06356562674045563,-1.2681429386138916
1677530530.7280908,-0.07834846526384354,0.06076093763113022,-1.2842426300048828
1677530530.7742755,-0.07517653703689575,0.057786718010902405,-1.2955005168914795
1677530530.8204427,-0.07353905588388443,0.054960399866104126,-1.3029192686080933
1677530530.8661447,-0.07206055521965027,0.05334996432065964,-1.3114198446273804
1677530530.9112966,-0.07387641072273254,0.04871212691068649,-1.3101794719696045
1677530530.958931,-0.08364704996347427,0.04517450928688049,-1.2971856594085693
1677530531.0041668,-0.09110453724861145,0.046292297542095184,-1.2869640588760376
1677530531.0484025,-0.09573052823543549,0.04791942983865738,-1.2790623903274536
1677530531.0969336,-0.09750353544950485,0.04992860555648804,-1.2849266529083252
1677530531.142345,-0.09694987535476685,0.05190088599920273,-1.282172441482544
1677530531.1901333,-0.09845396876335144,0.05457054823637009,-1.2740296125411987
1677530531.238773,-0.09808864444494247,0.05545913428068161,-1.2687758207321167
1677530531.2856176,-0.0970316231250763,0.05455581843852997,-1.2709962129592896
1677530531.3309336,-0.09361684322357178,0.05293286591768265,-1.2773466110229492
1677530531.3780959,-0.0907098576426506,0.051288776099681854,-1.2858240604400635
1677530531.4234283,-0.08647221326828003,0.04853138327598572,-1.2961853742599487
1677530531.4695864,-0.08710456639528275,0.04935277998447418,-1.2991538047790527
1677530531.5139523,-0.08929208666086197,0.0509609580039978,-1.3015568256378174
1677530531.5596297,-0.0923425480723381,0.054099924862384796,-1.302816390991211
1677530531.606941,-0.09482520073652267,0.05569066107273102,-1.3009660243988037
1677530531.6532607,-0.09640875458717346,0.056443072855472565,-1.299363613128662
1677530531.6982453,-0.09818682819604874,0.054193608462810516,-1.2964993715286255
1677530531.746286,-0.09920172393321991,0.05340643227100372,-1.2897154092788696
1677530531.7916434,-0.10150400549173355,0.053726643323898315,-1.2772778272628784
1677530531.836663,-0.10180801898241043,0.05493874102830887,-1.2706035375595093
1677530531.882876,-0.10032065957784653,0.05537375807762146,-1.2640408277511597
1677530531.9288256,-0.09794024378061295,0.05660802125930786,-1.2568504810333252
1677530531.9758046,-0.0956343486905098,0.055635422468185425,-1.2536640167236328
1677530532.0212247,-0.09428121894598007,0.05429539829492569,-1.2510795593261719
1677530532.0661888,-0.09301838278770447,0.0548870787024498,-1.2486504316329956
1677530532.1131516,-0.09169207513332367,0.054549261927604675,-1.2484949827194214
1677530532.1574233,-0.08981963992118835,0.05457303673028946,-1.2483829259872437
1677530532.2006147,-0.0854511633515358,0.05540870130062103,-1.2498317956924438
1677530532.244271,-0.08356373757123947,0.05652669817209244,-1.2518281936645508
1677530532.288704,-0.08305282890796661,0.05600650608539581,-1.2516934871673584
1677530532.3348901,-0.08190017938613892,0.05373489111661911,-1.2509814500808716
1677530532.3828313,-0.08227358013391495,0.05245669186115265,-1.2508946657180786
1677530532.4295213,-0.08088672906160355,0.05121312290430069,-1.250818133354187
1677530532.4747646,-0.08198487013578415,0.05129464715719223,-1.2514104843139648
1677530532.519891,-0.08367335051298141,0.05156193673610687,-1.2518049478530884
1677530532.5638292,-0.0860719159245491,0.05181217938661575,-1.2517186403274536
1677530532.6103172,-0.08785662055015564,0.05276428163051605,-1.2522149085998535
1677530532.6548808,-0.08928791433572769,0.05336013436317444,-1.2525378465652466
1677530532.7012186,-0.09100286662578583,0.05143381655216217,-1.2498736381530762
1677530532.7465017,-0.09143369644880295,0.051352620124816895,-1.2499192953109741
1677530532.7908182,-0.09099721908569336,0.05181749165058136,-1.2505711317062378
1677530532.8354201,-0.0875745639204979,0.0499873012304306,-1.2627676725387573
1677530532.8825452,-0.08458951860666275,0.04873286932706833,-1.2636864185333252
1677530532.929879,-0.07568469643592834,0.047466933727264404,-1.2769759893417358
1677530532.975154,-0.07059188187122345,0.04585979878902435,-1.2860093116760254
1677530533.0196939,-0.06693580001592636,0.045502014458179474,-1.2929290533065796
1677530533.0656357,-0.05569090321660042,0.04438813775777817,-1.3045849800109863
1677530533.1106658,-0.04446693882346153,0.043753668665885925,-1.3115992546081543
1677530533.1560345,-0.03408370912075043,0.044309139251708984,-1.314354658126831
1677530533.200843,-0.020403536036610603,0.04465961456298828,-1.3140041828155518
1677530533.2467356,-0.015312726609408855,0.044837988913059235,-1.3085211515426636
1677530533.2914793,-0.010230368934571743,0.045770883560180664,-1.3021612167358398
1677530533.335445,-0.001920446753501892,0.04887551814317703,-1.2897679805755615
1677530533.3800547,0.005339792929589748,0.05105353146791458,-1.2825796604156494
1677530533.4240491,0.013474151492118835,0.05507615953683853,-1.279940128326416
1677530533.4695022,0.03273860365152359,0.06174793839454651,-1.2777460813522339
1677530533.5157402,0.04588649049401283,0.06261210888624191,-1.278885006904602
1677530533.5642073,0.07218039035797119,0.06552005559206009,-1.2859066724777222
1677530533.6100433,0.08509840071201324,0.06458604335784912,-1.2921010255813599
1677530533.6545925,0.09716849774122238,0.06371147185564041,-1.2972702980041504
1677530533.7012186,0.12029149383306503,0.0662737637758255,-1.3124066591262817
1677530533.7492805,0.13066278398036957,0.06612657010555267,-1.323763132095337
1677530533.7975318,0.1403089463710785,0.06507933139801025,-1.3362160921096802
1677530533.842438,0.1566847562789917,0.06242760270833969,-1.3561698198318481
1677530533.8877013,0.16229628026485443,0.06057939678430557,-1.3653903007507324
1677530533.933759,0.1737634241580963,0.06296540796756744,-1.378983736038208
1677530533.9778252,0.17867469787597656,0.06530775129795074,-1.3833438158035278
1677530534.0229797,0.18379098176956177,0.06783425807952881,-1.3878835439682007
1677530534.0683908,0.19637630879878998,0.07215644419193268,-1.4012843370437622
1677530534.1137102,0.20254245400428772,0.07528901845216751,-1.407131552696228
1677530534.1600752,0.20890048146247864,0.07847975939512253,-1.4109467267990112
1677530534.206025,0.2213696837425232,0.08450419455766678,-1.4207420349121094
1677530534.2543473,0.22763951122760773,0.08955865353345871,-1.4243649244308472
1677530534.3008978,0.23948140442371368,0.09732040017843246,-1.4298566579818726
1677530534.3467252,0.2453306019306183,0.10091293603181839,-1.430583119392395
1677530534.39458,0.2511690557003021,0.10395760089159012,-1.4351609945297241
1677530534.4408612,0.266453355550766,0.10954070836305618,-1.4610939025878906
1677530534.4866092,0.2804468870162964,0.11185634136199951,-1.4937279224395752
1677530534.5332618,0.28932490944862366,0.1133810430765152,-1.5204333066940308
1677530534.578811,0.2969925105571747,0.11578503251075745,-1.5480034351348877
1677530534.6263835,0.29716354608535767,0.11625220626592636,-1.5480854511260986
1677530534.6731038,0.30193835496902466,0.11899631470441818,-1.5641604661941528
1677530534.7194533,0.303829550743103,0.12008652091026306,-1.5718647241592407
1677530534.7657373,0.3024185597896576,0.11966262012720108,-1.5649698972702026
1677530534.8120618,0.3055354356765747,0.12179786711931229,-1.5825449228286743
1677530534.8591487,0.30520856380462646,0.12201796472072601,-1.5827727317810059
1677530534.9042773,0.30496037006378174,0.12193147838115692,-1.5849522352218628
1677530534.952013,0.3055129945278168,0.12134756147861481,-1.586951494216919
1677530534.9982028,0.30461183190345764,0.12037258595228195,-1.5809687376022339
1677530535.0437253,0.302245169878006,0.12064886838197708,-1.567403793334961
1677530535.0893354,0.2984926104545593,0.1204526424407959,-1.5520087480545044
1677530535.1338573,0.2960171699523926,0.1214350163936615,-1.5438032150268555
1677530535.1794565,0.2904509902000427,0.12012425810098648,-1.524407982826233
1677530535.2270672,0.2896149456501007,0.11980148404836655,-1.5201767683029175
1677530535.2732809,0.28836390376091003,0.11474211513996124,-1.514289140701294
1677530535.3195662,0.28956156969070435,0.1132001280784607,-1.5184123516082764
1677530535.3660865,0.28810328245162964,0.11195951700210571,-1.5128388404846191
1677530535.411008,0.2829926908016205,0.11002177000045776,-1.4995206594467163
1677530535.4588861,0.28753021359443665,0.11265633255243301,-1.5117558240890503
1677530535.5046482,0.29252660274505615,0.11590030789375305,-1.528562068939209
1677530535.5499363,0.2952268719673157,0.11746975034475327,-1.5393558740615845
1677530535.5973701,0.2967039942741394,0.11789790540933609,-1.546309232711792
1677530535.646286,0.30036407709121704,0.11799737066030502,-1.5595678091049194
1677530535.6916986,0.3027147054672241,0.11811207979917526,-1.5704647302627563
1677530535.7383678,0.30262479186058044,0.11890558153390884,-1.5773670673370361
1677530535.7835903,0.3000253736972809,0.11826564371585846,-1.5694663524627686
1677530535.829778,0.29837766289711,0.11753567308187485,-1.5652762651443481
1677530535.8768268,0.2925529181957245,0.11525581777095795,-1.5489633083343506
1677530535.9228587,0.2867240607738495,0.1123451516032219,-1.5308113098144531
1677530535.9688976,0.2790895998477936,0.1095627024769783,-1.5123703479766846
1677530536.0135715,0.2609693109989166,0.10337275266647339,-1.4754137992858887
1677530536.059662,0.24769940972328186,0.1005292683839798,-1.4546935558319092
1677530536.1067586,0.22662927210330963,0.09645935148000717,-1.4251993894577026
1677530536.1550066,0.21588154137134552,0.09417571872472763,-1.4124200344085693
1677530536.2006743,0.20674113929271698,0.0917225033044815,-1.4024569988250732
1677530536.2452445,0.19044271111488342,0.09009069949388504,-1.3855717182159424
1677530536.289979,0.18294572830200195,0.09172163903713226,-1.379079818725586
1677530536.3368173,0.1730116903781891,0.09368240088224411,-1.369460940361023
1677530536.3848114,0.15232886373996735,0.09517739713191986,-1.3521260023117065
1677530536.431608,0.14259451627731323,0.0963841900229454,-1.3448305130004883
1677530536.4792445,0.11997394263744354,0.10017870366573334,-1.332700490951538
1677530536.526068,0.10766564309597015,0.0993696004152298,-1.3234056234359741
1677530536.5757997,0.0806475281715393,0.09710413217544556,-1.3072137832641602
1677530536.6243093,0.06786303222179413,0.09568247944116592,-1.3004546165466309
1677530536.6697004,0.05687820538878441,0.09571573138237,-1.2954041957855225
1677530536.7144427,0.03424689918756485,0.09614889323711395,-1.2863637208938599
1677530536.7593935,0.022998690605163574,0.09554668515920639,-1.2814689874649048
1677530536.8050675,0.010083465836942196,0.0948551669716835,-1.2754508256912231
1677530536.851743,-0.012378900311887264,0.09385598450899124,-1.2667852640151978
1677530536.8957498,-0.020663052797317505,0.09409769624471664,-1.2631809711456299
1677530536.9440417,-0.03925633057951927,0.09697601199150085,-1.252184510231018
1677530536.990668,-0.04607582464814186,0.09818927943706512,-1.2460026741027832
1677530537.035711,-0.05378890782594681,0.09856440871953964,-1.2417131662368774
1677530537.081113,-0.07040700316429138,0.10061226040124893,-1.2339671850204468
1677530537.129446,-0.07773154228925705,0.10176653414964676,-1.2385838031768799
1677530537.1777625,-0.08973189443349838,0.10490521043539047,-1.2530810832977295
1677530537.223986,-0.09425684809684753,0.09871078282594681,-1.2586146593093872
1677530537.2704525,-0.09795785695314407,0.09171599894762039,-1.2663387060165405
1677530537.3161955,-0.1071418821811676,0.07577574998140335,-1.2779697179794312
1677530537.3631043,-0.11151077598333359,0.06513665616512299,-1.283487319946289
1677530537.4093394,-0.1144125685095787,0.05676084756851196,-1.28859281539917
1677530537.454438,-0.12017271667718887,0.047359831631183624,-1.2720013856887817
1677530537.5034015,-0.12063314765691757,0.04543028771877289,-1.2600704431533813
1677530537.5477092,-0.12047764658927917,0.04492262005805969,-1.259761929512024
1677530537.5940578,-0.11703772842884064,0.04719303548336029,-1.2539211511611938
1677530537.6395001,-0.1148732528090477,0.04934190958738327,-1.2523469924926758
1677530537.68435,-0.11252886056900024,0.05099494755268097,-1.254854440689087
1677530537.7301102,-0.11071698367595673,0.052106983959674835,-1.2560781240463257
1677530537.77867,-0.10926352441310883,0.051609061658382416,-1.2552852630615234
1677530537.8238811,-0.10860104113817215,0.051702409982681274,-1.255285620689392
1677530537.8685093,-0.10829603672027588,0.05100516974925995,-1.25503671169281
1677530537.9153848,-0.10830138623714447,0.051277436316013336,-1.2514201402664185
1677530537.9613178,-0.10812949389219284,0.0524187907576561,-1.2702044248580933
1677530538.0073044,-0.10765116661787033,0.05205140262842178,-1.2739722728729248
1677530538.053547,-0.10825524479150772,0.050837136805057526,-1.2739447355270386
1677530538.0995693,-0.1093389093875885,0.050943486392498016,-1.2674713134765625
1677530538.1473243,-0.11026588827371597,0.05277538299560547,-1.2705609798431396
1677530538.191698,-0.11033117026090622,0.05352374166250229,-1.2698405981063843
1677530538.23639,-0.11071208864450455,0.052176207304000854,-1.2655032873153687
1677530538.2848027,-0.11269927024841309,0.04996419697999954,-1.2557469606399536
1677530538.330961,-0.11261967569589615,0.049638524651527405,-1.2601805925369263
1677530538.376187,-0.1125447228550911,0.04930975288152695,-1.2632869482040405
1677530538.4223526,-0.11164798587560654,0.048497967422008514,-1.2703078985214233
1677530538.4692273,-0.1115991547703743,0.048178136348724365,-1.2751855850219727
1677530538.5164752,-0.11262960731983185,0.047678664326667786,-1.2764405012130737
1677530538.563353,-0.1135815680027008,0.04817979037761688,-1.2667561769485474
1677530538.6108665,-0.11331308633089066,0.048093169927597046,-1.2638740539550781
1677530538.6558259,-0.11113278567790985,0.04793960601091385,-1.264177918434143
1677530538.701931,-0.10918854922056198,0.050322651863098145,-1.2653511762619019
1677530538.74805,-0.10898606479167938,0.05501586198806763,-1.2649883031845093
1677530538.7920864,-0.1126638799905777,0.053914569318294525,-1.2589116096496582
1677530538.8377666,-0.1164473369717598,0.05248303711414337,-1.2533442974090576
1677530538.8851712,-0.11741632223129272,0.05817094445228577,-1.2523009777069092
1677530538.931809,-0.11560434848070145,0.06230966001749039,-1.2503056526184082
1677530538.9757683,-0.11423692852258682,0.0621970072388649,-1.2482777833938599
1677530539.022007,-0.11074294149875641,0.05355003476142883,-1.2462204694747925
1677530539.0664973,-0.10909880697727203,0.040458887815475464,-1.2462587356567383
1677530539.1110835,-0.10733745992183685,0.02629166841506958,-1.247573733329773
1677530539.1576443,-0.10292794555425644,0.0026932209730148315,-1.2568718194961548
1677530539.2027135,-0.0996098592877388,-0.01593753695487976,-1.2680456638336182
1677530539.2506335,-0.09478408843278885,-0.04502511024475098,-1.2808483839035034
1677530539.295533,-0.0939866229891777,-0.06125400960445404,-1.2867720127105713
1677530539.3421938,-0.09428941458463669,-0.07632423937320709,-1.2888895273208618
1677530539.38918,-0.0961974710226059,-0.10012049973011017,-1.296628475189209
1677530539.4340925,-0.09817609190940857,-0.11116564273834229,-1.30086088180542
1677530539.4775805,-0.09957385063171387,-0.12107239663600922,-1.3072617053985596
1677530539.5227625,-0.099742092192173,-0.13648878037929535,-1.3203307390213013
1677530539.566909,-0.09939860552549362,-0.1420140415430069,-1.3242847919464111
1677530539.6114633,-0.09883871674537659,-0.14626525342464447,-1.3293899297714233
1677530539.6575172,-0.09781187772750854,-0.15673550963401794,-1.3373572826385498
1677530539.7020028,-0.09709115326404572,-0.16046155989170074,-1.3410812616348267
1677530539.7482145,-0.09685292840003967,-0.16523665189743042,-1.3454904556274414
1677530539.7929738,-0.0972537025809288,-0.17545092105865479,-1.3541927337646484
1677530539.8403087,-0.09764505922794342,-0.18100671470165253,-1.356499433517456
1677530539.8859992,-0.09780137985944748,-0.18825748562812805,-1.3622287511825562
1677530539.931255,-0.09794285893440247,-0.19304603338241577,-1.3647972345352173
1677530539.9752543,-0.09855151921510696,-0.19766978919506073,-1.3692104816436768
1677530540.01908,-0.09952016174793243,-0.20217189192771912,-1.3732508420944214
1677530540.0645747,-0.10058022290468216,-0.21092423796653748,-1.3800755739212036
1677530540.108214,-0.10105711221694946,-0.21278756856918335,-1.383549690246582
1677530540.153559,-0.10172420740127563,-0.21546252071857452,-1.3875904083251953
1677530540.1973898,-0.10259091109037399,-0.21510379016399384,-1.388538122177124
1677530540.2439315,-0.10393060743808746,-0.21542328596115112,-1.3874273300170898
1677530540.2884922,-0.10724537074565887,-0.2164243757724762,-1.3880720138549805
1677530540.334749,-0.11005712300539017,-0.21543027460575104,-1.3878669738769531
1677530540.380654,-0.11334995925426483,-0.21483741700649261,-1.385758876800537
1677530540.425336,-0.12128554284572601,-0.21797162294387817,-1.3873509168624878
1677530540.4714718,-0.12812861800193787,-0.2187766432762146,-1.3902108669281006
1677530540.5178394,-0.1351693719625473,-0.2176874727010727,-1.391535997390747
1677530540.5609403,-0.14822550117969513,-0.21517327427864075,-1.3939796686172485
1677530540.6073928,-0.1578860729932785,-0.21321219205856323,-1.3931974172592163
1677530540.653756,-0.16837750375270844,-0.21180389821529388,-1.3940500020980835
1677530540.6995108,-0.18790508806705475,-0.21201881766319275,-1.3984630107879639
1677530540.744097,-0.19903185963630676,-0.21201053261756897,-1.4029500484466553
1677530540.7896495,-0.21995705366134644,-0.20892444252967834,-1.409530758857727
1677530540.836685,-0.2304137647151947,-0.20725654065608978,-1.4125648736953735
1677530540.88057,-0.24026435613632202,-0.20604856312274933,-1.416168451309204
1677530540.927114,-0.2587001919746399,-0.2025907337665558,-1.4223663806915283
1677530540.973683,-0.2689356207847595,-0.20207259058952332,-1.426159143447876
1677530541.0185213,-0.27921587228775024,-0.20150676369667053,-1.429640769958496
1677530541.0651643,-0.3008333742618561,-0.1996850073337555,-1.4383313655853271
1677530541.1111329,-0.31152862310409546,-0.19802729785442352,-1.4441322088241577
1677530541.1574173,-0.33289775252342224,-0.19449736177921295,-1.4555511474609375
1677530541.205011,-0.3432396352291107,-0.1919533759355545,-1.4618886709213257
1677530541.2526817,-0.3535664677619934,-0.18917077779769897,-1.469102144241333
1677530541.2992103,-0.3741852641105652,-0.18323460221290588,-1.4840092658996582
1677530541.3474636,-0.3843380808830261,-0.1803804636001587,-1.4928916692733765
1677530541.3940768,-0.4017845094203949,-0.17535632848739624,-1.5078790187835693
1677530541.442847,-0.4086977243423462,-0.17433969676494598,-1.5152472257614136
1677530541.4919736,-0.42136669158935547,-0.17196692526340485,-1.5274438858032227
1677530541.5383954,-0.42713916301727295,-0.17225751280784607,-1.5348941087722778
1677530541.5828772,-0.43356770277023315,-0.1719144731760025,-1.5411186218261719
1677530541.6277297,-0.44453874230384827,-0.16792653501033783,-1.5530245304107666
1677530541.6726716,-0.4490908980369568,-0.16659106314182281,-1.5605874061584473
1677530541.7188559,-0.4540955722332001,-0.1649370938539505,-1.5701520442962646
1677530541.7655234,-0.4641060531139374,-0.1600077897310257,-1.5855751037597656
1677530541.8127196,-0.468391478061676,-0.15827395021915436,-1.5933005809783936
1677530541.8589382,-0.47333914041519165,-0.15531359612941742,-1.601722240447998
1677530541.9052138,-0.4804890751838684,-0.14965398609638214,-1.6128225326538086
1677530541.9508495,-0.4832163155078888,-0.14843082427978516,-1.6188558340072632
1677530541.9972095,-0.489165723323822,-0.1447686105966568,-1.6307203769683838
1677530542.044073,-0.49228256940841675,-0.14419157803058624,-1.639521837234497
1677530542.0893614,-0.4952588975429535,-0.14327137172222137,-1.6490167379379272
1677530542.1350455,-0.49996060132980347,-0.14056724309921265,-1.6656790971755981
1677530542.181441,-0.5016106963157654,-0.1401294320821762,-1.6718729734420776
1677530542.227673,-0.5043410062789917,-0.13827700912952423,-1.684323787689209
1677530542.2737532,-0.505136251449585,-0.13817444443702698,-1.6920579671859741
1677530542.3211496,-0.5056173205375671,-0.1383984237909317,-1.699815034866333
1677530542.3678763,-0.5061292052268982,-0.13770629465579987,-1.7134621143341064
1677530542.414858,-0.505744993686676,-0.13711301982402802,-1.719420075416565
1677530542.462056,-0.5070398449897766,-0.1347579061985016,-1.7318111658096313
1677530542.5077798,-0.5076949000358582,-0.13287727534770966,-1.737293004989624
1677530542.552775,-0.5080363154411316,-0.1312674582004547,-1.7418746948242188
1677530542.5982425,-0.5092249512672424,-0.12778495252132416,-1.7533003091812134
1677530542.6433735,-0.5101597309112549,-0.12564706802368164,-1.7588787078857422
1677530542.6925232,-0.5106444954872131,-0.12341095507144928,-1.7665022611618042
1677530542.7418702,-0.5102604627609253,-0.12031880021095276,-1.7838994264602661
1677530542.7907364,-0.5091460943222046,-0.11947864294052124,-1.791286587715149
1677530542.836144,-0.5073372721672058,-0.11804899573326111,-1.7999862432479858
1677530542.8835237,-0.5056742429733276,-0.11878697574138641,-1.8000741004943848
1677530542.9311855,-0.5030240416526794,-0.11946304142475128,-1.802137017250061
1677530542.9788003,-0.5013844966888428,-0.12065024673938751,-1.8018298149108887
1677530543.0236828,-0.500605046749115,-0.12112347781658173,-1.8017728328704834
1677530543.0692863,-0.5000924468040466,-0.12048295140266418,-1.8033777475357056
1677530543.1137726,-0.5011533498764038,-0.119476318359375,-1.8036012649536133
1677530543.1595733,-0.5027110576629639,-0.11882279813289642,-1.803216576576233
1677530543.2057781,-0.5041965246200562,-0.11742007732391357,-1.8018110990524292
1677530543.2520626,-0.5052250027656555,-0.11643600463867188,-1.7996351718902588
1677530543.2979224,-0.5069085955619812,-0.11538393795490265,-1.798335075378418
1677530543.3411765,-0.50770103931427,-0.11519655585289001,-1.7966532707214355
1677530543.386908,-0.5084683299064636,-0.1150805801153183,-1.795296311378479
1677530543.4316368,-0.5095818638801575,-0.11504162847995758,-1.7933050394058228
1677530543.4790194,-0.5099250078201294,-0.11584074795246124,-1.7921850681304932
1677530543.5256832,-0.5106773972511292,-0.11651153862476349,-1.7898813486099243
1677530543.5716825,-0.512407660484314,-0.11663730442523956,-1.7861274480819702
1677530543.617664,-0.5127899050712585,-0.11672006547451019,-1.7853482961654663
1677530543.6664305,-0.5134386420249939,-0.11671976745128632,-1.7815433740615845
1677530543.7147825,-0.5137696266174316,-0.11658608913421631,-1.7803202867507935
1677530543.7598221,-0.5140028595924377,-0.11694826185703278,-1.7796621322631836
1677530543.8079119,-0.5133855938911438,-0.11747920513153076,-1.7802093029022217
1677530543.8566666,-0.5124513506889343,-0.11764873564243317,-1.7811555862426758
1677530543.9039452,-0.5118650197982788,-0.11700420081615448,-1.7821708917617798
1677530543.9528337,-0.5120034217834473,-0.11705882847309113,-1.7822989225387573
1677530544.00044,-0.5122483968734741,-0.11617302894592285,-1.78110671043396
1677530544.0463278,-0.513005793094635,-0.11634330451488495,-1.7799257040023804
1677530544.091641,-0.5137360095977783,-0.11699998378753662,-1.7781891822814941
1677530544.138218,-0.5134941339492798,-0.11834827065467834,-1.7760918140411377
1677530544.183533,-0.5125446319580078,-0.11977742612361908,-1.7734551429748535
1677530544.2292385,-0.5122631192207336,-0.12102891504764557,-1.7710165977478027
1677530544.2741222,-0.5130614638328552,-0.12311597168445587,-1.7644349336624146
1677530544.321078,-0.5138890147209167,-0.12423388659954071,-1.7575726509094238
1677530544.3682997,-0.51490318775177,-0.12587961554527283,-1.7435678243637085
1677530544.412926,-0.5152032375335693,-0.12659060955047607,-1.7343038320541382
1677530544.4587498,-0.5151040554046631,-0.12727169692516327,-1.725078821182251
1677530544.5031283,-0.5133823156356812,-0.1283099204301834,-1.7080185413360596
1677530544.5502436,-0.5117655396461487,-0.12967106699943542,-1.6979204416275024
1677530544.597205,-0.5100056529045105,-0.13176500797271729,-1.6873563528060913
1677530544.6448216,-0.5064623355865479,-0.13604968786239624,-1.6687489748001099
1677530544.6925423,-0.5039510130882263,-0.13903886079788208,-1.6590807437896729
1677530544.7384796,-0.49977797269821167,-0.14360882341861725,-1.6447969675064087
1677530544.7838016,-0.4977366626262665,-0.14596806466579437,-1.6392704248428345
1677530544.8273587,-0.49632975459098816,-0.14810052514076233,-1.6337461471557617
1677530544.8735893,-0.4917503595352173,-0.1518452912569046,-1.6201744079589844
1677530544.91892,-0.48800206184387207,-0.1534866988658905,-1.61177659034729
1677530544.9643974,-0.4830777049064636,-0.1545180082321167,-1.6014457941055298
1677530545.0102425,-0.4728209674358368,-0.15647199749946594,-1.5815080404281616
1677530545.058326,-0.46725112199783325,-0.15829049050807953,-1.569483757019043
1677530545.1049645,-0.45683354139328003,-0.16271370649337769,-1.5516330003738403
1677530545.1543972,-0.45159533619880676,-0.16506962478160858,-1.5445119142532349
1677530545.1998167,-0.44515323638916016,-0.16907432675361633,-1.5378754138946533
1677530545.2449234,-0.4322686195373535,-0.1786554902791977,-1.528941035270691
1677530545.2938569,-0.4249473214149475,-0.18386507034301758,-1.5243539810180664
1677530545.340378,-0.40587949752807617,-0.19119378924369812,-1.5086369514465332
1677530545.388548,-0.3919839560985565,-0.19527453184127808,-1.4960166215896606
1677530545.4341846,-0.3780040442943573,-0.1970922350883484,-1.4824808835983276
1677530545.4792943,-0.34964168071746826,-0.20031876862049103,-1.460244059562683
1677530545.5277226,-0.33474200963974,-0.19979695975780487,-1.448765754699707
1677530545.5732572,-0.30609333515167236,-0.20013853907585144,-1.4305222034454346
1677530545.6174889,-0.29114410281181335,-0.19843655824661255,-1.4200752973556519
1677530545.6617725,-0.27528655529022217,-0.19578781723976135,-1.4096087217330933
1677530545.7081447,-0.24475111067295074,-0.19175435602664948,-1.3903270959854126
1677530545.7528353,-0.23018021881580353,-0.18944451212882996,-1.3827170133590698
1677530545.799243,-0.2156607061624527,-0.18625225126743317,-1.3748160600662231
1677530545.8443582,-0.18589583039283752,-0.17789143323898315,-1.3612338304519653
1677530545.8916128,-0.1712876558303833,-0.17600709199905396,-1.3568816184997559
1677530545.93667,-0.15716667473316193,-0.17437344789505005,-1.354188323020935
1677530545.98418,-0.13228310644626617,-0.17100754380226135,-1.3521050214767456
1677530546.0308335,-0.12186545133590698,-0.17068585753440857,-1.3524082899093628
1677530546.0785198,-0.10179704427719116,-0.16862641274929047,-1.3506860733032227
1677530546.1237094,-0.09440957009792328,-0.16885437071323395,-1.3496471643447876
1677530546.169798,-0.0873766541481018,-0.1679108887910843,-1.3474607467651367
1677530546.2142832,-0.07386279106140137,-0.16735516488552094,-1.3449125289916992
1677530546.2592244,-0.06948860734701157,-0.16761662065982819,-1.343621850013733
1677530546.304828,-0.06468857079744339,-0.16831697523593903,-1.3425873517990112
1677530546.3507473,-0.05595814436674118,-0.17261403799057007,-1.3422925472259521
1677530546.3972325,-0.05415000766515732,-0.1746610701084137,-1.3439712524414062
1677530546.442653,-0.05015696585178375,-0.17652013897895813,-1.3467049598693848
1677530546.4887931,-0.05040258914232254,-0.17680132389068604,-1.3488004207611084
1677530546.535265,-0.05070370063185692,-0.1771271973848343,-1.3488876819610596
1677530546.5821104,-0.05114256590604782,-0.1791059672832489,-1.350748896598816
1677530546.629325,-0.053104303777217865,-0.1809673309326172,-1.3505321741104126
1677530546.672628,-0.05471688136458397,-0.18156684935092926,-1.3515268564224243
1677530546.7197404,-0.057365696877241135,-0.1842580884695053,-1.353742003440857
1677530546.763893,-0.05976400896906853,-0.1855655014514923,-1.3555612564086914
1677530546.808331,-0.06204870343208313,-0.1861426681280136,-1.3567044734954834
1677530546.8541312,-0.0654233768582344,-0.18559953570365906,-1.3553929328918457
1677530546.9006016,-0.06727326661348343,-0.18374300003051758,-1.3550306558609009
1677530546.9477494,-0.06884071230888367,-0.18059055507183075,-1.3538496494293213
1677530546.9930744,-0.06867293268442154,-0.18101146817207336,-1.351595401763916
1677530547.0384862,-0.06836319714784622,-0.1813713014125824,-1.350577473640442
1677530547.0820012,-0.06748777627944946,-0.18460944294929504,-1.3511594533920288
1677530547.1267438,-0.06652943789958954,-0.18715985119342804,-1.352900505065918
1677530547.1732042,-0.0661456286907196,-0.18832483887672424,-1.356053352355957
1677530547.2176077,-0.06527798622846603,-0.18964646756649017,-1.360050916671753
1677530547.2623549,-0.06504817306995392,-0.19061417877674103,-1.3621517419815063
1677530547.3071392,-0.0650639683008194,-0.1912912130355835,-1.3640532493591309
1677530547.3509738,-0.0650717094540596,-0.19412989914417267,-1.363937497138977
1677530547.3952684,-0.06559807062149048,-0.19478119909763336,-1.361977458000183
1677530547.441036,-0.06579335778951645,-0.19518928229808807,-1.3593348264694214
1677530547.4872327,-0.06610258668661118,-0.19556529819965363,-1.3595871925354004
1677530547.5320354,-0.06641165167093277,-0.19528868794441223,-1.3588840961456299
1677530547.5791333,-0.06679616868495941,-0.19514156877994537,-1.3580962419509888
1677530547.6246603,-0.06788607686758041,-0.19582213461399078,-1.3594492673873901
1677530547.6701944,-0.06880927830934525,-0.1952519565820694,-1.362210988998413
1677530547.7148874,-0.06965883821249008,-0.1945127695798874,-1.3654367923736572
1677530547.7599483,-0.07032307237386703,-0.19155432283878326,-1.367144227027893
1677530547.8057833,-0.07095842808485031,-0.19013714790344238,-1.3665021657943726
1677530547.850399,-0.07199917733669281,-0.18817411363124847,-1.3672724962234497
1677530547.893596,-0.07195449620485306,-0.18797044456005096,-1.365687608718872
1677530547.940471,-0.07194338738918304,-0.18841885030269623,-1.3645532131195068
1677530547.98672,-0.0726785883307457,-0.18736784160137177,-1.3628321886062622
1677530548.0318646,-0.07233846187591553,-0.187633216381073,-1.3618927001953125
1677530548.07695,-0.07171420753002167,-0.18903449177742004,-1.3616863489151
1677530548.1232152,-0.07126016169786453,-0.18987713754177094,-1.3610475063323975
1677530548.1690524,-0.07136708498001099,-0.19028638303279877,-1.3621902465820312
1677530548.214899,-0.07087372243404388,-0.19140733778476715,-1.3633772134780884
1677530548.258625,-0.07117297500371933,-0.19096745550632477,-1.3646824359893799
1677530548.3021305,-0.0715377926826477,-0.1892288774251938,-1.3651137351989746
1677530548.3468223,-0.0717640221118927,-0.18713544309139252,-1.3641724586486816
1677530548.3914967,-0.07206077873706818,-0.18508180975914001,-1.3634251356124878
1677530548.4358935,-0.07246433943510056,-0.18487146496772766,-1.3632785081863403
1677530548.4826992,-0.07281876355409622,-0.18722280859947205,-1.3624565601348877
1677530548.528451,-0.07275118678808212,-0.18713690340518951,-1.3630561828613281
1677530548.5728984,-0.07320275157690048,-0.18633651733398438,-1.3627352714538574
1677530548.6190856,-0.07321374118328094,-0.18582658469676971,-1.3627361059188843
1677530548.6658263,-0.07320871204137802,-0.18706178665161133,-1.3625329732894897
1677530548.7109268,-0.07296279817819595,-0.18861201405525208,-1.3629570007324219
1677530548.756951,-0.07111945748329163,-0.1903264969587326,-1.363985300064087
1677530548.8035092,-0.06885204464197159,-0.18941223621368408,-1.3653494119644165
1677530548.8505974,-0.06272231042385101,-0.18806666135787964,-1.3660688400268555
1677530548.8960905,-0.057649508118629456,-0.18701712787151337,-1.365844488143921
1677530548.940022,-0.0522957518696785,-0.18659445643424988,-1.3665828704833984
1677530548.9853954,-0.04169904813170433,-0.18674325942993164,-1.3665131330490112
1677530549.0319068,-0.03462257608771324,-0.1875752955675125,-1.3663620948791504
1677530549.0766516,-0.027104904875159264,-0.18859928846359253,-1.367995023727417
1677530549.1220236,-0.013175792060792446,-0.18802183866500854,-1.374105453491211
1677530549.1673625,-0.0054418290965259075,-0.185741126537323,-1.3772306442260742
1677530549.2133317,0.001855991780757904,-0.18458878993988037,-1.3787424564361572
1677530549.2614222,0.016869155690073967,-0.1789218783378601,-1.3813246488571167
1677530549.307464,0.02533414401113987,-0.17467913031578064,-1.3816792964935303
1677530549.3546994,0.04235118255019188,-0.16860657930374146,-1.384968638420105
1677530549.4017012,0.05029759556055069,-0.16712717711925507,-1.3874990940093994
1677530549.44741,0.0577780120074749,-0.16567495465278625,-1.3915212154388428
1677530549.493039,0.073154516518116,-0.16263772547245026,-1.3990287780761719
1677530549.5392077,0.08141716569662094,-0.16140636801719666,-1.4031906127929688
1677530549.5865312,0.09702002257108688,-0.15658918023109436,-1.4088976383209229
1677530549.6344543,0.10508181154727936,-0.1549455225467682,-1.411946177482605
1677530549.6798384,0.11289435625076294,-0.1533696949481964,-1.4171383380889893
1677530549.7269502,0.12690742313861847,-0.14543834328651428,-1.4213982820510864
1677530549.7745285,0.13337060809135437,-0.14231055974960327,-1.4227036237716675
1677530549.8230677,0.14537379145622253,-0.1417001336812973,-1.429244875907898
1677530549.8714743,0.1510971337556839,-0.146092489361763,-1.4365607500076294
1677530549.91833,0.15694749355316162,-0.15082406997680664,-1.4446613788604736
1677530549.9653442,0.16943246126174927,-0.1580679714679718,-1.4633846282958984
1677530550.0115678,0.17502343654632568,-0.15977917611598969,-1.4738409519195557
1677530550.0593255,0.1831919401884079,-0.15998895466327667,-1.4863001108169556
1677530550.1048608,0.18606196343898773,-0.15779843926429749,-1.4890806674957275
1677530550.1488292,0.1882999688386917,-0.15616166591644287,-1.4918622970581055
1677530550.1943367,0.19374899566173553,-0.1530233472585678,-1.4982719421386719
1677530550.241972,0.19529205560684204,-0.15041619539260864,-1.4979465007781982
1677530550.2890084,0.19896110892295837,-0.14389559626579285,-1.4978107213974
1677530550.3339071,0.2013055831193924,-0.13985665142536163,-1.4977022409439087
1677530550.3774958,0.20590995252132416,-0.13485006988048553,-1.4992178678512573
1677530550.422861,0.21644224226474762,-0.12525497376918793,-1.5035065412521362
1677530550.4674163,0.22214113175868988,-0.11977466940879822,-1.5066841840744019
1677530550.5120082,0.22763638198375702,-0.11479508876800537,-1.51167631149292
1677530550.5592878,0.23503759503364563,-0.1074240505695343,-1.5168867111206055
1677530550.6073666,0.23718410730361938,-0.10581667721271515,-1.517888069152832
1677530550.6514251,0.23906542360782623,-0.10513807833194733,-1.5204416513442993
1677530550.6978333,0.24362608790397644,-0.10250107944011688,-1.524688720703125
1677530550.745449,0.24555076658725739,-0.10143092274665833,-1.5270006656646729
1677530550.7911177,0.24900344014167786,-0.09800834953784943,-1.5281134843826294
1677530550.8349268,0.24927875399589539,-0.0969553291797638,-1.5262664556503296
1677530550.8812313,0.24922184646129608,-0.09620355069637299,-1.5244038105010986
1677530550.9261706,0.24731388688087463,-0.09802645444869995,-1.5229434967041016
1677530550.9724274,0.24461416900157928,-0.1007639467716217,-1.5222023725509644
1677530551.0168025,0.24266916513442993,-0.10331842303276062,-1.5221296548843384
1677530551.0614808,0.24112233519554138,-0.1070927232503891,-1.523352026939392
1677530551.1061702,0.24096961319446564,-0.10809643566608429,-1.524154543876648
1677530551.1511347,0.24148112535476685,-0.1077055037021637,-1.5244609117507935
1677530551.1970513,0.242332324385643,-0.10588154196739197,-1.5222201347351074
1677530551.24318,0.2424183040857315,-0.10385105013847351,-1.5180394649505615
1677530551.289498,0.24219787120819092,-0.10306636989116669,-1.5150805711746216
1677530551.3348966,0.24105879664421082,-0.10442408919334412,-1.5124448537826538
1677530551.3802836,0.23972441256046295,-0.10663555562496185,-1.5120900869369507
1677530551.4263463,0.23656706511974335,-0.11077010631561279,-1.5123974084854126
1677530551.4726305,0.23387527465820312,-0.11400020122528076,-1.5123258829116821
1677530551.518778,0.23203901946544647,-0.11704403162002563,-1.5113602876663208
1677530551.5646205,0.22780665755271912,-0.11938555538654327,-1.508619785308838
1677530551.6106968,0.22389259934425354,-0.12104953825473785,-1.5054466724395752
1677530551.6571057,0.22013641893863678,-0.12281939387321472,-1.5017423629760742
1677530551.7030013,0.21043014526367188,-0.12765364348888397,-1.4907279014587402
1677530551.749992,0.20401440560817719,-0.131236270070076,-1.4826675653457642
1677530551.7959743,0.19340041279792786,-0.13963596522808075,-1.471570611000061
1677530551.842557,0.18742676079273224,-0.14345048367977142,-1.4656751155853271
1677530551.888046,0.18060719966888428,-0.1483556181192398,-1.4622769355773926
1677530551.9330454,0.16741587221622467,-0.15673993527889252,-1.4535613059997559
1677530551.978424,0.159945547580719,-0.1595258265733719,-1.445380687713623
1677530552.0233042,0.15182192623615265,-0.16123558580875397,-1.43800687789917
1677530552.067986,0.13247041404247284,-0.1652245670557022,-1.4277777671813965
1677530552.1143003,0.12216252088546753,-0.16660936176776886,-1.4251500368118286
1677530552.1621642,0.10159710794687271,-0.1689624935388565,-1.412294864654541
1677530552.2075298,0.0897810086607933,-0.1673242151737213,-1.4011383056640625
1677530552.2518842,0.07812168449163437,-0.16427749395370483,-1.3907338380813599
1677530552.2961102,0.05538022890686989,-0.16122086346149445,-1.3726301193237305
1677530552.3405151,0.044090986251831055,-0.16048523783683777,-1.363283634185791
1677530552.3884127,0.03265584260225296,-0.1588469296693802,-1.3563672304153442
1677530552.431911,0.009059913456439972,-0.15546125173568726,-1.3450453281402588
1677530552.4795258,-0.00246545672416687,-0.1567770093679428,-1.3419407606124878
1677530552.5237675,-0.01452404260635376,-0.15787078440189362,-1.3413443565368652
1677530552.5678482,-0.03853078559041023,-0.16039802134037018,-1.3406479358673096
1677530552.6133378,-0.050165146589279175,-0.16440296173095703,-1.3426668643951416
1677530552.6577592,-0.06137821823358536,-0.1679699718952179,-1.3440357446670532
1677530552.7047727,-0.08309570699930191,-0.17387861013412476,-1.345892310142517
1677530552.7498822,-0.09155930578708649,-0.1776420772075653,-1.3482294082641602
1677530552.7943854,-0.0996004268527031,-0.18182754516601562,-1.3497170209884644
1677530552.8397894,-0.11481679975986481,-0.18722693622112274,-1.3527909517288208
1677530552.8869967,-0.11969973146915436,-0.1910502165555954,-1.3558014631271362
1677530552.933994,-0.1286752074956894,-0.19475306570529938,-1.3604711294174194
1677530552.9785843,-0.12985964119434357,-0.19800230860710144,-1.3640811443328857
1677530553.0239117,-0.13091208040714264,-0.2021225243806839,-1.368578553199768
1677530553.069195,-0.13311171531677246,-0.20813946425914764,-1.3757147789001465
1677530553.1162133,-0.13191553950309753,-0.21118076145648956,-1.3774080276489258
1677530553.162146,-0.13082215189933777,-0.21306096017360687,-1.378750205039978
1677530553.2071376,-0.13009750843048096,-0.21459268033504486,-1.3809083700180054
1677530553.2547443,-0.12851963937282562,-0.213692769408226,-1.3808164596557617
1677530553.2995617,-0.12669362127780914,-0.21469363570213318,-1.3824462890625
1677530553.3447754,-0.1251102238893509,-0.21365338563919067,-1.3819539546966553
1677530553.3903594,-0.12363707274198532,-0.21288622915744781,-1.382266879081726
1677530553.4365232,-0.12223649024963379,-0.21521010994911194,-1.3864657878875732
1677530553.4812434,-0.12154320627450943,-0.21509161591529846,-1.3852003812789917
1677530553.525515,-0.1213868111371994,-0.21478044986724854,-1.3837573528289795
1677530553.570466,-0.1221509650349617,-0.2140943855047226,-1.382912039756775
1677530553.6152935,-0.1230371966958046,-0.2118743658065796,-1.381672978401184
1677530553.661585,-0.12348082661628723,-0.2104930728673935,-1.3806973695755005
1677530553.7107902,-0.12451877444982529,-0.20854324102401733,-1.3792762756347656
1677530553.7564707,-0.12477602064609528,-0.20779988169670105,-1.3784328699111938
1677530553.804711,-0.1251925379037857,-0.2098454385995865,-1.3752720355987549
1677530553.851907,-0.125412717461586,-0.21095748245716095,-1.3746719360351562
1677530553.8961413,-0.12547029554843903,-0.2115088403224945,-1.3743817806243896
1677530553.940062,-0.12518636882305145,-0.2130686193704605,-1.3755396604537964
1677530553.9838264,-0.1246730387210846,-0.2127770632505417,-1.3762785196304321
1677530554.0289166,-0.12429340928792953,-0.21182990074157715,-1.377761960029602
1677530554.0769165,-0.1238027811050415,-0.21166928112506866,-1.3784894943237305
1677530554.123858,-0.12375610321760178,-0.21181491017341614,-1.3785308599472046
1677530554.1715612,-0.1234743744134903,-0.21334882080554962,-1.379373550415039
1677530554.2162225,-0.12268068641424179,-0.21388933062553406,-1.37993586063385
1677530554.2610862,-0.12254413217306137,-0.21419288218021393,-1.3800203800201416
1677530554.3083687,-0.12236087024211884,-0.2144150286912918,-1.379946231842041
1677530554.35242,-0.12256860733032227,-0.21302975714206696,-1.3805047273635864
1677530554.3982155,-0.12321862578392029,-0.2125212848186493,-1.3804060220718384
1677530554.4462678,-0.1247510239481926,-0.21338553726673126,-1.3811763525009155
1677530554.4903066,-0.12558598816394806,-0.2128249853849411,-1.381778597831726
1677530554.5365162,-0.12617629766464233,-0.21283701062202454,-1.3814582824707031
1677530554.5808027,-0.12653982639312744,-0.21275688707828522,-1.381303310394287
1677530554.6275074,-0.12653565406799316,-0.21237477660179138,-1.3791916370391846
1677530554.6746829,-0.12646660208702087,-0.2121497541666031,-1.3773744106292725
1677530554.7213094,-0.12643492221832275,-0.21280524134635925,-1.3783104419708252
1677530554.766406,-0.12654298543930054,-0.21483658254146576,-1.3794469833374023
1677530554.8121803,-0.12676221132278442,-0.21610647439956665,-1.3815466165542603
1677530554.857758,-0.126228928565979,-0.21724633872509003,-1.38218355178833
1677530554.902374,-0.12546084821224213,-0.2187519371509552,-1.3810129165649414
1677530554.9473238,-0.12445596605539322,-0.22084660828113556,-1.381974458694458
1677530554.9923334,-0.12372586131095886,-0.2203150987625122,-1.3837800025939941
1677530555.0388932,-0.12281662225723267,-0.21997760236263275,-1.3849958181381226
1677530555.0826035,-0.12313197553157806,-0.2191634178161621,-1.3850479125976562
1677530555.1298614,-0.12318103760480881,-0.2176487296819687,-1.3854037523269653
1677530555.1760526,-0.12308749556541443,-0.21473897993564606,-1.384129285812378
1677530555.2223828,-0.12312202155590057,-0.21331645548343658,-1.3828743696212769
1677530555.267027,-0.12315940856933594,-0.2129921168088913,-1.3817676305770874
1677530555.3115423,-0.12282340973615646,-0.21299447119235992,-1.3765649795532227
1677530555.3565388,-0.12289591878652573,-0.21362918615341187,-1.3741717338562012
1677530555.4047792,-0.12274673581123352,-0.2132159173488617,-1.3717597723007202
1677530555.4509814,-0.12240596115589142,-0.213544562458992,-1.3703010082244873
1677530555.4977915,-0.12208095192909241,-0.21386821568012238,-1.3721240758895874
1677530555.5441742,-0.12158340960741043,-0.21454952657222748,-1.375569462776184
1677530555.5891714,-0.12168987840414047,-0.21484185755252838,-1.3786146640777588
1677530555.6358476,-0.1218339204788208,-0.2151440978050232,-1.3823645114898682
1677530555.6822298,-0.1218944638967514,-0.21532005071640015,-1.3860552310943604
1677530555.730002,-0.12250372767448425,-0.21576789021492004,-1.3867807388305664
1677530555.776229,-0.12232156842947006,-0.21517013013362885,-1.3881099224090576
1677530555.8229244,-0.12200088798999786,-0.21507269144058228,-1.3879505395889282
1677530555.868384,-0.12191040068864822,-0.21568283438682556,-1.3868281841278076
1677530555.914907,-0.12258338183164597,-0.2142936885356903,-1.385657787322998
1677530555.9597046,-0.12248687446117401,-0.21345645189285278,-1.3843533992767334
1677530556.0061808,-0.12272617220878601,-0.21292471885681152,-1.3831249475479126
1677530556.051795,-0.1226419135928154,-0.21184265613555908,-1.3819173574447632
1677530556.096688,-0.12248788774013519,-0.21179993450641632,-1.382216215133667
1677530556.1430173,-0.1218268945813179,-0.21219994127750397,-1.3811415433883667
1677530556.192551,-0.12178372591733932,-0.21265964210033417,-1.3811510801315308
1677530556.2404125,-0.12159064412117004,-0.2132590115070343,-1.3814142942428589
1677530556.2872963,-0.12128907442092896,-0.2150682955980301,-1.3821395635604858
1677530556.3335557,-0.12126864492893219,-0.2160203754901886,-1.3800510168075562
1677530556.3810854,-0.12163339555263519,-0.21746955811977386,-1.380243182182312
1677530556.4279802,-0.12183047831058502,-0.21741579473018646,-1.3790757656097412
1677530556.4754808,-0.1213454082608223,-0.2173781543970108,-1.3786187171936035
1677530556.520174,-0.1202659159898758,-0.21557149291038513,-1.377806544303894
1677530556.5655181,-0.1200515404343605,-0.21472138166427612,-1.3792059421539307
1677530556.6111743,-0.11945896595716476,-0.21424810588359833,-1.3819161653518677
1677530556.6568544,-0.11902017891407013,-0.21387889981269836,-1.3836145401000977
1677530556.702441,-0.11893875896930695,-0.2135189324617386,-1.3839918375015259
1677530556.7478032,-0.11908526718616486,-0.21323128044605255,-1.383147954940796
1677530556.7934847,-0.11997727304697037,-0.21309258043766022,-1.3826960325241089
1677530556.8378055,-0.12105993926525116,-0.21380525827407837,-1.3831936120986938
1677530556.88432,-0.12185463309288025,-0.2142208218574524,-1.3844672441482544
1677530556.9310322,-0.12172860652208328,-0.21484819054603577,-1.3851100206375122
1677530556.9760745,-0.12226273864507675,-0.21492041647434235,-1.3851133584976196
1677530557.0242872,-0.1220775619149208,-0.21413785219192505,-1.382694125175476
1677530557.0720375,-0.12197143584489822,-0.21484099328517914,-1.3814090490341187
1677530557.1194234,-0.12282891571521759,-0.21405446529388428,-1.380138635635376
1677530557.16648,-0.12302305549383163,-0.21264122426509857,-1.3800621032714844
1677530557.2133067,-0.12272510677576065,-0.21066415309906006,-1.3789527416229248
1677530557.2586067,-0.1225089505314827,-0.2099466472864151,-1.3793165683746338
1677530557.3056886,-0.12230604141950607,-0.21074038743972778,-1.377009630203247
1677530557.3508518,-0.12211767584085464,-0.21221770346164703,-1.3735991716384888
1677530557.397156,-0.12228529155254364,-0.21314884722232819,-1.372570514678955
1677530557.4427304,-0.1225883960723877,-0.21413089334964752,-1.3725700378417969
1677530557.4896224,-0.12308420985937119,-0.21562853455543518,-1.3756771087646484
1677530557.5347838,-0.1228407546877861,-0.21722891926765442,-1.3762860298156738
1677530557.5788083,-0.12263032048940659,-0.21848639845848083,-1.378109335899353
1677530557.625271,-0.12242497503757477,-0.21806935966014862,-1.3780608177185059
1677530557.6685724,-0.12233614176511765,-0.2178846150636673,-1.377788782119751
1677530557.7128105,-0.12220513075590134,-0.21763242781162262,-1.377333402633667
1677530557.758202,-0.12257003039121628,-0.21755346655845642,-1.3770877122879028
1677530557.8016272,-0.12253376096487045,-0.21783766150474548,-1.3780667781829834
1677530557.8482258,-0.12245887517929077,-0.21840699017047882,-1.379814863204956
1677530557.8954856,-0.12232324481010437,-0.21946154534816742,-1.3837965726852417
1677530557.943483,-0.12246517837047577,-0.2205498069524765,-1.3858544826507568
1677530557.9884748,-0.12291674315929413,-0.22271910309791565,-1.390204906463623
1677530558.03468,-0.12302140891551971,-0.22216437757015228,-1.3917901515960693
1677530558.0831187,-0.12243812531232834,-0.2223365306854248,-1.3921067714691162
1677530558.127317,-0.12279271334409714,-0.22053207457065582,-1.3915623426437378
1677530558.1739902,-0.12360846251249313,-0.21971482038497925,-1.3906161785125732
1677530558.2193236,-0.1254955381155014,-0.21721650660037994,-1.3892806768417358
1677530558.2647495,-0.12658736109733582,-0.21702781319618225,-1.3873454332351685
1677530558.3097234,-0.1268129199743271,-0.2181898057460785,-1.3865846395492554
1677530558.3576162,-0.12670141458511353,-0.21898280084133148,-1.3836047649383545
1677530558.4034903,-0.12627138197422028,-0.22003237903118134,-1.382681131362915
1677530558.4501722,-0.12601378560066223,-0.21999938786029816,-1.3807708024978638
1677530558.4952464,-0.12609198689460754,-0.22030234336853027,-1.3801088333129883
1677530558.5401413,-0.12610261142253876,-0.22052434086799622,-1.3800309896469116
1677530558.5862956,-0.12628895044326782,-0.22306594252586365,-1.3825907707214355
1677530558.6317978,-0.126580610871315,-0.22401298582553864,-1.384925127029419
1677530558.677804,-0.12664994597434998,-0.2229541540145874,-1.386829137802124
1677530558.7226157,-0.12626750767230988,-0.22071491181850433,-1.388887643814087
1677530558.76915,-0.12643365561962128,-0.2198537141084671,-1.3883086442947388
1677530558.8150082,-0.126754492521286,-0.21903875470161438,-1.388476848602295
1677530558.8610194,-0.12726399302482605,-0.22074347734451294,-1.3869812488555908
1677530558.9062765,-0.12737585604190826,-0.2214510440826416,-1.3868610858917236
1677530558.9507525,-0.1274225264787674,-0.2213611900806427,-1.3875219821929932
1677530558.995949,-0.12667736411094666,-0.21954017877578735,-1.3827654123306274
1677530559.0412333,-0.12656144797801971,-0.21861056983470917,-1.3795608282089233
1677530559.0863194,-0.12716533243656158,-0.2178562730550766,-1.3759695291519165
1677530559.1310058,-0.12726306915283203,-0.21780894696712494,-1.3765957355499268
1677530559.1776056,-0.12729290127754211,-0.21807992458343506,-1.3789139986038208
1677530559.2259002,-0.1263984590768814,-0.2200222760438919,-1.3842953443527222
1677530559.2720668,-0.12556765973567963,-0.22039733827114105,-1.3872123956680298
1677530559.318365,-0.12516167759895325,-0.21999479830265045,-1.3887993097305298
1677530559.3642983,-0.12565670907497406,-0.22000060975551605,-1.3915740251541138
1677530559.4094832,-0.12636886537075043,-0.22048328816890717,-1.3922477960586548
1677530559.4579961,-0.1279514729976654,-0.22227731347084045,-1.3936954736709595
1677530559.5035172,-0.12843464314937592,-0.22292879223823547,-1.3924973011016846
1677530559.54727,-0.12839554250240326,-0.22347547113895416,-1.3919955492019653
1677530559.5930858,-0.12806355953216553,-0.22194033861160278,-1.390045404434204
1677530559.638984,-0.12735408544540405,-0.22187387943267822,-1.3858941793441772
1677530559.6835656,-0.12681716680526733,-0.22277328372001648,-1.3824281692504883
1677530559.7300253,-0.12655390799045563,-0.22385329008102417,-1.3786044120788574
1677530559.7763133,-0.1263917237520218,-0.2249315083026886,-1.3785030841827393
1677530559.8216298,-0.1259671300649643,-0.22623732686042786,-1.381359577178955
1677530559.8663208,-0.125136598944664,-0.22864605486392975,-1.387296199798584
1677530559.9112637,-0.12420490384101868,-0.2284747064113617,-1.3919785022735596
1677530559.956045,-0.12327442318201065,-0.22734184563159943,-1.396713137626648
1677530560.0039933,-0.1232621818780899,-0.22678683698177338,-1.3974436521530151
1677530560.0489893,-0.12345477193593979,-0.22692382335662842,-1.3974113464355469
1677530560.094113,-0.1236911416053772,-0.22802573442459106,-1.3998597860336304
1677530560.1395159,-0.1242404356598854,-0.2287849336862564,-1.400998592376709
1677530560.184382,-0.12455015629529953,-0.22910378873348236,-1.4009144306182861
1677530560.229208,-0.1249609962105751,-0.2305685132741928,-1.402619481086731
1677530560.2750049,-0.12538985908031464,-0.23075774312019348,-1.4029346704483032
1677530560.3215218,-0.1256575733423233,-0.23010492324829102,-1.401919960975647
1677530560.3672667,-0.1261742264032364,-0.22760608792304993,-1.4003045558929443
1677530560.4131415,-0.1263735294342041,-0.22722959518432617,-1.399479627609253
1677530560.457417,-0.12656721472740173,-0.22720535099506378,-1.4000558853149414
1677530560.493127,-0.1266455352306366,-0.2276582419872284,-1.399417519569397
1677530560.540139,-0.12661637365818024,-0.22848327457904816,-1.3996449708938599
1677530560.5838258,-0.1264970898628235,-0.22912614047527313,-1.3999576568603516
1677530560.6306498,-0.12588539719581604,-0.2311764359474182,-1.400871992111206
1677530560.6805055,-0.12610048055648804,-0.23168019950389862,-1.3999252319335938
1677530560.7271175,-0.12643706798553467,-0.2314917892217636,-1.3984744548797607
1677530560.7736194,-0.12674465775489807,-0.23018468916416168,-1.3980491161346436
1677530560.8196971,-0.12658505141735077,-0.22813601791858673,-1.3973242044448853
1677530560.8659878,-0.12769263982772827,-0.22505678236484528,-1.3961174488067627
1677530560.9110692,-0.12796913087368011,-0.22464647889137268,-1.3949182033538818
1677530560.9557276,-0.12811800837516785,-0.22550491988658905,-1.392600417137146
1677530560.9998653,-0.12819358706474304,-0.22780759632587433,-1.392528772354126
1677530561.0471451,-0.12769371271133423,-0.2283479869365692,-1.3936514854431152
1677530561.091308,-0.126895010471344,-0.2275700867176056,-1.3940238952636719
1677530561.1372073,-0.1258007436990738,-0.22617372870445251,-1.3944345712661743
1677530561.1818266,-0.12499985098838806,-0.22538651525974274,-1.3954802751541138
1677530561.228297,-0.12437111884355545,-0.22563721239566803,-1.3964416980743408
1677530561.2750607,-0.1248340979218483,-0.22440287470817566,-1.3948028087615967
1677530561.3215013,-0.12468426674604416,-0.22346268594264984,-1.392015814781189
1677530561.369341,-0.12512870132923126,-0.22214500606060028,-1.3897470235824585
1677530561.416936,-0.1256074607372284,-0.222517192363739,-1.3911124467849731
1677530561.4652693,-0.12643857300281525,-0.2252582162618637,-1.395042896270752
1677530561.5142357,-0.12715712189674377,-0.22705654799938202,-1.3974785804748535
1677530561.5610733,-0.12782447040081024,-0.22904808819293976,-1.3973217010498047
1677530561.6082237,-0.12853147089481354,-0.22971604764461517,-1.397788643836975
1677530561.655672,-0.12862728536128998,-0.23005065321922302,-1.3952699899673462
1677530561.7025647,-0.12878848612308502,-0.23095236718654633,-1.397821068763733
1677530561.7490673,-0.12890541553497314,-0.23164866864681244,-1.4004435539245605
1677530561.7931902,-0.12913964688777924,-0.23083743453025818,-1.4019889831542969
1677530561.838393,-0.1289421170949936,-0.2308586984872818,-1.4038193225860596
1677530561.8839004,-0.12901073694229126,-0.23111577332019806,-1.403631329536438
1677530561.9194136,-0.12892276048660278,-0.2315879464149475,-1.4045571088790894
1677530561.964697,-0.1293668895959854,-0.23370547592639923,-1.4064321517944336
1677530562.0101008,-0.129560649394989,-0.23352913558483124,-1.4072296619415283
1677530562.054998,-0.12992948293685913,-0.23317675292491913,-1.4044179916381836
1677530562.099802,-0.13012056052684784,-0.23263682425022125,-1.4011316299438477
1677530562.1442306,-0.12987017631530762,-0.23113685846328735,-1.4003108739852905
1677530562.190121,-0.129834845662117,-0.22972019016742706,-1.3982678651809692
1677530562.2358403,-0.12989303469657898,-0.22842556238174438,-1.3961130380630493
1677530562.2820368,-0.1290462166070938,-0.22729340195655823,-1.3965308666229248
1677530562.3304703,-0.12842941284179688,-0.2268284410238266,-1.3979119062423706
1677530562.3749135,-0.1281713843345642,-0.2286311686038971,-1.401351809501648
1677530562.4201875,-0.1285320222377777,-0.23088131844997406,-1.401065468788147
1677530562.4649158,-0.1294199526309967,-0.2324931025505066,-1.4010905027389526
1677530562.5087752,-0.1300174742937088,-0.23259632289409637,-1.4016845226287842
1677530562.5527499,-0.1304229348897934,-0.23256069421768188,-1.4026340246200562
1677530562.5968206,-0.13057531416416168,-0.23336857557296753,-1.4042128324508667
1677530562.6445262,-0.12948811054229736,-0.23493152856826782,-1.406479835510254
1677530562.6915603,-0.12755009531974792,-0.23298178613185883,-1.4055336713790894
1677530562.7388813,-0.12430644780397415,-0.2304363250732422,-1.4035711288452148
1677530562.7876515,-0.12278155237436295,-0.22960714995861053,-1.4025827646255493
1677530562.8346574,-0.12139806896448135,-0.22932767868041992,-1.4008418321609497
1677530562.8807507,-0.12121687084436417,-0.22832056879997253,-1.4006199836730957
1677530562.9269478,-0.12102346122264862,-0.22804662585258484,-1.3996434211730957
1677530562.9733384,-0.1207997128367424,-0.2292994111776352,-1.400951623916626
1677530563.019035,-0.12123893201351166,-0.22972695529460907,-1.4024136066436768
1677530563.0662737,-0.12098273634910583,-0.23032310605049133,-1.4028080701828003
1677530563.1122568,-0.12170086801052094,-0.23348747193813324,-1.4041779041290283
1677530563.158293,-0.12238942831754684,-0.23555412888526917,-1.4044044017791748
1677530563.2043848,-0.12324914336204529,-0.2369948923587799,-1.4040074348449707
1677530563.2496269,-0.12324542552232742,-0.2354878932237625,-1.4030207395553589
1677530563.2945528,-0.12290014326572418,-0.23447687923908234,-1.401389718055725
1677530563.3399174,-0.12235313653945923,-0.23242762684822083,-1.3993622064590454
1677530563.385239,-0.12189672887325287,-0.23284780979156494,-1.3988693952560425
1677530563.430708,-0.12261439114809036,-0.23456189036369324,-1.3973766565322876
1677530563.4750352,-0.12473428249359131,-0.23698943853378296,-1.397989273071289
1677530563.5200539,-0.12602771818637848,-0.23779228329658508,-1.4002411365509033
1677530563.5646915,-0.12631294131278992,-0.2380688637495041,-1.4017596244812012
1677530563.6109135,-0.125771164894104,-0.23837558925151825,-1.404296875
1677530563.6588237,-0.12489871680736542,-0.2383929044008255,-1.4056246280670166
1677530563.7028377,-0.12487106025218964,-0.23879718780517578,-1.4074537754058838
1677530563.7479134,-0.12557196617126465,-0.2399628758430481,-1.406661868095398
1677530563.7930365,-0.12552914023399353,-0.24123834073543549,-1.4072896242141724
1677530563.8383284,-0.1248723566532135,-0.24275586009025574,-1.4077860116958618
1677530563.8843832,-0.12437458336353302,-0.2432336062192917,-1.4074333906173706
1677530563.9288983,-0.1239011138677597,-0.24163419008255005,-1.4074949026107788
