1677531177.8648868,-0.11992696672677994,0.06491602957248688,-1.611765742301941
1677531178.0319061,-0.12094152718782425,0.06305289268493652,-1.6170191764831543
1677531178.0857873,-0.12159605324268341,0.0636085718870163,-1.6195096969604492
1677531178.1365702,-0.12242789566516876,0.0632690042257309,-1.6274044513702393
1677531178.1870506,-0.12312522530555725,0.061592862010002136,-1.6254551410675049
1677531178.2361856,-0.1225767433643341,0.061736807227134705,-1.6242399215698242
1677531178.286501,-0.12342017889022827,0.06199467182159424,-1.6337952613830566
1677531178.3375907,-0.12387382239103317,0.061656683683395386,-1.6384046077728271
1677531178.3852403,-0.12208680808544159,0.06269864737987518,-1.6296249628067017
1677531178.4408867,-0.12409155815839767,0.06385105848312378,-1.624359369277954
1677531178.4954844,-0.12267330288887024,0.06297028064727783,-1.6254926919937134
1677531178.544879,-0.12164854258298874,0.06223602592945099,-1.6246503591537476
1677531178.595488,-0.12772774696350098,0.062498971819877625,-1.646046757698059
1677531178.6427102,-0.1314161866903305,0.06281161308288574,-1.6581056118011475
1677531178.6899242,-0.12978272140026093,0.0622493177652359,-1.658599615097046
1677531178.7376566,-0.12842200696468353,0.06204739212989807,-1.6568735837936401
1677531178.7841,-0.1274445652961731,0.061232730746269226,-1.6534174680709839
1677531178.830483,-0.12618519365787506,0.060378298163414,-1.642484188079834
1677531178.8768756,-0.12507106363773346,0.05965335667133331,-1.6303280591964722
1677531178.921391,-0.12393686920404434,0.05916081368923187,-1.6253398656845093
1677531178.965939,-0.1228879913687706,0.059837520122528076,-1.6264045238494873
1677531179.012318,-0.1217089295387268,0.06022699177265167,-1.6278661489486694
1677531179.0572286,-0.11959375441074371,0.06167028844356537,-1.6262718439102173
1677531179.1026704,-0.11850238591432571,0.06197094917297363,-1.622961401939392
1677531179.1512809,-0.11634787172079086,0.060592785477638245,-1.6187283992767334
1677531179.1972024,-0.11744190007448196,0.06089694797992706,-1.612483024597168
1677531179.2460892,-0.11960180848836899,0.060832321643829346,-1.614975929260254
1677531179.292778,-0.1225530132651329,0.06140056252479553,-1.6261552572250366
1677531179.339229,-0.12441874295473099,0.06199084222316742,-1.6352736949920654
1677531179.3863056,-0.12667210400104523,0.06223583221435547,-1.6447656154632568
1677531179.4345684,-0.1277243047952652,0.061764106154441833,-1.6437982320785522
1677531179.4804192,-0.1282619833946228,0.061254873871803284,-1.6410999298095703
1677531179.5274734,-0.1288435459136963,0.06043194234371185,-1.6418489217758179
1677531179.574629,-0.12873293459415436,0.060906291007995605,-1.642501711845398
1677531179.620352,-0.12732046842575073,0.062290966510772705,-1.6473325490951538
1677531179.6644645,-0.12676174938678741,0.06267648935317993,-1.649618148803711
1677531179.7100728,-0.12676559388637543,0.06296390295028687,-1.6516594886779785
1677531179.7578511,-0.12723234295845032,0.06299720704555511,-1.6535030603408813
1677531179.8030365,-0.1272680014371872,0.06260393559932709,-1.6475659608840942
1677531179.8492618,-0.12610360980033875,0.0629623681306839,-1.6409515142440796
1677531179.8937666,-0.12419036775827408,0.06360176205635071,-1.6322630643844604
1677531179.9399195,-0.12342830002307892,0.0638170838356018,-1.631535291671753
1677531179.9881606,-0.1276160031557083,0.06307421624660492,-1.6313928365707397
1677531180.034717,-0.12709800899028778,0.06296268105506897,-1.6342483758926392
1677531180.078207,-0.12651562690734863,0.06272745132446289,-1.6297333240509033
1677531180.123736,-0.12524396181106567,0.061613813042640686,-1.6231458187103271
1677531180.169684,-0.1247100830078125,0.0608578622341156,-1.6203486919403076
1677531180.2139387,-0.12467286735773087,0.06020596623420715,-1.6185694932937622
1677531180.261199,-0.12408514320850372,0.06113407015800476,-1.6161880493164062
1677531180.3057961,-0.12403655052185059,0.061611756682395935,-1.6183239221572876
1677531180.3526583,-0.12419812381267548,0.062102317810058594,-1.6234393119812012
1677531180.4015338,-0.12395969778299332,0.06239590048789978,-1.625980019569397
1677531180.4492419,-0.12373142689466476,0.06252887845039368,-1.6266770362854004
1677531180.4950604,-0.12150171399116516,0.06346069276332855,-1.631713628768921
1677531180.5397272,-0.12031914293766022,0.0636730045080185,-1.637558102607727
1677531180.583994,-0.11973323673009872,0.06352871656417847,-1.6377346515655518
1677531180.6289136,-0.11859339475631714,0.06350240111351013,-1.6374460458755493
1677531180.6740344,-0.11905176192522049,0.06341460347175598,-1.637774109840393
1677531180.7188377,-0.11980459839105606,0.06336753070354462,-1.6385231018066406
1677531180.765748,-0.12096942961215973,0.06332658231258392,-1.6417146921157837
1677531180.8107913,-0.12231162935495377,0.063667893409729,-1.6407115459442139
1677531180.8557513,-0.12366184592247009,0.06350025534629822,-1.6401729583740234
1677531180.9029255,-0.1253209412097931,0.06275159120559692,-1.6402192115783691
1677531180.9479473,-0.12522658705711365,0.062477320432662964,-1.6369166374206543
1677531180.99284,-0.12552741169929504,0.06162375211715698,-1.6337392330169678
1677531181.0377882,-0.1253577172756195,0.061540067195892334,-1.6336678266525269
1677531181.085627,-0.12504220008850098,0.06175459921360016,-1.6319164037704468
1677531181.1305907,-0.12459217011928558,0.06203018128871918,-1.6276999711990356
1677531181.1767304,-0.12390825152397156,0.061666786670684814,-1.6238731145858765
1677531181.2203581,-0.12391606718301773,0.06152185797691345,-1.6223725080490112
1677531181.2649481,-0.12582631409168243,0.062156543135643005,-1.6301472187042236
1677531181.3099663,-0.1264389157295227,0.06269596517086029,-1.6382197141647339
1677531181.3543425,-0.1268613338470459,0.06334464251995087,-1.6426336765289307
1677531181.3989236,-0.12609679996967316,0.06359858810901642,-1.6381720304489136
1677531181.4448903,-0.12603287398815155,0.06342557072639465,-1.6381568908691406
1677531181.4909666,-0.1255437135696411,0.06325042247772217,-1.635605812072754
1677531181.5381913,-0.12505774199962616,0.06402719020843506,-1.6400102376937866
1677531181.5831704,-0.12452567368745804,0.06359744071960449,-1.6376234292984009
1677531181.6291566,-0.1251603662967682,0.0633406937122345,-1.6427370309829712
1677531181.6751862,-0.1258668750524521,0.06337262690067291,-1.6425918340682983
1677531181.7190242,-0.12619659304618835,0.06346647441387177,-1.641897439956665
1677531181.7644205,-0.1271769255399704,0.06350786983966827,-1.6409575939178467
1677531181.8121316,-0.12730370461940765,0.06303022801876068,-1.6394156217575073
1677531181.8561056,-0.12706618010997772,0.06297877430915833,-1.6350691318511963
1677531181.9018853,-0.12604136765003204,0.06385155022144318,-1.6368284225463867
1677531181.9499865,-0.12595514953136444,0.06405550241470337,-1.6398770809173584
1677531181.9971092,-0.12389463186264038,0.0635349303483963,-1.6378012895584106
1677531182.041456,-0.12256405502557755,0.06298217177391052,-1.6328784227371216
1677531182.0867808,-0.12127424031496048,0.06326772272586823,-1.6274126768112183
1677531182.1334295,-0.12061333656311035,0.06252643465995789,-1.6184533834457397
1677531182.1779006,-0.12100724875926971,0.0629124641418457,-1.6158689260482788
1677531182.2226508,-0.12122758477926254,0.06348110735416412,-1.6167081594467163
1677531182.2691233,-0.12171897292137146,0.06412947177886963,-1.6138803958892822
1677531182.3170042,-0.1218588575720787,0.06512132287025452,-1.6164227724075317
1677531182.3636394,-0.12298422306776047,0.06513004004955292,-1.620810627937317
1677531182.4113708,-0.12392507493495941,0.0640714019536972,-1.6230868101119995
1677531182.4599028,-0.12440072745084763,0.06353667378425598,-1.622239589691162
1677531182.5036128,-0.12455097585916519,0.06246444582939148,-1.6199276447296143
1677531182.5508323,-0.12403365969657898,0.06188274919986725,-1.619020938873291
1677531182.595287,-0.12288235127925873,0.06213594973087311,-1.622749924659729
1677531182.640789,-0.12069191038608551,0.062215209007263184,-1.621155023574829
1677531182.6879623,-0.11927848309278488,0.06234078109264374,-1.6197478771209717
1677531182.7343428,-0.11944993585348129,0.061879828572273254,-1.619450569152832
1677531182.7815592,-0.1199277862906456,0.06254768371582031,-1.6180692911148071
1677531182.8307486,-0.1206110268831253,0.06318672001361847,-1.6198630332946777
1677531182.8771963,-0.12137927860021591,0.06318320333957672,-1.625156283378601
1677531182.9250314,-0.12189389765262604,0.06356911361217499,-1.6282823085784912
1677531182.9699833,-0.12203007191419601,0.06390351057052612,-1.6317685842514038
1677531183.0157647,-0.12225417792797089,0.06341379880905151,-1.6347283124923706
1677531183.061027,-0.12260308861732483,0.06288160383701324,-1.6360629796981812
1677531183.1066818,-0.12219058722257614,0.06287245452404022,-1.6352087259292603
1677531183.1537807,-0.12145032733678818,0.0624607652425766,-1.634207844734192
1677531183.201815,-0.12193019688129425,0.06244747340679169,-1.6337398290634155
1677531183.2473056,-0.12173156440258026,0.06282241642475128,-1.6329694986343384
1677531183.2922919,-0.12221010774374008,0.06312239170074463,-1.638403058052063
1677531183.3355978,-0.12280628830194473,0.06334283947944641,-1.6433581113815308
1677531183.381342,-0.1226726621389389,0.06298282742500305,-1.6454644203186035
1677531183.4262803,-0.12243235111236572,0.0631452202796936,-1.6452456712722778
1677531183.4720082,-0.12264551222324371,0.06292778253555298,-1.6474756002426147
1677531183.5198877,-0.1230848953127861,0.06268283724784851,-1.6472690105438232
1677531183.5653107,-0.1228032186627388,0.06229187548160553,-1.6460169553756714
1677531183.6134124,-0.12338837236166,0.06247560679912567,-1.6499204635620117
1677531183.6591454,-0.12393636256456375,0.06258733570575714,-1.649274468421936
1677531183.7070088,-0.12334170937538147,0.06218031048774719,-1.6433579921722412
1677531183.750571,-0.12301305681467056,0.06210434436798096,-1.6416749954223633
1677531183.794918,-0.12277298420667648,0.06242634356021881,-1.6410173177719116
1677531183.839814,-0.12283352762460709,0.06227761507034302,-1.6359009742736816
1677531183.8845453,-0.12226337194442749,0.06236295402050018,-1.630316972732544
1677531183.9282312,-0.1242121160030365,0.06213970482349396,-1.6269574165344238
1677531183.9747598,-0.12286608666181564,0.061884164810180664,-1.6197320222854614
1677531184.0195749,-0.122597835958004,0.06152205169200897,-1.6176413297653198
1677531184.0658622,-0.12232811003923416,0.06121356785297394,-1.615323781967163
1677531184.1111515,-0.12441205978393555,0.06016220152378082,-1.6212762594223022
1677531184.156115,-0.1250891387462616,0.06086553633213043,-1.628055214881897
1677531184.2022111,-0.12530755996704102,0.06036108732223511,-1.6300146579742432
1677531184.247232,-0.125513955950737,0.060580283403396606,-1.633393406867981
1677531184.292483,-0.12495274841785431,0.06206771731376648,-1.6366580724716187
1677531184.3373244,-0.12389668822288513,0.06269989907741547,-1.6402056217193604
1677531184.3809743,-0.12302057445049286,0.06247498095035553,-1.6354023218154907
1677531184.4274375,-0.12258199602365494,0.06246131658554077,-1.6353532075881958
1677531184.4742293,-0.1221572607755661,0.06230625510215759,-1.634163498878479
1677531184.5205643,-0.12213343381881714,0.06238293647766113,-1.6338964700698853
1677531184.5664742,-0.12256982922554016,0.06238493323326111,-1.635846495628357
1677531184.6122677,-0.12379949539899826,0.06284305453300476,-1.6404982805252075
1677531184.658841,-0.1249384954571724,0.06285321712493896,-1.6433203220367432
1677531184.7068138,-0.12611019611358643,0.06288182735443115,-1.6405099630355835
1677531184.7541003,-0.12584342062473297,0.062011346220970154,-1.6379235982894897
1677531184.8005552,-0.12459418177604675,0.06110367178916931,-1.6347476243972778
1677531184.8448923,-0.12366127222776413,0.05963242053985596,-1.6337774991989136
1677531184.8893027,-0.12289851903915405,0.06021571159362793,-1.6354724168777466
1677531184.9344873,-0.12227671593427658,0.06079712510108948,-1.6375384330749512
1677531184.9811842,-0.12250345200300217,0.06043505668640137,-1.6426163911819458
1677531185.0282125,-0.12295611202716827,0.061153560876846313,-1.6450031995773315
1677531185.0726755,-0.12328249961137772,0.06219714879989624,-1.6455910205841064
1677531185.118952,-0.1235460564494133,0.06232351064682007,-1.6448997259140015
1677531185.1653843,-0.12380122393369675,0.06248004734516144,-1.6439085006713867
1677531185.2101803,-0.12480898201465607,0.062219515442848206,-1.6435669660568237
1677531185.2567475,-0.12486303597688675,0.06257550418376923,-1.6397150754928589
1677531185.3062148,-0.1248161569237709,0.06272253394126892,-1.6393258571624756
1677531185.3521042,-0.12463118135929108,0.062467485666275024,-1.6353644132614136
1677531185.3973289,-0.12444832175970078,0.06189091503620148,-1.6338860988616943
1677531185.4408674,-0.12458417564630508,0.061589062213897705,-1.639660120010376
1677531185.4867344,-0.12485361844301224,0.061646416783332825,-1.6453059911727905
1677531185.53135,-0.1254645586013794,0.06187883019447327,-1.6505035161972046
1677531185.5754492,-0.12387053668498993,0.06158915162086487,-1.6458135843276978
1677531185.6185632,-0.12279380857944489,0.06186850368976593,-1.6441789865493774
1677531185.6645691,-0.12144184112548828,0.06231421232223511,-1.6422622203826904
1677531185.712794,-0.11890415102243423,0.06263217329978943,-1.6346687078475952
1677531185.761268,-0.11821217834949493,0.06318590044975281,-1.6275304555892944
1677531185.8087656,-0.11832710355520248,0.06402640044689178,-1.6316478252410889
1677531185.8527646,-0.11929310113191605,0.0647408664226532,-1.6362056732177734
1677531185.8983424,-0.12024234235286713,0.06508706510066986,-1.6373705863952637
1677531185.945961,-0.12144562602043152,0.06515975296497345,-1.6399914026260376
1677531185.9936874,-0.12534479796886444,0.06557092070579529,-1.641771674156189
1677531186.0376499,-0.12499493360519409,0.06422781944274902,-1.6398708820343018
1677531186.0822709,-0.12862958014011383,0.06367343664169312,-1.639182209968567
1677531186.127017,-0.12694349884986877,0.06220203638076782,-1.6340548992156982
1677531186.1723218,-0.12546122074127197,0.06177821755409241,-1.6325445175170898
1677531186.2189574,-0.12394312024116516,0.061384305357933044,-1.6361939907073975
1677531186.2635286,-0.12325409799814224,0.06113915145397186,-1.6421769857406616
1677531186.3095906,-0.12335082143545151,0.06142665445804596,-1.645089030265808
1677531186.3550396,-0.12416231632232666,0.061292991042137146,-1.6458574533462524
1677531186.4021206,-0.12422691285610199,0.061059460043907166,-1.6453325748443604
1677531186.4485683,-0.12441596388816833,0.060455337166786194,-1.642478585243225
1677531186.4945838,-0.12426584213972092,0.05998823046684265,-1.6412203311920166
1677531186.5401118,-0.12482510507106781,0.0602412074804306,-1.6413058042526245
1677531186.5850174,-0.12577438354492188,0.06116500496864319,-1.6495119333267212
1677531186.6317575,-0.12632769346237183,0.06164152920246124,-1.6542809009552002
1677531186.6789854,-0.1269380748271942,0.061813950538635254,-1.659898042678833
1677531186.7270637,-0.12670519948005676,0.06171368062496185,-1.6628339290618896
1677531186.7720497,-0.1262541264295578,0.060876041650772095,-1.6575826406478882
1677531186.8172054,-0.1286899894475937,0.06056840717792511,-1.6518737077713013
1677531186.8625178,-0.12711748480796814,0.0604892373085022,-1.646691083908081
1677531186.9091065,-0.1262035071849823,0.0608534961938858,-1.6483261585235596
1677531186.9528062,-0.12589170038700104,0.0612739622592926,-1.6488077640533447
1677531186.9989831,-0.12611278891563416,0.06160256266593933,-1.649472951889038
1677531187.0460684,-0.1264597773551941,0.06211274862289429,-1.649781584739685
1677531187.0901816,-0.12617090344429016,0.062760129570961,-1.6465163230895996
1677531187.1361263,-0.12566275894641876,0.0633239895105362,-1.6416622400283813
1677531187.180838,-0.1247001364827156,0.06409679353237152,-1.636305570602417
1677531187.224903,-0.12353406101465225,0.0644507110118866,-1.6340233087539673
1677531187.2690609,-0.1226171925663948,0.06518274545669556,-1.6343165636062622
1677531187.3163989,-0.12179282307624817,0.06573683023452759,-1.6371935606002808
1677531187.362978,-0.12103934586048126,0.06569921970367432,-1.6370643377304077
1677531187.4068363,-0.12026496976613998,0.06531387567520142,-1.6331474781036377
1677531187.4533205,-0.1191498190164566,0.06552915275096893,-1.627926230430603
1677531187.5006247,-0.11897429078817368,0.06554166972637177,-1.627406120300293
1677531187.547307,-0.12087235599756241,0.06570947170257568,-1.620978832244873
1677531187.594826,-0.12037871778011322,0.06534560024738312,-1.6201316118240356
1677531187.639552,-0.12083262205123901,0.06474855542182922,-1.625917673110962
1677531187.688427,-0.12159119546413422,0.06376145780086517,-1.633725881576538
1677531187.7340326,-0.1222287267446518,0.06387381255626678,-1.6416089534759521
1677531187.7784815,-0.1251903772354126,0.06389309465885162,-1.6398694515228271
1677531187.825605,-0.12390726804733276,0.06248496472835541,-1.6398048400878906
1677531187.8717122,-0.12256835401058197,0.06174187362194061,-1.6402268409729004
1677531187.9200377,-0.12216830253601074,0.06198686361312866,-1.640670657157898
1677531187.968409,-0.12208282202482224,0.062223881483078,-1.6394115686416626
1677531188.0162878,-0.12212405353784561,0.06305012106895447,-1.6402777433395386
1677531188.0630958,-0.1221163421869278,0.06369760632514954,-1.6388330459594727
1677531188.1071277,-0.1221531331539154,0.06395837664604187,-1.6363844871520996
1677531188.153582,-0.12248102575540543,0.06381617486476898,-1.6321754455566406
1677531188.1987011,-0.12251846492290497,0.0635189414024353,-1.6380559206008911
1677531188.2432704,-0.12209010124206543,0.06313878297805786,-1.6370145082473755
1677531188.2878292,-0.12172098457813263,0.06309555470943451,-1.6422048807144165
1677531188.3343909,-0.12132599949836731,0.06323781609535217,-1.6459585428237915
1677531188.3800979,-0.1214156448841095,0.06269663572311401,-1.6495440006256104
1677531188.4280288,-0.12330686300992966,0.06150081753730774,-1.6576324701309204
1677531188.4751508,-0.12491129338741302,0.06139586865901947,-1.659733772277832
1677531188.5205595,-0.12778770923614502,0.05956962704658508,-1.659281611442566
1677531188.5662408,-0.12945938110351562,0.058993518352508545,-1.6606658697128296
1677531188.6115267,-0.13144253194332123,0.05885125696659088,-1.6617822647094727
1677531188.6587515,-0.13534453511238098,0.057658642530441284,-1.6594812870025635
1677531188.7044578,-0.13838012516498566,0.05639129877090454,-1.6582841873168945
1677531188.7515619,-0.14260929822921753,0.0554928332567215,-1.6564037799835205
1677531188.799454,-0.15911865234375,0.056337207555770874,-1.6549372673034668
1677531188.846598,-0.17842364311218262,0.06236948072910309,-1.6510778665542603
1677531188.892595,-0.2141999453306198,0.079728864133358,-1.6423474550247192
1677531188.9388313,-0.22925570607185364,0.09106354415416718,-1.636223316192627
1677531188.985681,-0.24404610693454742,0.1009862944483757,-1.6228876113891602
1677531189.0306435,-0.2709783911705017,0.12097985297441483,-1.608577013015747
1677531189.0768263,-0.281819611787796,0.12369690835475922,-1.597586750984192
1677531189.1212397,-0.3024200201034546,0.13030660152435303,-1.5830097198486328
1677531189.1657968,-0.31192564964294434,0.12514086067676544,-1.5756169557571411
1677531189.2135231,-0.32189831137657166,0.12188635021448135,-1.5730960369110107
1677531189.260845,-0.333013117313385,0.11466741561889648,-1.5766444206237793
1677531189.3071787,-0.3395220637321472,0.11187099665403366,-1.5808581113815308
1677531189.3522093,-0.34926095604896545,0.11013883352279663,-1.5824356079101562
1677531189.3990927,-0.3872460424900055,0.110138438642025,-1.6054750680923462
1677531189.446526,-0.40564197301864624,0.11028175055980682,-1.6173113584518433
1677531189.4927657,-0.4231254458427429,0.10622259974479675,-1.654026746749878
1677531189.5360844,-0.42939209938049316,0.10841461271047592,-1.6590582132339478
1677531189.582972,-0.434268593788147,0.10882218927145004,-1.6570606231689453
1677531189.630372,-0.45406416058540344,0.09412169456481934,-1.7209665775299072
1677531189.681103,-0.45778268575668335,0.11970365047454834,-1.7272316217422485
1677531189.7277305,-0.4619283378124237,0.14736570417881012,-1.6927868127822876
1677531189.7776206,-0.4648642838001251,0.14532536268234253,-1.6742647886276245
1677531189.8231328,-0.4672051668167114,0.1388300061225891,-1.6726057529449463
1677531189.868259,-0.46900537610054016,0.1313883513212204,-1.6590125560760498
1677531189.9144838,-0.47108981013298035,0.1258658468723297,-1.653501033782959
1677531189.9616575,-0.48109254240989685,0.11935503035783768,-1.6615229845046997
1677531190.0075378,-0.4825819432735443,0.10718148201704025,-1.6616907119750977
1677531190.0534706,-0.4852401912212372,0.10713862627744675,-1.6569315195083618
1677531190.0982313,-0.4864487648010254,0.10509491711854935,-1.670229434967041
1677531190.145284,-0.4880983531475067,0.10604852437973022,-1.663847804069519
1677531190.190679,-0.4893789291381836,0.10288803279399872,-1.6746476888656616
1677531190.2388165,-0.4955708384513855,0.10705968737602234,-1.672966480255127
1677531190.2871165,-0.4989936947822571,0.10923763364553452,-1.6711915731430054
1677531190.3332565,-0.5004833340644836,0.10683509707450867,-1.6864473819732666
1677531190.3777976,-0.5034777522087097,0.10824207216501236,-1.6780866384506226
1677531190.425354,-0.5038665533065796,0.09715647995471954,-1.6323680877685547
1677531190.4707754,-0.5017421245574951,0.10047011822462082,-1.6058087348937988
1677531190.518236,-0.49986204504966736,0.1028854101896286,-1.5953919887542725
1677531190.566224,-0.5012916922569275,0.10347199440002441,-1.6164824962615967
1677531190.6140237,-0.5014830231666565,0.11288374662399292,-1.6164993047714233
1677531190.6620336,-0.5202146768569946,0.12802256643772125,-1.6449378728866577
1677531190.7107036,-0.5281123518943787,0.1303461790084839,-1.670403242111206
1677531190.7565188,-0.536110520362854,0.13363492488861084,-1.6912487745285034
1677531190.8028204,-0.5465118885040283,0.14327818155288696,-1.7392576932907104
1677531190.847927,-0.5479166507720947,0.13890978693962097,-1.7664380073547363
1677531190.8951643,-0.5497311353683472,0.13754519820213318,-1.7920781373977661
1677531190.9400966,-0.5516917705535889,0.13471609354019165,-1.7983362674713135
1677531190.9858127,-0.5531588196754456,0.13318735361099243,-1.8056927919387817
1677531191.0324776,-0.5493987202644348,0.1363668143749237,-1.8360979557037354
1677531191.0783927,-0.5486332774162292,0.13206778466701508,-1.8418570756912231
1677531191.1272392,-0.5542193651199341,0.1298920214176178,-1.8357205390930176
1677531191.1733906,-0.5570063591003418,0.1274774968624115,-1.815909743309021
1677531191.2207205,-0.5587814450263977,0.12597563862800598,-1.8035640716552734
1677531191.269234,-0.5601257085800171,0.12418165057897568,-1.7861766815185547
1677531191.3181932,-0.5601276755332947,0.12252392619848251,-1.7719383239746094
1677531191.3659282,-0.5601783990859985,0.12180023640394211,-1.7628424167633057
1677531191.412733,-0.5609444975852966,0.12072711437940598,-1.7644145488739014
1677531191.4632323,-0.5613227486610413,0.12043667584657669,-1.7509459257125854
1677531191.5110817,-0.5617727637290955,0.12104421108961105,-1.7512705326080322
1677531191.5589235,-0.5618823766708374,0.12106989324092865,-1.7382208108901978
1677531191.6053252,-0.559796929359436,0.12274407595396042,-1.7348812818527222
1677531191.6509004,-0.558519184589386,0.12229914218187332,-1.7162442207336426
1677531191.6985023,-0.5558996796607971,0.12270675599575043,-1.6968069076538086
1677531191.7448037,-0.5537793040275574,0.12299501895904541,-1.6859089136123657
1677531191.7921891,-0.5515992045402527,0.12362759560346603,-1.6843887567520142
1677531191.838973,-0.5497812032699585,0.12406213581562042,-1.6839218139648438
1677531191.8866303,-0.5492978096008301,0.12337131798267365,-1.6751402616500854
1677531191.9336755,-0.5459476709365845,0.12191453576087952,-1.6635500192642212
1677531191.9806,-0.5444283485412598,0.12105992436408997,-1.649554967880249
1677531192.0269392,-0.5424290299415588,0.12069004029035568,-1.6431931257247925
1677531192.072036,-0.5446712374687195,0.11734402179718018,-1.6353263854980469
1677531192.1178079,-0.5463043451309204,0.11762025952339172,-1.6334083080291748
1677531192.1658604,-0.544133186340332,0.11708077043294907,-1.618377923965454
1677531192.2107882,-0.5422293543815613,0.1178802028298378,-1.6167263984680176
1677531192.2550533,-0.5409896969795227,0.11803650856018066,-1.6250059604644775
1677531192.3019578,-0.5435115098953247,0.10856633633375168,-1.6759872436523438
1677531192.3502605,-0.5439161062240601,0.11135637760162354,-1.7099820375442505
1677531192.3980632,-0.540054440498352,0.1095496118068695,-1.7365212440490723
1677531192.4428449,-0.5365645289421082,0.11414515227079391,-1.7507036924362183
1677531192.4871304,-0.5321109890937805,0.11764658242464066,-1.7599271535873413
1677531192.532117,-0.5204481482505798,0.11265377700328827,-1.7275201082229614
1677531192.5773668,-0.5067890882492065,0.11588794738054276,-1.706628441810608
1677531192.624065,-0.49768561124801636,0.11576441675424576,-1.6789865493774414
1677531192.672222,-0.47961583733558655,0.11406043916940689,-1.6455144882202148
1677531192.717585,-0.4658125042915344,0.11252620816230774,-1.6130876541137695
1677531192.7634604,-0.4436160922050476,0.11000901460647583,-1.568690538406372
1677531192.8101425,-0.3997880816459656,0.10471086204051971,-1.5020802021026611
1677531192.8539815,-0.37331289052963257,0.10343655198812485,-1.4732885360717773
1677531192.8993225,-0.3528137505054474,0.10584110021591187,-1.4633992910385132
1677531192.945951,-0.3188641667366028,0.11249450594186783,-1.4586806297302246
1677531192.9957466,-0.30512621998786926,0.11832382529973984,-1.4673374891281128
1677531193.0422232,-0.27035069465637207,0.1216033473610878,-1.482511281967163
1677531193.0905452,-0.2597089409828186,0.12025915086269379,-1.493486762046814
1677531193.1376579,-0.24840094149112701,0.11702955514192581,-1.5243701934814453
1677531193.1837146,-0.24382254481315613,0.1132580041885376,-1.5342878103256226
1677531193.229807,-0.23306766152381897,0.11046376824378967,-1.544493317604065
1677531193.2745922,-0.20440426468849182,0.09489085525274277,-1.615087866783142
1677531193.3202624,-0.18322089314460754,0.085051991045475,-1.6623917818069458
1677531193.3676386,-0.16022172570228577,0.07932284474372864,-1.6894818544387817
1677531193.4143822,-0.12040450423955917,0.0807807594537735,-1.7088357210159302
1677531193.4612997,-0.1067793220281601,0.08342908322811127,-1.7065848112106323
1677531193.5073795,-0.09606372565031052,0.09446995705366135,-1.705322504043579
1677531193.5524144,-0.0995149165391922,0.09202337265014648,-1.7048771381378174
1677531193.600149,-0.10122764110565186,0.08926776796579361,-1.7031117677688599
1677531193.6442902,-0.10070484131574631,0.08814120292663574,-1.6997288465499878
1677531193.690712,-0.10078936070203781,0.0835258960723877,-1.701042652130127
1677531193.736528,-0.09813543409109116,0.0810375064611435,-1.7027965784072876
1677531193.7828429,-0.09639126062393188,0.07987292110919952,-1.704805612564087
1677531193.8287175,-0.09537622332572937,0.07918298244476318,-1.7078232765197754
1677531193.8759022,-0.09454847872257233,0.07810771465301514,-1.7046878337860107
1677531193.9222262,-0.09471699595451355,0.07754701375961304,-1.702983021736145
1677531193.970327,-0.09165330976247787,0.08073846995830536,-1.7120709419250488
1677531194.0159843,-0.09319930523633957,0.0807884931564331,-1.7157708406448364
1677531194.0607662,-0.09328670799732208,0.08099664747714996,-1.7155253887176514
1677531194.10684,-0.08975373208522797,0.08180393278598785,-1.7273110151290894
1677531194.1526523,-0.08741501718759537,0.08209094405174255,-1.7312923669815063
1677531194.1991973,-0.08457334339618683,0.08289627730846405,-1.7334157228469849
1677531194.2457604,-0.08136561512947083,0.0842551589012146,-1.72843599319458
1677531194.2909653,-0.08018100261688232,0.08486470580101013,-1.7222332954406738
1677531194.3377395,-0.07952303439378738,0.0848160982131958,-1.7134881019592285
1677531194.3828073,-0.055036190897226334,0.07489554584026337,-1.7062931060791016
1677531194.4277604,-0.04205911234021187,0.07485920190811157,-1.7006621360778809
1677531194.4737709,0.006823822855949402,0.08428685367107391,-1.695450782775879
1677531194.5190632,0.03703584894537926,0.09723097831010818,-1.697148084640503
1677531194.5643713,0.06269186735153198,0.11198849231004715,-1.6997957229614258
1677531194.6112986,0.09802538901567459,0.13260121643543243,-1.6975452899932861
1677531194.6566455,0.10988965630531311,0.13118064403533936,-1.6901682615280151
1677531194.7058825,0.12120089679956436,0.1313280165195465,-1.684112310409546
1677531194.7530172,0.14351512491703033,0.1280018389225006,-1.6489226818084717
1677531194.8004014,0.15373197197914124,0.11936478316783905,-1.6123322248458862
1677531194.8466835,0.18591991066932678,0.09700806438922882,-1.5352976322174072
1677531194.8938034,0.1995846927165985,0.10545781999826431,-1.5094608068466187
1677531194.9406734,0.22823460400104523,0.13083557784557343,-1.5284931659698486
1677531194.9859977,0.24078130722045898,0.13117064535617828,-1.5551334619522095
1677531195.0327218,0.25057923793792725,0.12969672679901123,-1.5828921794891357
1677531195.0790124,0.26331865787506104,0.12848864495754242,-1.6316205263137817
1677531195.126115,0.266905814409256,0.11885304749011993,-1.6359721422195435
1677531195.1708736,0.26851150393486023,0.11139731109142303,-1.6295195817947388
1677531195.2171335,0.26805153489112854,0.10367867350578308,-1.6092352867126465
1677531195.2639475,0.26406198740005493,0.10128194838762283,-1.5894794464111328
1677531195.3127196,0.25728797912597656,0.09908033162355423,-1.5592924356460571
1677531195.360117,0.24804435670375824,0.09840995818376541,-1.5279450416564941
1677531195.4052172,0.23810040950775146,0.09995198994874954,-1.4977283477783203
1677531195.4516733,0.22854307293891907,0.10710291564464569,-1.4710839986801147
1677531195.4999652,0.23640422523021698,0.10738714784383774,-1.4834911823272705
1677531195.5453703,0.2263360321521759,0.10941782593727112,-1.4626884460449219
1677531195.5909467,0.240566685795784,0.10600603371858597,-1.4939217567443848
1677531195.6352339,0.2509087026119232,0.10336735844612122,-1.5225300788879395
1677531195.6808236,0.25988519191741943,0.10122072696685791,-1.5527637004852295
1677531195.728623,0.2634519338607788,0.10108093917369843,-1.561488389968872
1677531195.7732356,0.26104283332824707,0.1011490747332573,-1.55325186252594
1677531195.8187728,0.2561057209968567,0.10011106729507446,-1.5392396450042725
1677531195.8644671,0.24943555891513824,0.09677750617265701,-1.5227465629577637
1677531195.9112911,0.2407870888710022,0.09256908297538757,-1.5075167417526245
1677531195.9577885,0.23524917662143707,0.08891306072473526,-1.4938812255859375
1677531196.0021858,0.2301693856716156,0.08592922985553741,-1.4827746152877808
1677531196.0479496,0.22551599144935608,0.08324232697486877,-1.4719226360321045
1677531196.0936987,0.22441338002681732,0.08390149474143982,-1.465451717376709
1677531196.142403,0.2236974984407425,0.08429243415594101,-1.4623290300369263
1677531196.1869786,0.22554832696914673,0.08249441534280777,-1.4706289768218994
1677531196.2351115,0.23146723210811615,0.08219899237155914,-1.4825717210769653
1677531196.2798715,0.24544267356395721,0.07978736609220505,-1.5125186443328857
1677531196.3258224,0.25306886434555054,0.08032841235399246,-1.5327532291412354
1677531196.370138,0.2512088119983673,0.08015085756778717,-1.5262131690979004
1677531196.416046,0.2573815882205963,0.0846613273024559,-1.5469940900802612
1677531196.4615538,0.26046374440193176,0.08843567222356796,-1.5588271617889404
1677531196.5078833,0.257997065782547,0.091016985476017,-1.5526678562164307
1677531196.5553997,0.2511166036128998,0.08758612722158432,-1.5199440717697144
1677531196.6008976,0.2435097098350525,0.08604767173528671,-1.4909348487854004
1677531196.6464071,0.24309757351875305,0.090549036860466,-1.4944953918457031
1677531196.691686,0.24520255625247955,0.09176129847764969,-1.4939944744110107
1677531196.738352,0.24494846165180206,0.09271900355815887,-1.4856129884719849
1677531196.7836819,0.24302123486995697,0.09914427250623703,-1.481890320777893
1677531196.8291442,0.23966436088085175,0.10331276059150696,-1.4801089763641357
1677531196.8765113,0.22774258255958557,0.1054135113954544,-1.455053687095642
1677531196.92201,0.21148233115673065,0.11151356995105743,-1.4353466033935547
1677531196.9680488,0.2010379582643509,0.11465724557638168,-1.4276188611984253
1677531197.0137093,0.19280584156513214,0.1178002581000328,-1.4190489053726196
1677531197.059341,0.1750628501176834,0.1260489821434021,-1.4096591472625732
1677531197.104485,0.166822150349617,0.1262747347354889,-1.4056035280227661
1677531197.1504216,0.14683397114276886,0.1269092708826065,-1.3869125843048096
1677531197.1965048,0.1346074342727661,0.12518469989299774,-1.3762576580047607
1677531197.2437587,0.12003544718027115,0.12495530396699905,-1.3653919696807861
1677531197.290116,0.09075015783309937,0.12273195385932922,-1.3380403518676758
1677531197.335623,0.07606381177902222,0.12079091370105743,-1.327818512916565
1677531197.382216,0.05496947467327118,0.11872948706150055,-1.3191964626312256
1677531197.4279087,0.044758398085832596,0.11872576177120209,-1.3183196783065796
1677531197.4738734,0.03953179717063904,0.11981406807899475,-1.32090425491333
1677531197.5204391,0.02170616388320923,0.1200394406914711,-1.3104416131973267
1677531197.5657017,0.01345219649374485,0.12050198018550873,-1.299837589263916
1677531197.612362,0.004284813534468412,0.11867822706699371,-1.2917718887329102
1677531197.6604574,-0.00631406856700778,0.12151581048965454,-1.3087551593780518
1677531197.7068086,-0.012354198843240738,0.12542346119880676,-1.3214284181594849
1677531197.7522848,-0.03713495656847954,0.11820563673973083,-1.3081673383712769
1677531197.80011,-0.05435118079185486,0.11377498507499695,-1.2960929870605469
1677531197.8468714,-0.06927362829446793,0.11028600484132767,-1.2915865182876587
1677531197.895177,-0.09075477719306946,0.10826389491558075,-1.2881802320480347
1677531197.9423547,-0.09736116975545883,0.10772773623466492,-1.2945523262023926
1677531197.9876783,-0.10462383180856705,0.1095077246427536,-1.2947516441345215
1677531198.0339046,-0.1024620458483696,0.11120852082967758,-1.2921168804168701
1677531198.0787137,-0.10045052319765091,0.11435702443122864,-1.2922122478485107
1677531198.1242926,-0.09765098989009857,0.11972688883543015,-1.2859559059143066
1677531198.1690228,-0.09369946271181107,0.12159194052219391,-1.2870979309082031
1677531198.2145283,-0.0911858007311821,0.11990953981876373,-1.2900248765945435
1677531198.2594292,-0.08806765079498291,0.1134057343006134,-1.2941287755966187
1677531198.3042457,-0.08645249903202057,0.10416240990161896,-1.2940673828125
1677531198.3490193,-0.08333294838666916,0.09601277112960815,-1.2920770645141602
1677531198.3962257,-0.07956148684024811,0.08899107575416565,-1.287213921546936
1677531198.4423273,-0.07649101316928864,0.08464371412992477,-1.2823315858840942
1677531198.4863071,-0.07264018803834915,0.0651843324303627,-1.2737162113189697
1677531198.5320647,-0.07097652554512024,0.050561897456645966,-1.2741167545318604
1677531198.576619,-0.069153793156147,0.03297540545463562,-1.2801783084869385
1677531198.6236372,-0.06281429529190063,-0.0026904642581939697,-1.2908283472061157
1677531198.6716366,-0.06113149970769882,-0.022271335124969482,-1.300392985343933
1677531198.7183123,-0.058976322412490845,-0.04138366878032684,-1.3023794889450073
1677531198.7620053,-0.055215656757354736,-0.0800597071647644,-1.3163585662841797
1677531198.8070877,-0.05353561416268349,-0.09909616410732269,-1.3235085010528564
1677531198.8540277,-0.04999484866857529,-0.12375491857528687,-1.3438245058059692
1677531198.8996015,-0.04757435619831085,-0.12734313309192657,-1.3559669256210327
1677531198.9446645,-0.04512574523687363,-0.1294575333595276,-1.3668906688690186
1677531198.9918072,-0.04172462597489357,-0.13484464585781097,-1.378576636314392
1677531199.0367382,-0.04224899411201477,-0.133790522813797,-1.3805783987045288
1677531199.0817797,-0.04368412122130394,-0.1354089379310608,-1.3789005279541016
1677531199.1282806,-0.04672788083553314,-0.14037756621837616,-1.3838614225387573
1677531199.1732433,-0.0497799776494503,-0.13868556916713715,-1.3859506845474243
1677531199.2191947,-0.05133230239152908,-0.13663184642791748,-1.387840986251831
1677531199.266335,-0.053041476756334305,-0.1363479048013687,-1.3905848264694214
1677531199.3130586,-0.05325641855597496,-0.13350823521614075,-1.389561653137207
1677531199.3601997,-0.055277395993471146,-0.13034120202064514,-1.3846700191497803
1677531199.406302,-0.056665170937776566,-0.12717697024345398,-1.3799185752868652
1677531199.4518862,-0.0587245337665081,-0.12299878895282745,-1.3775700330734253
1677531199.4968026,-0.06662508100271225,-0.11624966561794281,-1.3730888366699219
1677531199.5441515,-0.07435251772403717,-0.1154605895280838,-1.3772516250610352
1677531199.5895646,-0.08151257783174515,-0.11529925465583801,-1.3764299154281616
1677531199.6344845,-0.09208562225103378,-0.10703359544277191,-1.3614424467086792
1677531199.6814773,-0.1011834517121315,-0.10719208419322968,-1.363227367401123
1677531199.7286906,-0.12305723130702972,-0.10870541632175446,-1.3647046089172363
1677531199.7747703,-0.13737145066261292,-0.11278626322746277,-1.3721214532852173
1677531199.8188317,-0.15103045105934143,-0.11698459088802338,-1.3801158666610718
1677531199.8651404,-0.17621617019176483,-0.11855797469615936,-1.385066032409668
1677531199.9153035,-0.1886010468006134,-0.12064564228057861,-1.3873655796051025
1677531199.9609706,-0.21202756464481354,-0.12463365495204926,-1.3938251733779907
1677531200.0060465,-0.2229868769645691,-0.12701959908008575,-1.3999167680740356
1677531200.0520241,-0.23378004133701324,-0.1282421052455902,-1.4029098749160767
1677531200.098291,-0.2533891797065735,-0.1275382786989212,-1.4059369564056396
1677531200.1448812,-0.26371681690216064,-0.12699653208255768,-1.4060851335525513
1677531200.1923733,-0.28397876024246216,-0.1286114901304245,-1.4107145071029663
1677531200.2399085,-0.29243120551109314,-0.12920695543289185,-1.4118765592575073
1677531200.284908,-0.3002505302429199,-0.1290356069803238,-1.4111095666885376
1677531200.3293679,-0.31564757227897644,-0.12820623815059662,-1.4141956567764282
1677531200.3749473,-0.3222121298313141,-0.1250150203704834,-1.415196180343628
1677531200.4215658,-0.3274492621421814,-0.1223592460155487,-1.4157447814941406
1677531200.466972,-0.33889251947402954,-0.11815144121646881,-1.4161015748977661
1677531200.513962,-0.3428301513195038,-0.11733946204185486,-1.4162328243255615
1677531200.562939,-0.3523689806461334,-0.1169261783361435,-1.4161896705627441
1677531200.608621,-0.3573276400566101,-0.11798679828643799,-1.4155840873718262
1677531200.6532292,-0.363387793302536,-0.11844563484191895,-1.4154372215270996
1677531200.7011309,-0.37439221143722534,-0.11658623814582825,-1.4187031984329224
1677531200.7463567,-0.3797595798969269,-0.11523373425006866,-1.423105001449585
1677531200.7909832,-0.3837694227695465,-0.11319765448570251,-1.427435278892517
1677531200.83525,-0.38882705569267273,-0.11142866313457489,-1.4310109615325928
1677531200.8829608,-0.3910290598869324,-0.11037275195121765,-1.4321831464767456
1677531200.931086,-0.3954913020133972,-0.1098061054944992,-1.434757113456726
1677531200.9769442,-0.39681610465049744,-0.11069980263710022,-1.4356365203857422
1677531201.0213785,-0.39792412519454956,-0.11185316741466522,-1.436819314956665
1677531201.0682888,-0.40148091316223145,-0.1131269633769989,-1.4436779022216797
1677531201.1152086,-0.4040399491786957,-0.11445313692092896,-1.448329210281372
1677531201.1637752,-0.41170698404312134,-0.116477832198143,-1.4574496746063232
1677531201.212276,-0.4156799912452698,-0.11690180003643036,-1.4660375118255615
1677531201.258014,-0.4184770882129669,-0.11748199164867401,-1.4712815284729004
1677531201.3030763,-0.4232780337333679,-0.11950415372848511,-1.4762388467788696
1677531201.3497636,-0.42533957958221436,-0.11965741217136383,-1.4800325632095337
1677531201.3962903,-0.4280942678451538,-0.11938473582267761,-1.4835820198059082
1677531201.4422057,-0.427969366312027,-0.11842046678066254,-1.484087347984314
1677531201.486912,-0.4269571006298065,-0.11758168041706085,-1.4835208654403687
1677531201.5333626,-0.4272107481956482,-0.11709380149841309,-1.4856977462768555
1677531201.5799627,-0.42604443430900574,-0.11648254096508026,-1.4851030111312866
1677531201.627061,-0.42492997646331787,-0.11531467735767365,-1.4861584901809692
1677531201.6725655,-0.42447975277900696,-0.11274896562099457,-1.487043857574463
1677531201.7213187,-0.4252993166446686,-0.11323028802871704,-1.4918105602264404
1677531201.7675135,-0.42511141300201416,-0.11485062539577484,-1.5014046430587769
1677531201.8145995,-0.42563092708587646,-0.11854158341884613,-1.5020763874053955
1677531201.860331,-0.4257770776748657,-0.12113595008850098,-1.5016037225723267
1677531201.9063532,-0.4254056513309479,-0.12556087970733643,-1.4995101690292358
1677531201.9529696,-0.4254199266433716,-0.12691742181777954,-1.499218225479126
1677531201.9984243,-0.4233053922653198,-0.12491866946220398,-1.500571608543396
1677531202.0442612,-0.42296895384788513,-0.12312977015972137,-1.4961563348770142
1677531202.0896652,-0.4239298403263092,-0.1219237744808197,-1.4958770275115967
1677531202.13483,-0.4234016537666321,-0.1187276691198349,-1.4975552558898926
1677531202.1814559,-0.42363011837005615,-0.11684508621692657,-1.4992870092391968
1677531202.2264855,-0.42416536808013916,-0.11589203774929047,-1.5016257762908936
1677531202.2709923,-0.42494285106658936,-0.11588731408119202,-1.5048456192016602
1677531202.31741,-0.42599743604660034,-0.11768127977848053,-1.5075753927230835
1677531202.3643565,-0.4271285831928253,-0.12010009586811066,-1.5108275413513184
1677531202.4113376,-0.4292762279510498,-0.12297937273979187,-1.515163540840149
1677531202.4565575,-0.42983442544937134,-0.12406846880912781,-1.5138429403305054
1677531202.5028946,-0.42681971192359924,-0.12491029500961304,-1.506730079650879
1677531202.5493767,-0.42304369807243347,-0.12410667538642883,-1.49774968624115
1677531202.5946004,-0.41902482509613037,-0.1232764720916748,-1.4866020679473877
1677531202.6395216,-0.41316962242126465,-0.12249210476875305,-1.4725348949432373
1677531202.6851354,-0.41006162762641907,-0.12177500128746033,-1.4619826078414917
1677531202.7304614,-0.4059706926345825,-0.1200886070728302,-1.4562047719955444
1677531202.7764983,-0.39751723408699036,-0.11639080941677094,-1.4456504583358765
1677531202.8241475,-0.3926624059677124,-0.11388775706291199,-1.4378819465637207
1677531202.8689623,-0.38449743390083313,-0.11286154389381409,-1.427313208580017
1677531202.9146178,-0.3799688220024109,-0.11362998187541962,-1.423708200454712
1677531202.9613986,-0.37573885917663574,-0.11337493360042572,-1.4205199480056763
1677531203.0065308,-0.36761197447776794,-0.11156405508518219,-1.4108309745788574
1677531203.053164,-0.36307331919670105,-0.10969196259975433,-1.4056460857391357
1677531203.0977316,-0.35845792293548584,-0.10992881655693054,-1.4011012315750122
1677531203.1429248,-0.34632545709609985,-0.11089520156383514,-1.391191840171814
1677531203.1901352,-0.33611202239990234,-0.11409418284893036,-1.3817530870437622
1677531203.2359753,-0.3147246837615967,-0.11887919902801514,-1.3703142404556274
1677531203.2811463,-0.30262789130210876,-0.12258203327655792,-1.3682551383972168
1677531203.3274124,-0.2911790609359741,-0.12552781403064728,-1.3684591054916382
1677531203.3732793,-0.2671569883823395,-0.130716934800148,-1.3632389307022095
1677531203.4204814,-0.25471916794776917,-0.13140566647052765,-1.363991618156433
1677531203.4652224,-0.24120555818080902,-0.13136202096939087,-1.3634520769119263
1677531203.5095992,-0.2096560299396515,-0.1286160796880722,-1.357344150543213
1677531203.5549204,-0.19200338423252106,-0.12745395302772522,-1.3544563055038452
1677531203.5996187,-0.17487509548664093,-0.12682455778121948,-1.3534886837005615
1677531203.647882,-0.14288519322872162,-0.13246005773544312,-1.3542243242263794
1677531203.693054,-0.1275700032711029,-0.13835683465003967,-1.3547836542129517
1677531203.7377295,-0.0992715135216713,-0.14599186182022095,-1.3624541759490967
1677531203.7830565,-0.08482985943555832,-0.1497696042060852,-1.3699108362197876
1677531203.8300905,-0.06989417225122452,-0.15105560421943665,-1.3734006881713867
1677531203.8767138,-0.04722119867801666,-0.15242040157318115,-1.3823602199554443
1677531203.9228003,-0.039682067930698395,-0.15126952528953552,-1.3755828142166138
1677531203.969347,-0.034226059913635254,-0.15124309062957764,-1.3730241060256958
1677531204.0147233,-0.027280671522021294,-0.15190424025058746,-1.3742077350616455
1677531204.0616052,-0.029404209926724434,-0.14961445331573486,-1.3720953464508057
1677531204.106532,-0.031404245644807816,-0.14144602417945862,-1.3712270259857178
1677531204.15099,-0.035753585398197174,-0.1362239122390747,-1.3706178665161133
1677531204.1945517,-0.03923654183745384,-0.13265109062194824,-1.3708704710006714
1677531204.240487,-0.04020702466368675,-0.12743857502937317,-1.368857502937317
1677531204.2865515,-0.039884038269519806,-0.12694939970970154,-1.370055913925171
1677531204.3304472,-0.039009664207696915,-0.12782490253448486,-1.367231011390686
1677531204.3761485,-0.032355841249227524,-0.13337095081806183,-1.367713212966919
1677531204.4221592,-0.026031922549009323,-0.13794243335723877,-1.371503472328186
1677531204.4664469,-0.018132619559764862,-0.14073297381401062,-1.3746598958969116
1677531204.5132167,-0.0014665683265775442,-0.14241036772727966,-1.3806712627410889
1677531204.557371,0.010601706802845001,-0.13920481503009796,-1.3872636556625366
1677531204.6044102,0.022252371534705162,-0.13301901519298553,-1.3846769332885742
1677531204.6485412,0.05058364197611809,-0.12690487504005432,-1.3947508335113525
1677531204.6929114,0.06876582652330399,-0.12545789778232574,-1.4113986492156982
1677531204.738013,0.08584300428628922,-0.12433451414108276,-1.4274325370788574
1677531204.7832284,0.12161189317703247,-0.1154906153678894,-1.4623322486877441
1677531204.8306994,0.14203064143657684,-0.10980835556983948,-1.489196538925171
1677531204.8755383,0.17503657937049866,-0.09881247580051422,-1.5383435487747192
1677531204.9189606,0.18744264543056488,-0.0975756049156189,-1.5701459646224976
1677531204.9629917,0.1963604986667633,-0.09545426070690155,-1.5976303815841675
1677531205.008423,0.2029653936624527,-0.09350334107875824,-1.6203666925430298
1677531205.0514657,0.2115066945552826,-0.0867832750082016,-1.617305040359497
1677531205.100054,0.21094949543476105,-0.08798164129257202,-1.6014655828475952
1677531205.1473608,0.21501082181930542,-0.0880952775478363,-1.5892504453659058
1677531205.1946383,0.21529905498027802,-0.08981145918369293,-1.5828118324279785
1677531205.2402894,0.2164447158575058,-0.09031206369400024,-1.5793474912643433
1677531205.2858033,0.2213965505361557,-0.08923546969890594,-1.5742136240005493
1677531205.3330941,0.22446975111961365,-0.088441863656044,-1.5713478326797485
1677531205.3780355,0.2304598093032837,-0.08836175501346588,-1.5697190761566162
1677531205.4222956,0.23461373150348663,-0.08875207602977753,-1.5766494274139404
1677531205.4677515,0.23714877665042877,-0.08891750872135162,-1.579826831817627
1677531205.514544,0.24018403887748718,-0.08888432383537292,-1.5769723653793335
1677531205.559602,0.24056953191757202,-0.09043915569782257,-1.5760936737060547
1677531205.6050951,0.24215415120124817,-0.09295991063117981,-1.5771617889404297
1677531205.651734,0.24165722727775574,-0.09745475649833679,-1.578212857246399
1677531205.6954584,0.24023938179016113,-0.09996083378791809,-1.5720391273498535
1677531205.7400787,0.23922736942768097,-0.10200358927249908,-1.5613945722579956
1677531205.7856433,0.23789814114570618,-0.10225629806518555,-1.5544538497924805
1677531205.832232,0.23839595913887024,-0.1017235517501831,-1.5477447509765625
1677531205.8795595,0.2419007271528244,-0.10023759305477142,-1.5437591075897217
1677531205.926968,0.24369949102401733,-0.09939484298229218,-1.5386857986450195
1677531205.9756448,0.2462770640850067,-0.09890824556350708,-1.5401636362075806
1677531206.022446,0.24977360665798187,-0.0994068831205368,-1.5436923503875732
1677531206.0693069,0.25026658177375793,-0.10012172162532806,-1.5419175624847412
1677531206.1171412,0.2498418688774109,-0.10089325904846191,-1.5437589883804321
1677531206.1630716,0.24841102957725525,-0.1026495099067688,-1.5403677225112915
1677531206.2110355,0.247475266456604,-0.10371185839176178,-1.5425517559051514
1677531206.2559857,0.24374915659427643,-0.10801112651824951,-1.5442978143692017
1677531206.302296,0.2399413138628006,-0.10990314185619354,-1.5473119020462036
1677531206.3478208,0.2339874505996704,-0.11322790384292603,-1.5528839826583862
1677531206.39436,0.23021478950977325,-0.11424028873443604,-1.5509411096572876
1677531206.4386582,0.2270149290561676,-0.11595423519611359,-1.5503020286560059
1677531206.484534,0.22957609593868256,-0.13880208134651184,-1.6130120754241943
1677531206.5312314,0.22996318340301514,-0.14441151916980743,-1.6472686529159546
1677531206.5785506,0.22720788419246674,-0.1464642584323883,-1.660175085067749
1677531206.6252751,0.21510328352451324,-0.1485646367073059,-1.6548216342926025
1677531206.6727896,0.20389343798160553,-0.1495225876569748,-1.633867859840393
1677531206.7204373,0.17517995834350586,-0.1498650163412094,-1.5959943532943726
1677531206.7671022,0.15508730709552765,-0.14954771101474762,-1.5630967617034912
1677531206.8120863,0.13361215591430664,-0.14923012256622314,-1.5378379821777344
1677531206.8577921,0.09446138888597488,-0.14837203919887543,-1.4883153438568115
1677531206.906306,0.07102010399103165,-0.14344310760498047,-1.4576377868652344
1677531206.9557455,0.026274336501955986,-0.12242385745048523,-1.3863186836242676
1677531207.0013702,0.006934027653187513,-0.11116383969783783,-1.3702633380889893
1677531207.0470538,-0.007312159985303879,-0.09971418976783752,-1.3498684167861938
1677531207.092891,-0.03003193438053131,-0.08751028776168823,-1.316243290901184
1677531207.1397107,-0.03839673474431038,-0.09414444863796234,-1.3196789026260376
1677531207.1854625,-0.05534131079912186,-0.0987837016582489,-1.3263729810714722
1677531207.2307074,-0.05977258458733559,-0.10470709204673767,-1.3456968069076538
1677531207.2757125,-0.06347876042127609,-0.10797989368438721,-1.358778953552246
1677531207.3222299,-0.06968647986650467,-0.10586054623126984,-1.3667370080947876
1677531207.369205,-0.06932858377695084,-0.10776078701019287,-1.369194507598877
1677531207.4173932,-0.06931523233652115,-0.11279894411563873,-1.3719265460968018
1677531207.463234,-0.06642770022153854,-0.11714582145214081,-1.3735615015029907
1677531207.5094156,-0.0647168979048729,-0.12039561569690704,-1.3760349750518799
1677531207.555336,-0.06251479685306549,-0.1222762018442154,-1.3720303773880005
1677531207.6010544,-0.06077511981129646,-0.12169742584228516,-1.3699769973754883
1677531207.6468155,-0.0592680349946022,-0.12131054699420929,-1.3700282573699951
1677531207.6954682,-0.05778011307120323,-0.11942757666110992,-1.3676408529281616
1677531207.7415605,-0.05748196318745613,-0.11354412138462067,-1.3641005754470825
1677531207.7879658,-0.0575655959546566,-0.09898613393306732,-1.357973575592041
1677531207.8350978,-0.0570174902677536,-0.08372960984706879,-1.3461600542068481
1677531207.8827972,-0.05554034188389778,-0.06734828650951385,-1.3389548063278198
1677531207.9286697,-0.05698762461543083,-0.032582297921180725,-1.3341550827026367
1677531207.9759505,-0.06093231961131096,-0.009515702724456787,-1.328176498413086
1677531208.0206013,-0.06734515726566315,0.0358428955078125,-1.3111299276351929
1677531208.0677636,-0.0726088285446167,0.05739349126815796,-1.3010815382003784
1677531208.1141677,-0.07840561121702194,0.07681987434625626,-1.2924530506134033
1677531208.160679,-0.08716464787721634,0.11466790735721588,-1.287927269935608
1677531208.2068946,-0.08786600828170776,0.12312288582324982,-1.285881757736206
1677531208.2518198,-0.08435831218957901,0.13054870069026947,-1.2860056161880493
1677531208.2975504,-0.08473940938711166,0.13751515746116638,-1.308056354522705
1677531208.3444607,-0.08552183955907822,0.12867029011249542,-1.3075618743896484
1677531208.3903759,-0.08855021744966507,0.1150587797164917,-1.3195137977600098
1677531208.4368417,-0.09216459840536118,0.10329575836658478,-1.3162872791290283
1677531208.480887,-0.09676739573478699,0.09471242129802704,-1.312088966369629
1677531208.5270126,-0.1033715009689331,0.08376497775316238,-1.310549020767212
1677531208.5721905,-0.10322441160678864,0.0787171795964241,-1.302817940711975
1677531208.619021,-0.10226495563983917,0.0758175402879715,-1.2971230745315552
1677531208.664929,-0.10256273299455643,0.07104535400867462,-1.2924407720565796
1677531208.714033,-0.09928487241268158,0.07058873027563095,-1.290607213973999
1677531208.760552,-0.09587030112743378,0.07098642736673355,-1.2944508790969849
1677531208.8060932,-0.09049080312252045,0.07658784091472626,-1.3041962385177612
1677531208.8510008,-0.08744017034769058,0.08129590004682541,-1.3129830360412598
1677531208.8953729,-0.08122619986534119,0.08662103116512299,-1.3253055810928345
1677531208.9422772,-0.08062518388032913,0.09205225855112076,-1.3403925895690918
1677531208.9902499,-0.08126136660575867,0.09261859953403473,-1.3316947221755981
1677531209.0349967,-0.08275523781776428,0.09356839209794998,-1.3223203420639038
1677531209.0804052,-0.08329667150974274,0.094480961561203,-1.3172940015792847
1677531209.129425,-0.08300550282001495,0.09643704444169998,-1.3082574605941772
1677531209.1751418,-0.08308327198028564,0.09703002870082855,-1.303668737411499
1677531209.2205737,-0.08253306150436401,0.09720249474048615,-1.3011164665222168
1677531209.2669976,-0.08396973460912704,0.09572720527648926,-1.2989602088928223
1677531209.3134642,-0.0836644321680069,0.09463631361722946,-1.2978307008743286
1677531209.3597014,-0.08306574076414108,0.09527429193258286,-1.2916538715362549
1677531209.4040089,-0.08113276213407516,0.09522442519664764,-1.29097580909729
1677531209.4500864,-0.07972560077905655,0.09678734838962555,-1.2967486381530762
1677531209.4956717,-0.07633911818265915,0.09939122200012207,-1.2942453622817993
1677531209.5425136,-0.07358042150735855,0.09857353568077087,-1.2932519912719727
1677531209.5869026,-0.07237578928470612,0.0965300053358078,-1.2918740510940552
1677531209.6351874,-0.06992237269878387,0.09271642565727234,-1.2927402257919312
1677531209.6819215,-0.0702405571937561,0.09351292997598648,-1.2957630157470703
1677531209.7304816,-0.07030031830072403,0.0944402813911438,-1.298964262008667
1677531209.7756412,-0.06991814076900482,0.09578867256641388,-1.2989064455032349
1677531209.819808,-0.06902913004159927,0.09690634161233902,-1.296411395072937
1677531209.8660529,-0.06246373429894447,0.10358776897192001,-1.3253248929977417
1677531209.912068,-0.06199013441801071,0.10414951294660568,-1.3241065740585327
1677531209.957906,-0.0631139948964119,0.10260678082704544,-1.319848656654358
1677531210.0015788,-0.06864408403635025,0.10060013830661774,-1.3138010501861572
1677531210.0467036,-0.07412943989038467,0.09914879500865936,-1.3092684745788574
1677531210.0927978,-0.07847543805837631,0.09786340594291687,-1.30521821975708
1677531210.1382804,-0.08334171772003174,0.09480354189872742,-1.3006093502044678
1677531210.1841424,-0.08365745842456818,0.09478422999382019,-1.297316312789917
1677531210.2312202,-0.07973194122314453,0.10221170634031296,-1.290814995765686
1677531210.27816,-0.07798033207654953,0.10292131453752518,-1.2916938066482544
1677531210.3278713,-0.07999230176210403,0.10491670668125153,-1.2953613996505737
1677531210.3752089,-0.0803723931312561,0.10383254289627075,-1.2969073057174683
1677531210.4186711,-0.08033271133899689,0.10199722647666931,-1.2961021661758423
1677531210.4638484,-0.07976347953081131,0.09839746356010437,-1.2944591045379639
1677531210.5091548,-0.07925998419523239,0.09465913474559784,-1.2914931774139404
1677531210.553297,-0.07729493081569672,0.09246896207332611,-1.2897679805755615
1677531210.6020188,-0.07454639673233032,0.08891446888446808,-1.2866030931472778
1677531210.6477358,-0.07396317273378372,0.08835745602846146,-1.2856923341751099
1677531210.6957493,-0.06912867724895477,0.08871433138847351,-1.286726713180542
1677531210.7402523,-0.06891793757677078,0.09005352109670639,-1.2876379489898682
1677531210.78381,-0.07022779434919357,0.09325938671827316,-1.2912558317184448
1677531210.8277109,-0.07025133818387985,0.09555386751890182,-1.2919950485229492
1677531210.8743627,-0.07226820290088654,0.09733973443508148,-1.2921334505081177
1677531210.9200737,-0.07287256419658661,0.0970374271273613,-1.2905954122543335
1677531210.965355,-0.07409387081861496,0.09661823511123657,-1.2879830598831177
1677531211.0123377,-0.07491379976272583,0.09534453600645065,-1.286029577255249
1677531211.0598075,-0.07578226178884506,0.09426551312208176,-1.2839571237564087
1677531211.1066742,-0.07656919956207275,0.09008102118968964,-1.2870936393737793
1677531211.1521425,-0.07643822580575943,0.08905994892120361,-1.2872251272201538
1677531211.1973355,-0.07484602183103561,0.08755625039339066,-1.2858901023864746
1677531211.2437534,-0.0746481791138649,0.08771253377199173,-1.286238193511963
1677531211.2893262,-0.07508859783411026,0.0883953720331192,-1.2864280939102173
1677531211.3347976,-0.07380247116088867,0.08922914415597916,-1.2849020957946777
1677531211.380424,-0.07234339416027069,0.09007104486227036,-1.2844736576080322
1677531211.4253147,-0.07146382331848145,0.0911787822842598,-1.2865794897079468
1677531211.4706533,-0.07303812354803085,0.09207803010940552,-1.288696527481079
1677531211.5166905,-0.07471256703138351,0.09253977984189987,-1.289260983467102
1677531211.5629592,-0.07574718445539474,0.09204623848199844,-1.2887498140335083
1677531211.6080906,-0.07541690766811371,0.09088093787431717,-1.2901921272277832
1677531211.6524324,-0.07354044169187546,0.08999327570199966,-1.2885984182357788
1677531211.6983645,-0.0723467543721199,0.0892893522977829,-1.286238431930542
1677531211.7462718,-0.07216111570596695,0.08772246539592743,-1.2846293449401855
1677531211.7929091,-0.07332112640142441,0.08779113739728928,-1.2853217124938965
1677531211.8367767,-0.07530133426189423,0.08606062084436417,-1.284225583076477
1677531211.881736,-0.07644578069448471,0.08728138357400894,-1.2852888107299805
1677531211.9271724,-0.07683391124010086,0.08821041136980057,-1.28622567653656
1677531211.975172,-0.07623231410980225,0.09025396406650543,-1.2823967933654785
1677531212.0193012,-0.07328100502490997,0.0885961651802063,-1.2806931734085083
1677531212.0647006,-0.07145565003156662,0.0869806557893753,-1.281064510345459
1677531212.112679,-0.06898518651723862,0.08559838682413101,-1.2791144847869873
1677531212.1596358,-0.06853509694337845,0.0843576043844223,-1.2786375284194946
1677531212.2063508,-0.06726865470409393,0.0820879265666008,-1.2782219648361206
1677531212.2525208,-0.06783949583768845,0.08307844400405884,-1.2780554294586182
1677531212.2967958,-0.06763526797294617,0.08364168554544449,-1.2773690223693848
1677531212.342778,-0.07000106573104858,0.08450666815042496,-1.2758026123046875
1677531212.3882563,-0.07161974906921387,0.08557718247175217,-1.2728277444839478
1677531212.4331896,-0.07239720225334167,0.086198590695858,-1.272345781326294
1677531212.4791596,-0.06919616460800171,0.08635664731264114,-1.2737770080566406
1677531212.5248287,-0.06690787523984909,0.08533506840467453,-1.275531530380249
1677531212.5691664,-0.06619999557733536,0.08650029450654984,-1.277487874031067
1677531212.612991,-0.06687571853399277,0.08828224241733551,-1.2774516344070435
1677531212.659716,-0.06635020673274994,0.08942117542028427,-1.2765207290649414
1677531212.704774,-0.06761199235916138,0.09266100078821182,-1.2753633260726929
1677531212.7510438,-0.06874017417430878,0.09256477653980255,-1.273116946220398
1677531212.7965531,-0.07058306783437729,0.09274473786354065,-1.2709027528762817
1677531212.8402686,-0.07333466410636902,0.09193608164787292,-1.2688919305801392
1677531212.885757,-0.07298426330089569,0.09193248301744461,-1.2696473598480225
1677531212.9319074,-0.07320626080036163,0.09032018482685089,-1.2726716995239258
1677531212.9780276,-0.07266982644796371,0.08654848486185074,-1.275797963142395
1677531213.0245416,-0.07159223407506943,0.08707176893949509,-1.2783855199813843
1677531213.0703282,-0.07147137820720673,0.08487307280302048,-1.2807878255844116
1677531213.1168077,-0.06893044710159302,0.08389727771282196,-1.2805079221725464
1677531213.1642168,-0.06640061736106873,0.0816812664270401,-1.2782775163650513
1677531213.2097387,-0.06515965610742569,0.08007759600877762,-1.277454137802124
1677531213.2542524,-0.06568855792284012,0.0806327685713768,-1.2770891189575195
1677531213.2991097,-0.06648007035255432,0.08048631250858307,-1.2772938013076782
1677531213.344803,-0.06586594134569168,0.07958033680915833,-1.2765247821807861
1677531213.3917193,-0.0655408427119255,0.0806141048669815,-1.276906132698059
1677531213.4377568,-0.06566137820482254,0.08185721933841705,-1.2775620222091675
1677531213.4823396,-0.06684346497058868,0.08356241136789322,-1.2790812253952026
1677531213.5267851,-0.06824514269828796,0.08491560071706772,-1.2798317670822144
1677531213.5721273,-0.06958958506584167,0.08893705904483795,-1.2753686904907227
1677531213.618362,-0.07214303314685822,0.08946160227060318,-1.2756187915802002
1677531213.6639416,-0.07429967075586319,0.08969799429178238,-1.2737537622451782
1677531213.7104144,-0.07608971744775772,0.0890173390507698,-1.2771750688552856
1677531213.7574322,-0.07701464742422104,0.08833982795476913,-1.279405117034912
1677531213.8032715,-0.07816699892282486,0.08766236156225204,-1.2786786556243896
1677531213.8510067,-0.07871674001216888,0.08592463284730911,-1.2774600982666016
1677531213.8968282,-0.07858221977949142,0.08530726283788681,-1.2764512300491333
1677531213.9419622,-0.0800551176071167,0.08526197075843811,-1.2751301527023315
1677531213.988788,-0.07843244820833206,0.08582199364900589,-1.2736350297927856
1677531214.034118,-0.07741503417491913,0.08642373979091644,-1.2719756364822388
1677531214.0781276,-0.07545802742242813,0.08754026144742966,-1.2709420919418335
1677531214.1229188,-0.07414994388818741,0.08805464953184128,-1.2693802118301392
1677531214.1692777,-0.07275064289569855,0.08822620660066605,-1.2684104442596436
1677531214.2142587,-0.07167655974626541,0.08748060464859009,-1.2671711444854736
1677531214.2600741,-0.07152730971574783,0.08680469542741776,-1.2682796716690063
1677531214.3056934,-0.07132825255393982,0.08670354634523392,-1.2692135572433472
1677531214.3501658,-0.06880097091197968,0.08679816871881485,-1.271416425704956
1677531214.3968453,-0.06729306280612946,0.08592085540294647,-1.2730048894882202
1677531214.4429584,-0.06595881283283234,0.08642218261957169,-1.2779737710952759
1677531214.4892015,-0.06686746329069138,0.0870874673128128,-1.280648112297058
1677531214.5340366,-0.06773695349693298,0.08789142966270447,-1.2818857431411743
1677531214.5817213,-0.06674382090568542,0.08819591253995895,-1.2846603393554688
1677531214.6284814,-0.06732003390789032,0.08872592449188232,-1.2824362516403198
1677531214.6758304,-0.06745170056819916,0.08771730214357376,-1.2823114395141602
1677531214.7210107,-0.06891778856515884,0.08661133050918579,-1.2831838130950928
1677531214.7668908,-0.06904413551092148,0.08494281768798828,-1.2827845811843872
1677531214.8142211,-0.07048837840557098,0.08169219642877579,-1.2834993600845337
1677531214.862032,-0.07174942642450333,0.08170512318611145,-1.2839019298553467
1677531214.9067779,-0.07163815200328827,0.08135531097650528,-1.282588005065918
1677531214.955111,-0.07185158133506775,0.08494563400745392,-1.2799022197723389
1677531215.000931,-0.07296299189329147,0.08503536134958267,-1.2792556285858154
1677531215.0460062,-0.0749908909201622,0.08342841267585754,-1.2777485847473145
1677531215.0933516,-0.07503502070903778,0.08269791305065155,-1.2775379419326782
1677531215.137215,-0.0758446455001831,0.08307262510061264,-1.2778027057647705
1677531215.1847236,-0.07583896815776825,0.08272259682416916,-1.2778780460357666
1677531215.2328541,-0.07403653115034103,0.08325052261352539,-1.2761329412460327
1677531215.2801595,-0.07269405573606491,0.08327440172433853,-1.2744877338409424
1677531215.324282,-0.07082296907901764,0.08366727083921432,-1.2732775211334229
1677531215.3693898,-0.06983833014965057,0.08601388335227966,-1.2725647687911987
1677531215.4155,-0.06937386095523834,0.08927860110998154,-1.2740644216537476
1677531215.4602828,-0.06756790727376938,0.08937719464302063,-1.2753695249557495
1677531215.5053263,-0.06681393086910248,0.08830785006284714,-1.276500940322876
1677531215.5505078,-0.06446174532175064,0.08687277138233185,-1.2777186632156372
1677531215.5956786,-0.064200758934021,0.08523888140916824,-1.2773109674453735
1677531215.6412694,-0.06464092433452606,0.0835612416267395,-1.2782135009765625
1677531215.6854997,-0.06352905184030533,0.08115008473396301,-1.2789385318756104
1677531215.7322304,-0.06371033936738968,0.08174968510866165,-1.2767512798309326
1677531215.7810407,-0.06550152599811554,0.08263607323169708,-1.2747950553894043
1677531215.8268151,-0.06699055433273315,0.08379156142473221,-1.2737680673599243
1677531215.8719728,-0.0679156482219696,0.08488239347934723,-1.2735878229141235
1677531215.9194703,-0.06861346960067749,0.08755242824554443,-1.274137258529663
1677531215.9651759,-0.06897561252117157,0.08846873790025711,-1.275447130203247
1677531216.0100656,-0.06972510367631912,0.08881476521492004,-1.2765544652938843
1677531216.0556412,-0.07231312990188599,0.09157095104455948,-1.275777816772461
1677531216.1007662,-0.07256351411342621,0.09146369248628616,-1.273878812789917
1677531216.1451952,-0.07217947393655777,0.0908946841955185,-1.269819974899292
1677531216.1919255,-0.07118954509496689,0.09002690017223358,-1.2634326219558716
1677531216.2397134,-0.06994014978408813,0.086651511490345,-1.2609710693359375
1677531216.285391,-0.06784547865390778,0.08237852901220322,-1.2618788480758667
1677531216.3303046,-0.06550130993127823,0.07969579845666885,-1.2650246620178223
1677531216.376389,-0.0641675814986229,0.07835341989994049,-1.2682472467422485
1677531216.4222429,-0.061989184468984604,0.0780472606420517,-1.2727642059326172
1677531216.4688087,-0.06206855922937393,0.08062756806612015,-1.2762247323989868
1677531216.5156972,-0.05922277644276619,0.08313346654176712,-1.2793227434158325
