1677531260.5970776,-0.1672229915857315,0.047152161598205566,-1.8321146965026855
1677531260.7644713,-0.12016773968935013,0.01588737964630127,-1.5285969972610474
1677531260.8207319,-0.11263348162174225,0.08300119638442993,-1.5769747495651245
1677531260.8750393,-0.11404690146446228,0.09315729886293411,-1.604030728340149
1677531260.9253533,-0.11732035130262375,0.08600537478923798,-1.601556420326233
1677531260.974815,-0.11932406574487686,0.08201301842927933,-1.5953019857406616
1677531261.025071,-0.12006814777851105,0.07409399747848511,-1.5811889171600342
1677531261.075878,-0.12086324393749237,0.06877884268760681,-1.577923059463501
1677531261.1254761,-0.12198831140995026,0.06504490971565247,-1.5787640810012817
1677531261.1809735,-0.12331800162792206,0.061615049839019775,-1.5805341005325317
1677531261.2307336,-0.12397436797618866,0.06100279092788696,-1.5798633098602295
1677531261.2804356,-0.1245444193482399,0.06157882511615753,-1.5852792263031006
1677531261.3275821,-0.12476270645856857,0.0625728964805603,-1.589572548866272
1677531261.3734028,-0.12508250772953033,0.06303171813488007,-1.5932910442352295
1677531261.4193385,-0.12529020011425018,0.062188759446144104,-1.5929551124572754
1677531261.4638712,-0.1255672127008438,0.062107205390930176,-1.5927287340164185
1677531261.511301,-0.12503249943256378,0.0619044303894043,-1.5918638706207275
1677531261.5562744,-0.12432510405778885,0.061832889914512634,-1.5911531448364258
1677531261.600267,-0.12365780025720596,0.06169222295284271,-1.5898540019989014
1677531261.6441886,-0.12353751063346863,0.06130550801753998,-1.589430332183838
1677531261.6914725,-0.12346748262643814,0.06073912978172302,-1.5890069007873535
1677531261.7383535,-0.1234731525182724,0.05969293415546417,-1.5851199626922607
1677531261.7822287,-0.12237376719713211,0.05944180488586426,-1.574265718460083
1677531261.8279874,-0.12171057611703873,0.05982851982116699,-1.573608160018921
1677531261.8724806,-0.12218637019395828,0.060620903968811035,-1.5772521495819092
1677531261.9184463,-0.12201356142759323,0.06121085584163666,-1.5797536373138428
1677531261.9635937,-0.1219293549656868,0.06108012795448303,-1.5805723667144775
1677531262.0083919,-0.12244682759046555,0.0605606883764267,-1.5849360227584839
1677531262.052426,-0.12266871333122253,0.059812068939208984,-1.5866332054138184
1677531262.0974457,-0.12313172221183777,0.059007272124290466,-1.588151216506958
1677531262.1439004,-0.123810313642025,0.05944359302520752,-1.5898226499557495
1677531262.1892157,-0.12423807382583618,0.06018349528312683,-1.5901354551315308
1677531262.234251,-0.1242883950471878,0.06073965132236481,-1.589800477027893
1677531262.27932,-0.12472530454397202,0.06109049916267395,-1.592641830444336
1677531262.3251743,-0.1252448856830597,0.06103840470314026,-1.5945489406585693
1677531262.3704762,-0.12583141028881073,0.060635581612586975,-1.5960097312927246
1677531262.4172125,-0.12581704556941986,0.060651376843452454,-1.591403603553772
1677531262.4630427,-0.12555833160877228,0.060008078813552856,-1.5909883975982666
1677531262.5127428,-0.12564334273338318,0.06019854545593262,-1.59408438205719
1677531262.5621336,-0.12597325444221497,0.060216426849365234,-1.593578577041626
1677531262.609426,-0.12611718475818634,0.06038397550582886,-1.5927995443344116
1677531262.657215,-0.12532131373882294,0.058655500411987305,-1.5837589502334595
1677531262.7028902,-0.12442129850387573,0.05739656090736389,-1.5773088932037354
1677531262.749793,-0.12348747998476028,0.05634951591491699,-1.5758689641952515
1677531262.7987087,-0.12295188754796982,0.05641324818134308,-1.5758084058761597
1677531262.8464067,-0.12262042611837387,0.056593045592308044,-1.578310251235962
1677531262.891616,-0.12281180173158646,0.05676881968975067,-1.5802395343780518
1677531262.9359431,-0.1229923814535141,0.05678190290927887,-1.5816620588302612
1677531262.9810498,-0.12279167771339417,0.0570814311504364,-1.5834496021270752
1677531263.0281281,-0.12303074449300766,0.05739380419254303,-1.5845972299575806
1677531263.072762,-0.123497374355793,0.05736154317855835,-1.5849697589874268
1677531263.1175508,-0.12390509992837906,0.05721057951450348,-1.589762806892395
1677531263.1617246,-0.12394982576370239,0.05740520358085632,-1.5914618968963623
1677531263.205933,-0.12448032945394516,0.05776114761829376,-1.5949976444244385
1677531263.2510405,-0.1248372420668602,0.05763252079486847,-1.5920097827911377
1677531263.2946088,-0.1245420053601265,0.057005271315574646,-1.5842170715332031
1677531263.3396697,-0.1242617666721344,0.05677217245101929,-1.5772452354431152
1677531263.3862898,-0.12278414517641068,0.05689540505409241,-1.5738542079925537
1677531263.431975,-0.12208296358585358,0.056819066405296326,-1.5785696506500244
1677531263.4768796,-0.12153469026088715,0.05648009479045868,-1.5806424617767334
1677531263.522115,-0.12186800688505173,0.05660831928253174,-1.582153558731079
1677531263.5677676,-0.1219152882695198,0.05633656680583954,-1.5786935091018677
1677531263.613504,-0.12234693765640259,0.05735652148723602,-1.5862491130828857
1677531263.65727,-0.1231139674782753,0.05799967050552368,-1.5925794839859009
1677531263.7017326,-0.12341921031475067,0.05871190130710602,-1.5948145389556885
1677531263.7473843,-0.12437979876995087,0.058130428194999695,-1.596995234489441
1677531263.7957265,-0.12462405115365982,0.05754968523979187,-1.5918151140213013
1677531263.8404438,-0.1243472546339035,0.057668283581733704,-1.5909289121627808
1677531263.888117,-0.1237475648522377,0.05716155469417572,-1.5892397165298462
1677531263.935472,-0.12332040816545486,0.057642221450805664,-1.5834968090057373
1677531263.9815352,-0.12184713035821915,0.05754154920578003,-1.5755720138549805
1677531264.0283885,-0.12120895087718964,0.057263657450675964,-1.5712904930114746
1677531264.0732298,-0.12049838900566101,0.057662203907966614,-1.5729985237121582
1677531264.1211405,-0.11988499760627747,0.05824480950832367,-1.5728652477264404
1677531264.1646411,-0.11976732313632965,0.05840092897415161,-1.5771312713623047
1677531264.2103417,-0.11973262578248978,0.05827881395816803,-1.581147313117981
1677531264.257549,-0.11943432688713074,0.0589742511510849,-1.5853872299194336
1677531264.3044033,-0.1193896159529686,0.05967499315738678,-1.5859310626983643
1677531264.3591483,-0.12012351304292679,0.06010542809963226,-1.5884569883346558
1677531264.4051356,-0.12084872275590897,0.0603012889623642,-1.5861518383026123
1677531264.4518397,-0.12092137336730957,0.05937010049819946,-1.5798753499984741
1677531264.4986422,-0.12050322443246841,0.05914516746997833,-1.5749813318252563
1677531264.5432465,-0.12017553299665451,0.05847899615764618,-1.5710185766220093
1677531264.5879383,-0.119498111307621,0.058269649744033813,-1.5656170845031738
1677531264.6346855,-0.11872158199548721,0.05843597650527954,-1.5689778327941895
1677531264.6804833,-0.11844582110643387,0.05847148597240448,-1.5738478899002075
1677531264.7263114,-0.11895135045051575,0.05847369134426117,-1.5804294347763062
1677531264.7731254,-0.1200990378856659,0.05824406445026398,-1.584599256515503
1677531264.82116,-0.12133584171533585,0.05728958547115326,-1.585684061050415
1677531264.8682754,-0.12162591516971588,0.057656168937683105,-1.5874406099319458
1677531264.9124289,-0.1218523159623146,0.05843232572078705,-1.5892914533615112
1677531264.9587379,-0.12238334119319916,0.05917412042617798,-1.5915625095367432
1677531265.005029,-0.12248959392309189,0.05950024724006653,-1.592181921005249
1677531265.0497153,-0.12252399325370789,0.05965840816497803,-1.5928637981414795
1677531265.0948422,-0.12252453714609146,0.059264346957206726,-1.5937120914459229
1677531265.1419287,-0.12270769476890564,0.05840003490447998,-1.5954207181930542
1677531265.1862175,-0.12270325422286987,0.0581955760717392,-1.5990122556686401
1677531265.2316856,-0.12285705655813217,0.058289989829063416,-1.6029139757156372
1677531265.2777948,-0.12310335040092468,0.0585099458694458,-1.6050138473510742
1677531265.3241887,-0.12395881861448288,0.05886185169219971,-1.6080570220947266
1677531265.3700306,-0.12432084232568741,0.059574827551841736,-1.6086108684539795
1677531265.419337,-0.12464109063148499,0.06004898250102997,-1.6076499223709106
1677531265.4671218,-0.12486117333173752,0.05979740619659424,-1.6077556610107422
1677531265.512242,-0.12491823732852936,0.05938562750816345,-1.6076185703277588
1677531265.5580425,-0.12475445121526718,0.05889920890331268,-1.6031140089035034
1677531265.6042721,-0.12467934936285019,0.058688849210739136,-1.5980095863342285
1677531265.6496048,-0.12424877285957336,0.05842234194278717,-1.5952764749526978
1677531265.6950178,-0.12372548878192902,0.058466002345085144,-1.5927791595458984
1677531265.7411325,-0.12297014147043228,0.05849146842956543,-1.5924512147903442
1677531265.7859483,-0.1225980818271637,0.05814427137374878,-1.5921125411987305
1677531265.832127,-0.1229642927646637,0.05828145146369934,-1.5987615585327148
1677531265.8790882,-0.12353929877281189,0.057723432779312134,-1.6036441326141357
1677531265.9258056,-0.12292206287384033,0.0575382262468338,-1.6005384922027588
1677531265.9725747,-0.12304221838712692,0.05829942226409912,-1.6027275323867798
1677531266.018859,-0.12325816601514816,0.05921044945716858,-1.6058919429779053
1677531266.065035,-0.12277732789516449,0.05991940200328827,-1.602095127105713
1677531266.111778,-0.12286991626024246,0.06020131707191467,-1.601310133934021
1677531266.1587036,-0.12274967133998871,0.06031590700149536,-1.5968328714370728
1677531266.2046905,-0.12269055843353271,0.05991452932357788,-1.5956172943115234
1677531266.2502244,-0.12273668497800827,0.0597684383392334,-1.5954307317733765
1677531266.2947893,-0.12374747544527054,0.05883494019508362,-1.5994309186935425
1677531266.3412588,-0.1240205317735672,0.05875636637210846,-1.6028010845184326
1677531266.387427,-0.12435685098171234,0.05830436944961548,-1.6034177541732788
1677531266.4314477,-0.12378257513046265,0.0584445595741272,-1.6004071235656738
1677531266.477773,-0.12315088510513306,0.05858740210533142,-1.5973718166351318
1677531266.5238454,-0.12198291718959808,0.05901935696601868,-1.59453547000885
1677531266.5708373,-0.12185367941856384,0.05946889519691467,-1.5973947048187256
1677531266.6164553,-0.12173140048980713,0.06004662811756134,-1.5996829271316528
1677531266.662715,-0.12191810458898544,0.059932321310043335,-1.597737193107605
1677531266.708691,-0.121799997985363,0.059074148535728455,-1.5943994522094727
1677531266.7520173,-0.12196390330791473,0.05837427079677582,-1.5924092531204224
1677531266.7984443,-0.12153801321983337,0.05827239155769348,-1.5910136699676514
1677531266.8434274,-0.1212947741150856,0.05837661027908325,-1.5911191701889038
1677531266.887656,-0.1211252436041832,0.058952897787094116,-1.5909221172332764
1677531266.9318643,-0.12079785764217377,0.05949157476425171,-1.5905396938323975
1677531266.9792712,-0.12116607278585434,0.05778329074382782,-1.5862174034118652
1677531267.025846,-0.12144477665424347,0.056848928332328796,-1.5861886739730835
1677531267.0722253,-0.12110263854265213,0.05684340000152588,-1.5871882438659668
1677531267.1176813,-0.1204233318567276,0.05728304386138916,-1.583960771560669
1677531267.1616998,-0.11918152123689651,0.05777253210544586,-1.5767580270767212
1677531267.208813,-0.1186303049325943,0.05871669948101044,-1.5777578353881836
1677531267.2581127,-0.11896457523107529,0.059138864278793335,-1.5830068588256836
1677531267.304076,-0.12022510915994644,0.05907928943634033,-1.5899196863174438
1677531267.3478422,-0.12109952419996262,0.058472663164138794,-1.5928195714950562
1677531267.394983,-0.12102427333593369,0.05555814504623413,-1.5833028554916382
1677531267.443278,-0.12041491270065308,0.05404199659824371,-1.5764281749725342
1677531267.4879422,-0.11972872167825699,0.05456222593784332,-1.5771510601043701
1677531267.5333402,-0.11979765444993973,0.05365511775016785,-1.5754902362823486
1677531267.5799375,-0.1192241907119751,0.053802549839019775,-1.5715855360031128
1677531267.6277053,-0.11879140883684158,0.051282331347465515,-1.562642216682434
1677531267.6740959,-0.1185949295759201,0.04953755438327789,-1.5588494539260864
1677531267.7204409,-0.1175924763083458,0.04967084527015686,-1.5565049648284912
1677531267.766294,-0.11584783345460892,0.050984352827072144,-1.554409146308899
1677531267.8108811,-0.11484936624765396,0.052357763051986694,-1.5538088083267212
1677531267.8584452,-0.11476502567529678,0.05387778580188751,-1.5585334300994873
1677531267.904593,-0.11510396748781204,0.05551628768444061,-1.564266562461853
1677531267.9513845,-0.11565466970205307,0.055985450744628906,-1.5671796798706055
1677531267.9956157,-0.11597978323698044,0.05604371428489685,-1.5686513185501099
1677531268.0412889,-0.11642587929964066,0.055482298135757446,-1.5681040287017822
1677531268.0864892,-0.11667868494987488,0.05503532290458679,-1.5680361986160278
1677531268.1319184,-0.11741944402456284,0.05413886904716492,-1.5674184560775757
1677531268.1772175,-0.11692879348993301,0.054025888442993164,-1.5646306276321411
1677531268.2223961,-0.1161155179142952,0.05404363572597504,-1.5610554218292236
1677531268.2708867,-0.11519714444875717,0.05422142148017883,-1.5590243339538574
1677531268.3171532,-0.11475265026092529,0.05425553023815155,-1.558503270149231
1677531268.3643475,-0.11365320533514023,0.054186075925827026,-1.5538476705551147
1677531268.4109402,-0.1129460483789444,0.054218366742134094,-1.5511553287506104
1677531268.4555678,-0.11258396506309509,0.05440758168697357,-1.5512338876724243
1677531268.5024855,-0.11325349658727646,0.054694876074790955,-1.553606390953064
1677531268.5489016,-0.11397300660610199,0.055177733302116394,-1.5556150674819946
1677531268.5938659,-0.11403138935565948,0.05515064299106598,-1.5544508695602417
1677531268.64123,-0.11320570111274719,0.054784879088401794,-1.5519732236862183
1677531268.6858609,-0.11254168301820755,0.05487392842769623,-1.5493522882461548
1677531268.7307818,-0.1121261864900589,0.054993391036987305,-1.5476806163787842
1677531268.775377,-0.11228833347558975,0.05462084710597992,-1.5464820861816406
1677531268.8190627,-0.11243467777967453,0.05474784970283508,-1.5470373630523682
1677531268.8657885,-0.112519770860672,0.05526168644428253,-1.5465922355651855
1677531268.9123762,-0.11291036009788513,0.0552779883146286,-1.5499147176742554
1677531268.9583702,-0.11375738680362701,0.055130600929260254,-1.556888222694397
1677531269.0054252,-0.11647293716669083,0.05513074994087219,-1.5687341690063477
1677531269.0514195,-0.1192663311958313,0.0548572838306427,-1.5790283679962158
1677531269.0963545,-0.1217772513628006,0.054933980107307434,-1.5852628946304321
1677531269.1410363,-0.12244107574224472,0.054534465074539185,-1.576613426208496
1677531269.1852212,-0.12158888578414917,0.05450567603111267,-1.5718470811843872
1677531269.2293022,-0.12044791877269745,0.054541751742362976,-1.5685096979141235
1677531269.2752614,-0.11901257932186127,0.055528223514556885,-1.5654791593551636
1677531269.3202045,-0.11830740422010422,0.05647149682044983,-1.5690330266952515
1677531269.3670123,-0.1186610758304596,0.057778939604759216,-1.5751521587371826
1677531269.4115477,-0.11983498185873032,0.05815134942531586,-1.5837777853012085
1677531269.4560113,-0.12106294184923172,0.05834554135799408,-1.5903129577636719
1677531269.501553,-0.12298977375030518,0.05848419666290283,-1.6018309593200684
1677531269.5489013,-0.12391351908445358,0.057883113622665405,-1.6039044857025146
1677531269.593076,-0.12436071783304214,0.05775250494480133,-1.6068000793457031
1677531269.6401334,-0.12442071735858917,0.05692656338214874,-1.601836919784546
1677531269.6870828,-0.12318722158670425,0.0557684600353241,-1.5881515741348267
1677531269.7315805,-0.12194190174341202,0.055804088711738586,-1.5842673778533936
1677531269.779465,-0.12072961032390594,0.056615039706230164,-1.5845592021942139
1677531269.826634,-0.12093503028154373,0.05668152868747711,-1.585584282875061
1677531269.8710408,-0.1208912804722786,0.05663482844829559,-1.581023097038269
1677531269.9162436,-0.1204596683382988,0.05612143874168396,-1.575091004371643
1677531269.9610744,-0.11949291080236435,0.055388882756233215,-1.5676976442337036
1677531270.0058298,-0.11764497309923172,0.05490456521511078,-1.559780240058899
1677531270.050936,-0.11701610684394836,0.05517520010471344,-1.5645751953125
1677531270.096717,-0.11693958193063736,0.055464968085289,-1.5669134855270386
1677531270.1434836,-0.1187044009566307,0.0563998818397522,-1.5789893865585327
1677531270.1917636,-0.1203409731388092,0.057237595319747925,-1.5879535675048828
1677531270.2380836,-0.12195128947496414,0.057212114334106445,-1.5950801372528076
1677531270.2842207,-0.1219029575586319,0.05635182559490204,-1.5904874801635742
1677531270.3308382,-0.12157045304775238,0.05618263781070709,-1.5905616283416748
1677531270.3765123,-0.12197254598140717,0.055172860622406006,-1.5914846658706665
1677531270.4219139,-0.12211010605096817,0.055263862013816833,-1.5918117761611938
1677531270.4670665,-0.12234052270650864,0.055708616971969604,-1.5911037921905518
1677531270.5118933,-0.12266626209020615,0.056854426860809326,-1.5915300846099854
1677531270.5582857,-0.12296298891305923,0.057056725025177,-1.5942009687423706
1677531270.6040108,-0.12331697344779968,0.05635504424571991,-1.5968117713928223
1677531270.6516705,-0.12391907721757889,0.05610395967960358,-1.6001505851745605
1677531270.6960914,-0.12380629777908325,0.05652381479740143,-1.6001288890838623
1677531270.741181,-0.12394716590642929,0.057231366634368896,-1.6031694412231445
1677531270.7848513,-0.12373144924640656,0.05699671804904938,-1.6020379066467285
1677531270.8298457,-0.12381353974342346,0.057147443294525146,-1.600928544998169
1677531270.8780904,-0.1254521757364273,0.05720821022987366,-1.607798457145691
1677531270.9247093,-0.1262267529964447,0.057109951972961426,-1.6116180419921875
1677531270.9701319,-0.1265815645456314,0.056739211082458496,-1.6131566762924194
1677531271.0159018,-0.1265702098608017,0.05623076856136322,-1.6144219636917114
1677531271.0619373,-0.12579232454299927,0.05618889629840851,-1.6107456684112549
1677531271.1064672,-0.12427464127540588,0.056047797203063965,-1.6047805547714233
1677531271.1535575,-0.12351556122303009,0.056336939334869385,-1.5978736877441406
1677531271.198551,-0.12285589426755905,0.05653710663318634,-1.589138388633728
1677531271.2434416,-0.1218925341963768,0.05670677125453949,-1.5857737064361572
1677531271.2901213,-0.12155406922101974,0.05614444613456726,-1.5840681791305542
1677531271.3369272,-0.12088659405708313,0.05573301017284393,-1.5802273750305176
1677531271.3839586,-0.11938869953155518,0.05596119165420532,-1.5725679397583008
1677531271.4294388,-0.11876566708087921,0.055928513407707214,-1.5752029418945312
1677531271.4748008,-0.11871715635061264,0.05625529587268829,-1.5792810916900635
1677531271.5189245,-0.11878057569265366,0.05662408471107483,-1.5829107761383057
1677531271.5651734,-0.11911135911941528,0.056952103972435,-1.5867031812667847
1677531271.6111755,-0.11945711821317673,0.05750012397766113,-1.589507818222046
1677531271.6562955,-0.11958388984203339,0.05792587995529175,-1.5900238752365112
1677531271.7012737,-0.11978159099817276,0.057979270815849304,-1.5902997255325317
1677531271.7457752,-0.1210881695151329,0.0575433224439621,-1.5966823101043701
1677531271.7927597,-0.12223836779594421,0.05677896738052368,-1.6003570556640625
1677531271.8374193,-0.12293247133493423,0.055849894881248474,-1.6017698049545288
1677531271.8817632,-0.12316584587097168,0.054374948143959045,-1.5957812070846558
1677531271.9268625,-0.12285836786031723,0.05174662172794342,-1.584275484085083
1677531271.9719334,-0.12335547804832458,0.04901181161403656,-1.5739238262176514
1677531272.0165348,-0.12728634476661682,0.044342637062072754,-1.564397931098938
1677531272.0625267,-0.13030922412872314,0.04283270239830017,-1.5676206350326538
1677531272.1076894,-0.13433542847633362,0.0410623699426651,-1.5679900646209717
1677531272.1533258,-0.14433111250400543,0.042352259159088135,-1.580659031867981
1677531272.1985252,-0.15093037486076355,0.045127421617507935,-1.5911061763763428
1677531272.2461774,-0.17385272681713104,0.05185288190841675,-1.6030030250549316
1677531272.294016,-0.18513011932373047,0.05663086473941803,-1.5967766046524048
1677531272.3408647,-0.19684116542339325,0.06199656426906586,-1.5903058052062988
1677531272.388012,-0.22690118849277496,0.0741218626499176,-1.578566551208496
1677531272.433362,-0.24829573929309845,0.0822870135307312,-1.5701606273651123
1677531272.478125,-0.28654155135154724,0.0996113047003746,-1.5571131706237793
1677531272.522096,-0.302568256855011,0.10311725735664368,-1.550580620765686
1677531272.5680795,-0.31364768743515015,0.10400296747684479,-1.5417650938034058
1677531272.6121936,-0.3354147672653198,0.10500193387269974,-1.528505563735962
1677531272.6558065,-0.344491571187973,0.09915380924940109,-1.521442174911499
1677531272.701089,-0.35742199420928955,0.09633316099643707,-1.521121621131897
1677531272.74553,-0.3871119022369385,0.09795207530260086,-1.5347217321395874
1677531272.7961287,-0.3994162976741791,0.09204773604869843,-1.5537798404693604
1677531272.8421202,-0.410611629486084,0.0946217030286789,-1.5746030807495117
1677531272.8866649,-0.4306355118751526,0.09508334845304489,-1.5820361375808716
1677531272.9320347,-0.44081729650497437,0.0945739597082138,-1.5837466716766357
1677531272.9769344,-0.4494480788707733,0.09429506957530975,-1.5909122228622437
1677531273.023786,-0.4613169729709625,0.09584645181894302,-1.6169135570526123
1677531273.0713942,-0.4638160765171051,0.09244290739297867,-1.630328893661499
1677531273.1178818,-0.466335654258728,0.08897791057825089,-1.6500813961029053
1677531273.1646988,-0.46914222836494446,0.08991511911153793,-1.6475597620010376
1677531273.2109318,-0.47404202818870544,0.08975102007389069,-1.6456031799316406
1677531273.254743,-0.49905315041542053,0.060916781425476074,-1.7197000980377197
1677531273.3004963,-0.5047645568847656,0.08893491327762604,-1.7289748191833496
1677531273.3448284,-0.5077022314071655,0.11245329678058624,-1.719352126121521
1677531273.3916037,-0.5105581879615784,0.13019651174545288,-1.7023677825927734
1677531273.436879,-0.5122909545898438,0.12278888374567032,-1.7057157754898071
1677531273.4854443,-0.5142942070960999,0.11408265680074692,-1.710233211517334
1677531273.5321536,-0.5137174129486084,0.1046343669295311,-1.722635269165039
1677531273.5766187,-0.5217722654342651,0.0969364196062088,-1.6682480573654175
1677531273.6217966,-0.5242760181427002,0.08901692181825638,-1.626307725906372
1677531273.666781,-0.5221863389015198,0.08795580267906189,-1.5870946645736694
1677531273.7116983,-0.5207345485687256,0.08920188993215561,-1.5709460973739624
1677531273.7584517,-0.5186404585838318,0.08788152784109116,-1.5591578483581543
1677531273.8057308,-0.5195030570030212,0.08502697944641113,-1.5634464025497437
1677531273.852669,-0.5196733474731445,0.09144843369722366,-1.5598078966140747
1677531273.8996856,-0.5206208825111389,0.09153494238853455,-1.562626838684082
1677531273.9435415,-0.5211352109909058,0.09049778431653976,-1.5647650957107544
1677531273.9880657,-0.5240389108657837,0.09827085584402084,-1.5728751420974731
1677531274.0336,-0.526164710521698,0.10057292878627777,-1.5787365436553955
1677531274.0798807,-0.5263344049453735,0.09980982542037964,-1.5780651569366455
1677531274.1275895,-0.5270359516143799,0.0989304706454277,-1.5756767988204956
1677531274.1745148,-0.5272027254104614,0.09589578956365585,-1.572719931602478
1677531274.2218046,-0.5279080271720886,0.09280535578727722,-1.5673218965530396
1677531274.2690856,-0.528063178062439,0.09189530462026596,-1.5665388107299805
1677531274.3141913,-0.5294138789176941,0.09456134587526321,-1.5724971294403076
1677531274.3607314,-0.5328426361083984,0.09694314002990723,-1.5827405452728271
1677531274.4050894,-0.5351299047470093,0.09768444299697876,-1.5892279148101807
1677531274.451952,-0.5364992022514343,0.09693019837141037,-1.5904818773269653
1677531274.4978163,-0.5367252826690674,0.09627809375524521,-1.591481328010559
1677531274.5431852,-0.536891758441925,0.09588764607906342,-1.593526005744934
1677531274.5921278,-0.5380682945251465,0.09625093638896942,-1.6005736589431763
1677531274.6399765,-0.5381459593772888,0.09595616906881332,-1.600096583366394
1677531274.685004,-0.5378221273422241,0.09422070533037186,-1.5943857431411743
1677531274.7293658,-0.5374166965484619,0.09220308065414429,-1.5851151943206787
1677531274.7744477,-0.5376104712486267,0.09315935522317886,-1.5866650342941284
1677531274.8193686,-0.5365005731582642,0.09277988225221634,-1.5798413753509521
1677531274.864444,-0.5367923974990845,0.09402435272932053,-1.5810579061508179
1677531274.9111946,-0.5373350977897644,0.09517347067594528,-1.5841562747955322
1677531274.9569075,-0.5380129814147949,0.09604494273662567,-1.5906330347061157
1677531275.003915,-0.5381309986114502,0.09479972720146179,-1.5890769958496094
1677531275.0504944,-0.5377983450889587,0.09371446818113327,-1.5858403444290161
1677531275.0958204,-0.5374791026115417,0.09355805069208145,-1.5766571760177612
1677531275.141305,-0.5373517870903015,0.09475168585777283,-1.5759204626083374
1677531275.1873517,-0.535987138748169,0.09445849806070328,-1.570069432258606
1677531275.2334151,-0.5346201062202454,0.0947306901216507,-1.5667648315429688
1677531275.2813046,-0.5343769192695618,0.09654649347066879,-1.5712940692901611
1677531275.3268602,-0.5333675742149353,0.0967201292514801,-1.5655717849731445
1677531275.3756077,-0.5329278111457825,0.09620007872581482,-1.5632573366165161
1677531275.4198666,-0.5327823162078857,0.09555786848068237,-1.5625203847885132
1677531275.4654384,-0.5326115489006042,0.09483737498521805,-1.5606129169464111
1677531275.5121465,-0.5325261950492859,0.09495377540588379,-1.5597119331359863
1677531275.5561543,-0.5315505266189575,0.09624914824962616,-1.5574613809585571
1677531275.601841,-0.5308896899223328,0.09679657965898514,-1.556372046470642
1677531275.647577,-0.5301612615585327,0.09726377576589584,-1.5547430515289307
1677531275.6947608,-0.5281844139099121,0.09816230088472366,-1.5498912334442139
1677531275.741927,-0.5249270796775818,0.10606031864881516,-1.5529754161834717
1677531275.7893558,-0.5150262117385864,0.11061398684978485,-1.5631847381591797
1677531275.8351817,-0.5108164548873901,0.11303220689296722,-1.572580337524414
1677531275.8797193,-0.5064899921417236,0.11533788591623306,-1.579200267791748
1677531275.9259064,-0.49348536133766174,0.1174662709236145,-1.5806461572647095
1677531275.9710984,-0.49268820881843567,0.11600150167942047,-1.5754032135009766
1677531276.016721,-0.4923698604106903,0.11464759707450867,-1.5715223550796509
1677531276.0622559,-0.4780360460281372,0.11402785032987595,-1.5590094327926636
1677531276.1084268,-0.47617435455322266,0.11121422797441483,-1.5484809875488281
1677531276.1535366,-0.4643218219280243,0.11137865483760834,-1.5362259149551392
1677531276.1991816,-0.4422309100627899,0.1077086478471756,-1.5318180322647095
1677531276.246999,-0.4308522045612335,0.10600141435861588,-1.5254380702972412
1677531276.2939494,-0.3924539387226105,0.10638885200023651,-1.4717735052108765
1677531276.358405,-0.3560030460357666,0.10612238198518753,-1.4442164897918701
1677531276.4043396,-0.32863450050354004,0.1039363220334053,-1.4272563457489014
1677531276.4515932,-0.30980202555656433,0.1036669909954071,-1.41655695438385
1677531276.4975529,-0.2752520442008972,0.09896572679281235,-1.401803970336914
1677531276.5447412,-0.2575506865978241,0.0946715921163559,-1.3943159580230713
1677531276.5917392,-0.23685596883296967,0.09024635702371597,-1.3857612609863281
1677531276.6378202,-0.20294491946697235,0.08228227496147156,-1.3597073554992676
1677531276.6840363,-0.1739487498998642,0.07821682840585709,-1.3459091186523438
1677531276.7292387,-0.11587373167276382,0.0778917521238327,-1.3288785219192505
1677531276.7754729,-0.0978168323636055,0.07428315281867981,-1.3239840269088745
1677531276.8201764,-0.08726463466882706,0.07112865149974823,-1.3240818977355957
1677531276.8685043,-0.07149288058280945,0.07225517183542252,-1.3310480117797852
1677531276.913814,-0.07708413898944855,0.06737684458494186,-1.3371424674987793
1677531276.9595358,-0.07937593758106232,0.06392994523048401,-1.334254264831543
1677531277.0045228,-0.0794559046626091,0.06548988074064255,-1.3302252292633057
1677531277.0499926,-0.08474467694759369,0.06975256651639938,-1.3242583274841309
1677531277.0971074,-0.08454935997724533,0.07888337969779968,-1.3134015798568726
1677531277.143092,-0.0841815322637558,0.08319026231765747,-1.309775948524475
1677531277.1864696,-0.08222925662994385,0.08532213419675827,-1.3085824251174927
1677531277.2317894,-0.07858544588088989,0.0872352346777916,-1.3016934394836426
1677531277.2781665,-0.0758080706000328,0.08862748742103577,-1.309644341468811
1677531277.3245263,-0.07464713603258133,0.08833234757184982,-1.3196377754211426
1677531277.3706307,-0.07650532573461533,0.08775857836008072,-1.3353853225708008
1677531277.415122,-0.07893317192792892,0.08782164007425308,-1.343447208404541
1677531277.4602723,-0.08157555758953094,0.08974312245845795,-1.3425772190093994
1677531277.505147,-0.08813207596540451,0.08810016512870789,-1.3384413719177246
1677531277.5521667,-0.09120437502861023,0.08709746599197388,-1.3319613933563232
1677531277.5976832,-0.09682996571063995,0.08700069785118103,-1.3247367143630981
1677531277.645621,-0.09749887883663177,0.08728611469268799,-1.3168307542800903
1677531277.6911855,-0.09710811078548431,0.08694612234830856,-1.3104159832000732
1677531277.736545,-0.0950830802321434,0.08962714672088623,-1.314632773399353
1677531277.7827537,-0.09407877177000046,0.0889890044927597,-1.3089497089385986
1677531277.8268626,-0.09334081411361694,0.08688487112522125,-1.3004997968673706
1677531277.871393,-0.08958540856838226,0.08582069724798203,-1.2912204265594482
1677531277.9175053,-0.08364295214414597,0.08548663556575775,-1.286496877670288
1677531277.9637883,-0.07352293282747269,0.08444876968860626,-1.281166672706604
1677531278.0107415,-0.06156273931264877,0.08410555869340897,-1.2830300331115723
1677531278.0589123,-0.04818876460194588,0.08411629498004913,-1.2857589721679688
1677531278.1065593,-0.021319987252354622,0.08411348611116409,-1.2942790985107422
1677531278.1518397,-0.0047054956667125225,0.08633678406476974,-1.3010413646697998
1677531278.1957142,0.009932207874953747,0.0881945863366127,-1.3087602853775024
1677531278.2417371,0.042713914066553116,0.0926157608628273,-1.329380989074707
1677531278.2861853,0.05962130427360535,0.09531018882989883,-1.3411860466003418
1677531278.332339,0.08295997977256775,0.10057761520147324,-1.356874942779541
1677531278.3796794,0.09069258719682693,0.10173646360635757,-1.3625127077102661
1677531278.425178,0.0993780717253685,0.10283571481704712,-1.369612693786621
1677531278.4738977,0.12158054113388062,0.10657930374145508,-1.3917871713638306
1677531278.5191581,0.13250049948692322,0.10742475837469101,-1.4043844938278198
1677531278.5663111,0.1529335379600525,0.10771492123603821,-1.4291759729385376
1677531278.6130428,0.16215094923973083,0.10601764172315598,-1.4402612447738647
1677531278.659324,0.1748160719871521,0.10519623756408691,-1.4602563381195068
1677531278.7039433,0.18928106129169464,0.10189273208379745,-1.4823397397994995
1677531278.7529795,0.19298379123210907,0.0987219586968422,-1.4864249229431152
1677531278.8003004,0.19886377453804016,0.09616553038358688,-1.4959436655044556
1677531278.8445947,0.20317116379737854,0.09563372284173965,-1.5072822570800781
1677531278.888931,0.2057049423456192,0.09537476301193237,-1.5150774717330933
1677531278.934234,0.20832769572734833,0.09518273919820786,-1.520595908164978
1677531278.9783099,0.20914150774478912,0.09473723918199539,-1.5210777521133423
1677531279.022869,0.21178101003170013,0.09452705830335617,-1.5281763076782227
1677531279.0693443,0.2150152623653412,0.09474381804466248,-1.5401479005813599
1677531279.1154659,0.21496765315532684,0.09464560449123383,-1.5407763719558716
1677531279.1606936,0.21417231857776642,0.09362587332725525,-1.5410608053207397
1677531279.207374,0.21174384653568268,0.0916806161403656,-1.540526270866394
1677531279.2526095,0.20984110236167908,0.09027472138404846,-1.5413240194320679
1677531279.2985728,0.20803044736385345,0.08872910588979721,-1.542265772819519
1677531279.344004,0.20753969252109528,0.08727490901947021,-1.5477123260498047
1677531279.3904579,0.20810094475746155,0.08703990280628204,-1.550537109375
1677531279.4356363,0.20840956270694733,0.08694671094417572,-1.5508817434310913
1677531279.4806275,0.20809029042720795,0.08685996383428574,-1.5483713150024414
1677531279.5265195,0.20724090933799744,0.0870300903916359,-1.5475566387176514
1677531279.5711837,0.20623032748699188,0.08649802207946777,-1.5460116863250732
1677531279.6179523,0.2056441307067871,0.08684970438480377,-1.546094298362732
1677531279.6632779,0.20576807856559753,0.08721203356981277,-1.5460292100906372
1677531279.7081625,0.20711544156074524,0.08555008471012115,-1.5481808185577393
1677531279.754268,0.20876282453536987,0.0844336673617363,-1.5493968725204468
1677531279.8005571,0.2099371701478958,0.08319125324487686,-1.5515551567077637
1677531279.8478456,0.21060457825660706,0.08266936987638474,-1.5529319047927856
1677531279.8941858,0.21101437509059906,0.08256789296865463,-1.553010106086731
1677531279.9407287,0.21079614758491516,0.08191834390163422,-1.5491496324539185
1677531279.9887455,0.21040941774845123,0.08288447558879852,-1.5475778579711914
1677531280.0358095,0.21052800118923187,0.08291905373334885,-1.5477852821350098
1677531280.0842147,0.21080829203128815,0.08312613517045975,-1.5457695722579956
1677531280.1296272,0.21156372129917145,0.08300915360450745,-1.5424346923828125
1677531280.1772256,0.2114308476448059,0.08256657421588898,-1.537847638130188
1677531280.2229524,0.2114245742559433,0.08162339776754379,-1.5341120958328247
1677531280.269536,0.2118920385837555,0.0807555615901947,-1.5323541164398193
1677531280.3154562,0.21260769665241241,0.07998861372470856,-1.5302695035934448
1677531280.3613496,0.21203310787677765,0.0804915502667427,-1.5280086994171143
1677531280.4073496,0.21220524609088898,0.0825413316488266,-1.5229592323303223
1677531280.4534056,0.21247074007987976,0.084173783659935,-1.5187996625900269
1677531280.4988277,0.2099906951189041,0.08571536839008331,-1.5095919370651245
1677531280.5442455,0.20000042021274567,0.08626987785100937,-1.4848639965057373
1677531280.5898821,0.1917150318622589,0.08650591224431992,-1.4659637212753296
1677531280.634666,0.18318477272987366,0.08720909804105759,-1.4498718976974487
1677531280.6791177,0.16865113377571106,0.0878286063671112,-1.4277620315551758
1677531280.7250175,0.16120029985904694,0.08840150386095047,-1.4202522039413452
1677531280.769194,0.15304796397686005,0.0893283486366272,-1.4125018119812012
1677531280.817242,0.13677549362182617,0.09143389016389847,-1.3973206281661987
1677531280.863656,0.12938626110553741,0.0906219631433487,-1.391575813293457
1677531280.9080656,0.11213520914316177,0.09159550815820694,-1.3786991834640503
1677531280.9537191,0.10366923362016678,0.0906757339835167,-1.3712060451507568
1677531280.9982126,0.09397415071725845,0.09065750241279602,-1.362662672996521
1677531281.0455573,0.07507570832967758,0.0904434397816658,-1.3428062200546265
1677531281.091375,0.06666656583547592,0.08989235758781433,-1.3336560726165771
1677531281.1357424,0.05855080485343933,0.08979286998510361,-1.3267474174499512
1677531281.1821234,0.04143403843045235,0.0918525904417038,-1.3127105236053467
1677531281.2278137,0.032680828124284744,0.09388197958469391,-1.306525468826294
1677531281.2727227,0.020778661593794823,0.09504001587629318,-1.3023988008499146
1677531281.31867,-0.004505988676100969,0.09231311827898026,-1.2885299921035767
1677531281.3651845,-0.016544027253985405,0.08838272839784622,-1.2825456857681274
1677531281.4128351,-0.03700548782944679,0.08456353098154068,-1.274083137512207
1677531281.45971,-0.04134530946612358,0.08290315419435501,-1.2701300382614136
1677531281.5039377,-0.048579439520835876,0.082364022731781,-1.2679803371429443
1677531281.5484939,-0.06243407353758812,0.08439528942108154,-1.2665882110595703
1677531281.5936344,-0.06802339106798172,0.08546249568462372,-1.2704328298568726
1677531281.6395392,-0.07188425958156586,0.0854698196053505,-1.2754542827606201
1677531281.6839147,-0.07818321138620377,0.08516564220190048,-1.2826910018920898
1677531281.7306118,-0.07975766062736511,0.08466943353414536,-1.2839300632476807
1677531281.7769642,-0.08025387674570084,0.0862308070063591,-1.2799121141433716
1677531281.8217645,-0.07811835408210754,0.08697354048490524,-1.2752010822296143
1677531281.8691819,-0.07585691660642624,0.08732236176729202,-1.27098548412323
1677531281.917401,-0.07528270035982132,0.08966128528118134,-1.2676364183425903
1677531281.9629846,-0.07329040765762329,0.08915045857429504,-1.2756733894348145
1677531282.0105505,-0.07173077762126923,0.08808513730764389,-1.2846652269363403
1677531282.0562627,-0.07015139609575272,0.08348782360553741,-1.2992074489593506
1677531282.1015275,-0.06920076161623001,0.0808693915605545,-1.3054747581481934
1677531282.149538,-0.0686754658818245,0.07029977440834045,-1.3114850521087646
1677531282.1939104,-0.07037601619958878,0.06192309409379959,-1.3091046810150146
1677531282.2390323,-0.07118280231952667,0.052575379610061646,-1.3043344020843506
1677531282.2843282,-0.073466956615448,0.03173212707042694,-1.299344778060913
1677531282.332316,-0.0730324313044548,0.017569780349731445,-1.2993890047073364
1677531282.3791952,-0.06985893845558167,-0.008121952414512634,-1.3053146600723267
1677531282.424185,-0.06759381294250488,-0.02328459918498993,-1.311434030532837
1677531282.4712682,-0.06545287370681763,-0.03889551758766174,-1.318540334701538
1677531282.5157394,-0.06367872655391693,-0.06787371635437012,-1.3338443040847778
1677531282.5619776,-0.0632590651512146,-0.08477957546710968,-1.3437916040420532
1677531282.6078339,-0.06369524449110031,-0.10173825919628143,-1.3542712926864624
1677531282.6533473,-0.06516306847333908,-0.13134710490703583,-1.3755722045898438
1677531282.69976,-0.06785484403371811,-0.14545929431915283,-1.3872511386871338
1677531282.7431147,-0.0706017017364502,-0.15804418921470642,-1.3992195129394531
1677531282.788217,-0.07357747107744217,-0.17748141288757324,-1.4194583892822266
1677531282.834425,-0.07479187846183777,-0.184345081448555,-1.4267101287841797
1677531282.8810358,-0.07642662525177002,-0.19430026412010193,-1.434637427330017
1677531282.927663,-0.07665295153856277,-0.19491834938526154,-1.4343323707580566
1677531282.9720538,-0.07680141925811768,-0.1945129781961441,-1.4343962669372559
1677531283.0195284,-0.07714007049798965,-0.1938667595386505,-1.4362856149673462
1677531283.0664895,-0.07717476785182953,-0.19017772376537323,-1.4338916540145874
1677531283.1133904,-0.07715282589197159,-0.18703922629356384,-1.4321014881134033
1677531283.1599534,-0.07702624052762985,-0.18367065489292145,-1.4294277429580688
1677531283.2044094,-0.07655814290046692,-0.1813834309577942,-1.4262282848358154
1677531283.2489007,-0.07631278783082962,-0.17813187837600708,-1.4232016801834106
1677531283.296896,-0.07613310217857361,-0.17700448632240295,-1.4212071895599365
1677531283.3422635,-0.0763431191444397,-0.17638804018497467,-1.4202830791473389
1677531283.386751,-0.07761012017726898,-0.17736227810382843,-1.4203637838363647
1677531283.4323497,-0.07854380458593369,-0.17838120460510254,-1.4207069873809814
1677531283.478513,-0.07949487119913101,-0.1790449023246765,-1.4211713075637817
1677531283.526064,-0.08241168409585953,-0.18021485209465027,-1.418295979499817
1677531283.5731008,-0.08594019711017609,-0.18124538660049438,-1.4167864322662354
1677531283.6197872,-0.09577148407697678,-0.18467305600643158,-1.4176143407821655
1677531283.6671894,-0.1030014306306839,-0.18692563474178314,-1.4196842908859253
1677531283.7113109,-0.1105092242360115,-0.18841615319252014,-1.421201229095459
1677531283.7562068,-0.12768834829330444,-0.1888151913881302,-1.4219454526901245
1677531283.8006523,-0.13969631493091583,-0.18845267593860626,-1.4233946800231934
1677531283.845895,-0.1516633778810501,-0.1878424733877182,-1.4248871803283691
1677531283.8912122,-0.17522594332695007,-0.18688391149044037,-1.428920030593872
1677531283.9373384,-0.18978390097618103,-0.18586228787899017,-1.4333046674728394
1677531283.9815724,-0.20530720055103302,-0.18417713046073914,-1.4384657144546509
1677531284.0276272,-0.2332412600517273,-0.18089435994625092,-1.448594570159912
1677531284.0742745,-0.2475612461566925,-0.1781291365623474,-1.4529389142990112
1677531284.1197267,-0.2770337164402008,-0.17229239642620087,-1.465147614479065
1677531284.1660106,-0.29215097427368164,-0.16919583082199097,-1.4707462787628174
1677531284.2145386,-0.3060343265533447,-0.16563500463962555,-1.4768657684326172
1677531284.2606955,-0.32955679297447205,-0.15782950818538666,-1.4915075302124023
1677531284.3073645,-0.33947283029556274,-0.15404249727725983,-1.4985594749450684
1677531284.3546731,-0.35911789536476135,-0.14649969339370728,-1.5100350379943848
1677531284.4005628,-0.3673887252807617,-0.14484122395515442,-1.5151828527450562
1677531284.446419,-0.37459316849708557,-0.14314675331115723,-1.5215531587600708
1677531284.491844,-0.38792291283607483,-0.13819639384746552,-1.5328564643859863
1677531284.5386913,-0.39206090569496155,-0.13689905405044556,-1.5386403799057007
1677531284.586766,-0.40082019567489624,-0.13328701257705688,-1.5498608350753784
1677531284.6350346,-0.4045376181602478,-0.13177725672721863,-1.5547499656677246
1677531284.6814415,-0.40880438685417175,-0.13011230528354645,-1.5601856708526611
1677531284.7279043,-0.41878542304039,-0.1265334039926529,-1.5729660987854004
1677531284.7736044,-0.4233081638813019,-0.12461349368095398,-1.5797545909881592
1677531284.8191686,-0.42772284150123596,-0.1225573867559433,-1.5855693817138672
1677531284.866474,-0.43619099259376526,-0.11806142330169678,-1.5958526134490967
1677531284.9101963,-0.4397259056568146,-0.11663952469825745,-1.6001561880111694
1677531284.9547794,-0.44581538438796997,-0.11343282461166382,-1.6104021072387695
1677531285.0007749,-0.44807207584381104,-0.1124224066734314,-1.6159119606018066
1677531285.0469563,-0.4499572813510895,-0.11139602959156036,-1.6198527812957764
1677531285.0936894,-0.4595085680484772,-0.11096090078353882,-1.6294562816619873
1677531285.1390915,-0.46555763483047485,-0.11141562461853027,-1.6388047933578491
1677531285.1843915,-0.47127535939216614,-0.11193859577178955,-1.648026943206787
1677531285.2317064,-0.4817862808704376,-0.112802654504776,-1.6635568141937256
1677531285.279166,-0.48722073435783386,-0.11323688924312592,-1.672768473625183
1677531285.323154,-0.49609339237213135,-0.11435236036777496,-1.6837859153747559
1677531285.368897,-0.49925756454467773,-0.1153896152973175,-1.6876323223114014
1677531285.4155548,-0.5021812319755554,-0.11658285558223724,-1.690872073173523
1677531285.4723794,-0.5051804184913635,-0.11733527481555939,-1.696035385131836
1677531285.517764,-0.5055971145629883,-0.11790899932384491,-1.6963633298873901
1677531285.5632195,-0.5068777799606323,-0.11774027347564697,-1.6961750984191895
1677531285.6138923,-0.5075701475143433,-0.11795344948768616,-1.6943498849868774
1677531285.6624165,-0.5076447129249573,-0.11819255352020264,-1.6917849779129028
1677531285.7085593,-0.5070428848266602,-0.11848576366901398,-1.6885318756103516
1677531285.7532434,-0.5067828297615051,-0.11884355545043945,-1.6844863891601562
1677531285.7978554,-0.5063378214836121,-0.1200726330280304,-1.6780771017074585
1677531285.8451617,-0.506369411945343,-0.12047971785068512,-1.6729391813278198
1677531285.892002,-0.5038560032844543,-0.12158523499965668,-1.6637383699417114
1677531285.938611,-0.5027855634689331,-0.12236827611923218,-1.655914306640625
1677531285.9832013,-0.5021676421165466,-0.12294451892375946,-1.6494617462158203
1677531286.029984,-0.5003003478050232,-0.1245460957288742,-1.634812593460083
1677531286.0769725,-0.49820202589035034,-0.12583963572978973,-1.6229324340820312
1677531286.1238363,-0.4961692690849304,-0.1275292932987213,-1.609334111213684
1677531286.171452,-0.489447683095932,-0.13035698235034943,-1.584613561630249
1677531286.2164297,-0.48289942741394043,-0.13245108723640442,-1.56842839717865
1677531286.2642844,-0.4691748023033142,-0.13420191407203674,-1.5433290004730225
1677531286.3120422,-0.46009111404418945,-0.13562187552452087,-1.5291754007339478
1677531286.3596134,-0.43814584612846375,-0.1370215266942978,-1.4988468885421753
1677531286.4035652,-0.4244129955768585,-0.13789592683315277,-1.4835450649261475
1677531286.4495165,-0.41017451882362366,-0.13819724321365356,-1.4680534601211548
1677531286.4963205,-0.3789016604423523,-0.13841839134693146,-1.4369897842407227
1677531286.5424535,-0.3592483699321747,-0.1399419903755188,-1.421923279762268
1677531286.586835,-0.33983126282691956,-0.14077775180339813,-1.408050298690796
1677531286.6324542,-0.3002641797065735,-0.1387612372636795,-1.3821054697036743
1677531286.678699,-0.2788306772708893,-0.13916736841201782,-1.3721542358398438
1677531286.7253451,-0.25742408633232117,-0.13926243782043457,-1.3631408214569092
1677531286.7732675,-0.21191619336605072,-0.1347821056842804,-1.3465067148208618
1677531286.8188472,-0.1889125257730484,-0.13499769568443298,-1.341569185256958
1677531286.8649764,-0.14622347056865692,-0.13302040100097656,-1.3328907489776611
1677531286.9108799,-0.12733027338981628,-0.13432669639587402,-1.3326438665390015
1677531286.9557214,-0.10867643356323242,-0.1348690390586853,-1.3322656154632568
1677531287.0026848,-0.07240527123212814,-0.13407525420188904,-1.3319981098175049
1677531287.0500767,-0.05675739049911499,-0.1344292163848877,-1.3337428569793701
1677531287.0950878,-0.0418236181139946,-0.13549427688121796,-1.336305022239685
1677531287.1395888,-0.01667656935751438,-0.13905741274356842,-1.344292163848877
1677531287.186237,-0.010644315741956234,-0.1427992880344391,-1.3482595682144165
1677531287.233461,-0.0021893158555030823,-0.1468847095966339,-1.3535348176956177
1677531287.2779205,-0.006032216362655163,-0.1480662077665329,-1.3537384271621704
1677531287.3244193,-0.010362692177295685,-0.14804445207118988,-1.3529038429260254
1677531287.3697324,-0.01716694049537182,-0.1477394849061966,-1.3521933555603027
1677531287.416575,-0.023917945101857185,-0.14742767810821533,-1.3502306938171387
1677531287.4605262,-0.029138892889022827,-0.14648693799972534,-1.348586916923523
1677531287.5048459,-0.0360536053776741,-0.14454707503318787,-1.3465657234191895
1677531287.5513704,-0.03935185819864273,-0.1438962072134018,-1.344213843345642
1677531287.5974658,-0.044852398335933685,-0.14406923949718475,-1.3436534404754639
1677531287.6443245,-0.04543163254857063,-0.14613857865333557,-1.3448779582977295
1677531287.691222,-0.0451287217438221,-0.14739279448986053,-1.3463283777236938
1677531287.7366111,-0.04316847026348114,-0.14604836702346802,-1.347098469734192
1677531287.7812867,-0.040895309299230576,-0.14438629150390625,-1.3482956886291504
1677531287.8277516,-0.03813241422176361,-0.1417955607175827,-1.3503860235214233
1677531287.8743484,-0.03014427237212658,-0.13805322349071503,-1.3521116971969604
1677531287.9205208,-0.02263489179313183,-0.13669158518314362,-1.3540458679199219
1677531287.9647276,-0.013366736471652985,-0.13474179804325104,-1.3564950227737427
1677531288.0107353,0.008963845670223236,-0.12741363048553467,-1.3573838472366333
1677531288.0552835,0.02536550909280777,-0.12323427200317383,-1.3578671216964722
1677531288.099707,0.054323356598615646,-0.11512401700019836,-1.3615410327911377
1677531288.1466656,0.0705055221915245,-0.11205023527145386,-1.3668328523635864
1677531288.1942406,0.08695600181818008,-0.10971683263778687,-1.3729106187820435
1677531288.240611,0.1216694563627243,-0.10430802404880524,-1.3908390998840332
1677531288.286589,0.13932031393051147,-0.10153897106647491,-1.399900197982788
1677531288.3347647,0.16621626913547516,-0.09439432621002197,-1.4137606620788574
1677531288.3809285,0.17818087339401245,-0.09647384285926819,-1.427204966545105
1677531288.4259627,0.1880643367767334,-0.0992007702589035,-1.4390544891357422
1677531288.4701595,0.20265477895736694,-0.09926639497280121,-1.4542768001556396
1677531288.5165412,0.20799744129180908,-0.1011679470539093,-1.458123803138733
1677531288.562783,0.21319447457790375,-0.10217860341072083,-1.460617184638977
1677531288.6100934,0.22243931889533997,-0.10316602885723114,-1.4701765775680542
1677531288.6544032,0.22705252468585968,-0.1039549708366394,-1.4742906093597412
1677531288.70062,0.2326393574476242,-0.1033385843038559,-1.4828763008117676
1677531288.7446985,0.24267509579658508,-0.10297761857509613,-1.4989606142044067
1677531288.789518,0.24611732363700867,-0.10226845741271973,-1.506353497505188
1677531288.8350272,0.2512744665145874,-0.10159102082252502,-1.5159046649932861
1677531288.8842592,0.2512403428554535,-0.10123571753501892,-1.518252968788147
1677531288.9277408,0.2505977749824524,-0.10066781938076019,-1.5197981595993042
1677531288.9716735,0.2509239912033081,-0.10056351125240326,-1.5237716436386108
1677531289.0163717,0.24930566549301147,-0.10051923990249634,-1.5206304788589478
1677531289.0613565,0.24785031378269196,-0.10118316113948822,-1.5189311504364014
1677531289.1061058,0.24594099819660187,-0.10146568715572357,-1.5168659687042236
1677531289.1515217,0.24467459321022034,-0.10153451561927795,-1.5136277675628662
1677531289.1971595,0.24294698238372803,-0.10153651237487793,-1.5103782415390015
1677531289.2419055,0.23962882161140442,-0.10306571424007416,-1.5045892000198364
1677531289.2875726,0.23891575634479523,-0.10280722379684448,-1.4992927312850952
1677531289.3348255,0.23854316771030426,-0.10274700820446014,-1.4949055910110474
1677531289.3814023,0.23700764775276184,-0.10264411568641663,-1.4909775257110596
1677531289.4277196,0.2355755865573883,-0.10420474410057068,-1.4898085594177246
1677531289.4738166,0.22982342541217804,-0.10821850597858429,-1.4820001125335693
1677531289.5200112,0.2237957864999771,-0.11269544064998627,-1.4751827716827393
1677531289.5668244,0.21546341478824615,-0.11743752658367157,-1.4661296606063843
1677531289.6135554,0.1938200145959854,-0.13081371784210205,-1.4493982791900635
1677531289.659256,0.17641766369342804,-0.14132629334926605,-1.4416993856430054
1677531289.7054758,0.14240963757038116,-0.15539319813251495,-1.4260081052780151
1677531289.752258,0.12009181827306747,-0.15802790224552155,-1.4123245477676392
1677531289.79715,0.09763753414154053,-0.15738049149513245,-1.3977323770523071
1677531289.8433537,0.05537256598472595,-0.1549961119890213,-1.3715541362762451
1677531289.8875523,0.03472048416733742,-0.15099646151065826,-1.361722707748413
1677531289.9335353,0.01590552181005478,-0.1478596031665802,-1.3555002212524414
1677531289.9796603,-0.018177896738052368,-0.1456402838230133,-1.34758722782135
1677531290.0270958,-0.02979109063744545,-0.14740914106369019,-1.3446013927459717
1677531290.072566,-0.05091845244169235,-0.14974148571491241,-1.3420119285583496
1677531290.1197004,-0.05396870896220207,-0.15329596400260925,-1.34246027469635
1677531290.1663477,-0.056511979550123215,-0.1554359495639801,-1.3416321277618408
1677531290.2128484,-0.061691902577877045,-0.15605542063713074,-1.3409332036972046
1677531290.257983,-0.05913883447647095,-0.1578192412853241,-1.3433974981307983
1677531290.3062718,-0.057566702365875244,-0.15942800045013428,-1.3456857204437256
1677531290.3512213,-0.05623703822493553,-0.16116560995578766,-1.3488048315048218
1677531290.395694,-0.053562141954898834,-0.1631375253200531,-1.352123737335205
1677531290.4418938,-0.050404142588377,-0.16499017179012299,-1.3553191423416138
1677531290.488452,-0.047897353768348694,-0.16680537164211273,-1.3577444553375244
1677531290.5329762,-0.04588887840509415,-0.16888143122196198,-1.359727382659912
1677531290.5795445,-0.042729176580905914,-0.1724563091993332,-1.3625073432922363
1677531290.626227,-0.0418049618601799,-0.17476163804531097,-1.3623849153518677
1677531290.6743293,-0.04111913964152336,-0.17706647515296936,-1.3619731664657593
1677531290.7216508,-0.041138116270303726,-0.17850390076637268,-1.3628807067871094
1677531290.7665644,-0.04286380112171173,-0.175873801112175,-1.3627969026565552
1677531290.812045,-0.042571771889925,-0.16527068614959717,-1.3582558631896973
1677531290.858844,-0.041795045137405396,-0.15284816920757294,-1.351779580116272
1677531290.904885,-0.041754093021154404,-0.1384708285331726,-1.3432573080062866
1677531290.9496102,-0.0414096936583519,-0.11083532869815826,-1.3272459506988525
1677531290.9948428,-0.04144419729709625,-0.08745203912258148,-1.3146249055862427
1677531291.0395052,-0.04192076623439789,-0.06307578086853027,-1.3030956983566284
1677531291.0864167,-0.04317886754870415,-0.01667732000350952,-1.2849586009979248
1677531291.135846,-0.044042423367500305,0.011799678206443787,-1.274467945098877
1677531291.180675,-0.049570001661777496,0.06545181572437286,-1.2536048889160156
1677531291.2263255,-0.04870249330997467,0.08858849108219147,-1.248130202293396
1677531291.272066,-0.051419589668512344,0.1054825708270073,-1.2455261945724487
1677531291.317942,-0.060971472412347794,0.13008171319961548,-1.2398418188095093
1677531291.3655593,-0.06600479036569595,0.13113263249397278,-1.2360951900482178
1677531291.4131494,-0.06707830727100372,0.13961924612522125,-1.2705930471420288
1677531291.4613981,-0.0662468746304512,0.13333764672279358,-1.2952128648757935
1677531291.5079906,-0.06496964395046234,0.1301484853029251,-1.3130803108215332
1677531291.5545182,-0.06266231089830399,0.12726913392543793,-1.3355940580368042
1677531291.603411,-0.06828390061855316,0.11771367490291595,-1.324999213218689
1677531291.652074,-0.0763816386461258,0.10483530163764954,-1.3166511058807373
1677531291.69899,-0.08010897040367126,0.09661559760570526,-1.3166685104370117
1677531291.7431169,-0.0834498479962349,0.08971645683050156,-1.311295747756958
1677531291.788983,-0.08956871926784515,0.07819470018148422,-1.3013043403625488
1677531291.8341236,-0.08968883007764816,0.07676983624696732,-1.2937674522399902
1677531291.8797712,-0.08758119493722916,0.07877006381750107,-1.2813518047332764
1677531291.9245205,-0.08471976965665817,0.0815119817852974,-1.27438223361969
1677531291.9687414,-0.08258868753910065,0.0828290805220604,-1.2686618566513062
1677531292.0144079,-0.08063353598117828,0.08415060490369797,-1.264756202697754
1677531292.0594566,-0.07858483493328094,0.0844380259513855,-1.263511300086975
1677531292.1031094,-0.07720180600881577,0.08508540689945221,-1.2617685794830322
1677531292.1480148,-0.07368284463882446,0.08482466638088226,-1.2566498517990112
1677531292.1947646,-0.07270589470863342,0.0840708464384079,-1.254670262336731
1677531292.2398415,-0.07158619165420532,0.08338440954685211,-1.2532930374145508
1677531292.287084,-0.06888364255428314,0.08265506476163864,-1.249682903289795
1677531292.3327496,-0.06796392798423767,0.08241192996501923,-1.249854564666748
1677531292.3768992,-0.06840884685516357,0.08282347023487091,-1.2516554594039917
1677531292.4255998,-0.0685955360531807,0.08225756883621216,-1.2519421577453613
1677531292.473468,-0.06948553770780563,0.08173330873250961,-1.2512824535369873
1677531292.5195372,-0.06970459222793579,0.0823483094573021,-1.25237238407135
1677531292.5682065,-0.0710049718618393,0.08077086508274078,-1.2544763088226318
1677531292.6166,-0.07202819734811783,0.0790640190243721,-1.2551031112670898
1677531292.6655266,-0.07321922481060028,0.07787724584341049,-1.2543444633483887
1677531292.7148178,-0.07362616807222366,0.07907453924417496,-1.2510806322097778
1677531292.7620392,-0.07311444729566574,0.07791018486022949,-1.2495061159133911
1677531292.8079464,-0.07281237095594406,0.07730049639940262,-1.2482355833053589
1677531292.8535714,-0.0711856558918953,0.07853017747402191,-1.246803879737854
1677531292.8991659,-0.07001218944787979,0.08117476105690002,-1.2444850206375122
1677531292.9434402,-0.07067558169364929,0.08088817447423935,-1.2429583072662354
1677531292.988725,-0.07119276374578476,0.08025836944580078,-1.2431650161743164
1677531293.03543,-0.07179958373308182,0.0781790241599083,-1.244370937347412
1677531293.079062,-0.07199493795633316,0.07677333801984787,-1.2451236248016357
1677531293.1242745,-0.07165204733610153,0.07752769440412521,-1.2459717988967896
1677531293.16878,-0.07044174522161484,0.07894155383110046,-1.2460436820983887
1677531293.2154238,-0.06971174478530884,0.08038333803415298,-1.2458570003509521
1677531293.263826,-0.06859105080366135,0.08257794380187988,-1.246727466583252
1677531293.309604,-0.06843239814043045,0.08342236280441284,-1.2464109659194946
1677531293.3542469,-0.06913802027702332,0.08194293826818466,-1.2459179162979126
1677531293.40238,-0.07080340385437012,0.08102192729711533,-1.245466947555542
1677531293.4489346,-0.07115031778812408,0.08103390038013458,-1.2448245286941528
1677531293.494648,-0.07009635865688324,0.08130165934562683,-1.2442662715911865
1677531293.5402434,-0.06981527805328369,0.08186940848827362,-1.2450278997421265
1677531293.5854414,-0.06786776334047318,0.08207213878631592,-1.2459502220153809
1677531293.629646,-0.06820134818553925,0.0824698954820633,-1.2445489168167114
1677531293.6769202,-0.06900469958782196,0.08239805698394775,-1.2440803050994873
1677531293.7237108,-0.06887238472700119,0.08313562721014023,-1.2442044019699097
1677531293.7681608,-0.06903410702943802,0.08255530893802643,-1.2476418018341064
1677531293.8122742,-0.06837403029203415,0.08283768594264984,-1.2502164840698242
1677531293.856174,-0.06856497377157211,0.08382754027843475,-1.2522927522659302
1677531293.9011064,-0.0680852010846138,0.08484950661659241,-1.2535465955734253
1677531293.9454067,-0.0680399090051651,0.08459805697202682,-1.2509669065475464
1677531293.991603,-0.06753626465797424,0.08202420175075531,-1.251611590385437
1677531294.038442,-0.0669327974319458,0.08010771870613098,-1.2567013502120972
1677531294.0831473,-0.06691042333841324,0.07885672152042389,-1.2606230974197388
1677531294.1308498,-0.06606417149305344,0.0829400047659874,-1.2705907821655273
1677531294.178818,-0.06717343628406525,0.08413971960544586,-1.2703319787979126
1677531294.2275774,-0.07128297537565231,0.08391163498163223,-1.26606023311615
1677531294.2729156,-0.07284346967935562,0.08329164236783981,-1.2620365619659424
1677531294.317634,-0.07240887731313705,0.08380884677171707,-1.2585991621017456
1677531294.3649943,-0.07283935695886612,0.08424387872219086,-1.252226710319519
1677531294.4093127,-0.07201086729764938,0.08438131958246231,-1.2500090599060059
1677531294.453031,-0.07212316244840622,0.08444306999444962,-1.2486696243286133
1677531294.4973335,-0.07140039652585983,0.08479125797748566,-1.2470381259918213
1677531294.5442207,-0.07074247300624847,0.08409363776445389,-1.2454851865768433
1677531294.5902958,-0.06976228952407837,0.08553950488567352,-1.2468509674072266
1677531294.6370444,-0.06799589097499847,0.08625320345163345,-1.2513872385025024
1677531294.6812265,-0.06541284918785095,0.08548091351985931,-1.2603976726531982
1677531294.7264264,-0.06283468753099442,0.08234159648418427,-1.2750160694122314
1677531294.7728703,-0.06493039429187775,0.0806674137711525,-1.274049162864685
1677531294.8208425,-0.06582140922546387,0.07971277087926865,-1.2713149785995483
1677531294.8669474,-0.06760771572589874,0.08080683648586273,-1.2624365091323853
1677531294.9123764,-0.06814014911651611,0.08175548166036606,-1.260165810585022
1677531294.9566777,-0.06789412349462509,0.0845857560634613,-1.2597674131393433
1677531295.0016158,-0.0680437982082367,0.08628274500370026,-1.2590638399124146
1677531295.0467677,-0.06736753135919571,0.08580153435468674,-1.2572005987167358
1677531295.0913012,-0.06532850116491318,0.0835396945476532,-1.253720760345459
1677531295.1357636,-0.06284749507904053,0.0812220573425293,-1.2520760297775269
1677531295.1804457,-0.06083553656935692,0.07959206402301788,-1.2504655122756958
1677531295.225255,-0.05772748962044716,0.07947944104671478,-1.251732587814331
1677531295.27053,-0.05484238639473915,0.08057869970798492,-1.2533200979232788
1677531295.3174295,-0.05367978662252426,0.08103489875793457,-1.2526782751083374
1677531295.3611937,-0.052499447017908096,0.08145233243703842,-1.2523257732391357
1677531295.4066997,-0.05192846059799194,0.082028828561306,-1.2522248029708862
1677531295.4516432,-0.05151853337883949,0.08277155458927155,-1.25167715549469
1677531295.499506,-0.05365598201751709,0.08711866289377213,-1.2514582872390747
1677531295.5445678,-0.05585571750998497,0.08636167645454407,-1.2548507452011108
1677531295.5921152,-0.05572109669446945,0.08362910151481628,-1.2589516639709473
1677531295.634617,-0.05671634525060654,0.08154267817735672,-1.2568080425262451
1677531295.6812103,-0.05762645974755287,0.0804528072476387,-1.2545690536499023
1677531295.7261877,-0.058628592640161514,0.08124633878469467,-1.251388669013977
1677531295.770307,-0.05949518084526062,0.08143341541290283,-1.2498621940612793
1677531295.8156502,-0.06141398474574089,0.08124488592147827,-1.248702049255371
1677531295.8614402,-0.06246135011315346,0.08047689497470856,-1.2461905479431152
1677531295.9071374,-0.0609721913933754,0.08126453310251236,-1.2462354898452759
1677531295.9528282,-0.05994298309087753,0.08239825069904327,-1.2453316450119019
1677531296.0007248,-0.056827276945114136,0.08431988209486008,-1.2520886659622192
1677531296.0464597,-0.05551934614777565,0.08625378459692001,-1.2546383142471313
1677531296.0945427,-0.05220591276884079,0.08597033470869064,-1.2640990018844604
1677531296.1395357,-0.054012127220630646,0.08359711617231369,-1.2705538272857666
1677531296.1876805,-0.057460784912109375,0.08123531937599182,-1.2747260332107544
1677531296.2334518,-0.07055177539587021,0.072115957736969,-1.281924843788147
1677531296.278074,-0.08304356038570404,0.058919891715049744,-1.2894099950790405
1677531296.322647,-0.09420526772737503,0.04180032014846802,-1.300705075263977
1677531296.3676195,-0.11154588311910629,0.0005751252174377441,-1.3341730833053589
1677531296.4152255,-0.1262333244085312,-0.029875919222831726,-1.3615243434906006
1677531296.463352,-0.15293410420417786,-0.0776619017124176,-1.400260329246521
1677531296.5087447,-0.17456452548503876,-0.10470804572105408,-1.4166749715805054
1677531296.553618,-0.1938013881444931,-0.1282915472984314,-1.4324922561645508
1677531296.599447,-0.22383399307727814,-0.16105259954929352,-1.4654648303985596
1677531296.6459439,-0.23580622673034668,-0.1753404140472412,-1.4798035621643066
1677531296.6901639,-0.24357916414737701,-0.18605774641036987,-1.4944961071014404
1677531296.7362661,-0.2498852014541626,-0.19939391314983368,-1.5181649923324585
1677531296.7849085,-0.2466403692960739,-0.2054147869348526,-1.5261975526809692
1677531296.8298047,-0.23977011442184448,-0.2145431637763977,-1.5498627424240112
1677531296.8764246,-0.23087246716022491,-0.21722637116909027,-1.5598605871200562
1677531296.9210322,-0.22217439115047455,-0.2173776477575302,-1.5684300661087036
1677531296.968569,-0.20986942946910858,-0.21091195940971375,-1.5804626941680908
1677531297.014546,-0.2037956565618515,-0.20480358600616455,-1.5781707763671875
1677531297.0615642,-0.1992945820093155,-0.19756507873535156,-1.5725183486938477
1677531297.10788,-0.19322681427001953,-0.18581324815750122,-1.5664118528366089
1677531297.1523142,-0.19315177202224731,-0.18409833312034607,-1.5567798614501953
1677531297.1989942,-0.1948832869529724,-0.17388570308685303,-1.5525996685028076
1677531297.2458525,-0.19773881137371063,-0.17025455832481384,-1.541929006576538
1677531297.2909439,-0.20097024738788605,-0.16579318046569824,-1.5306549072265625
1677531297.336079,-0.2079533338546753,-0.15175433456897736,-1.5091278553009033
1677531297.385081,-0.2156122773885727,-0.14055213332176208,-1.4978976249694824
1677531297.4310746,-0.22439497709274292,-0.12949243187904358,-1.484090805053711
1677531297.4794614,-0.24683736264705658,-0.10946743190288544,-1.452528715133667
1677531297.5252545,-0.270214319229126,-0.10182078182697296,-1.4396759271621704
1677531297.5720832,-0.32045429944992065,-0.08833067119121552,-1.4128926992416382
1677531297.6182692,-0.35507285594940186,-0.08242376148700714,-1.4047632217407227
1677531297.6664577,-0.41561397910118103,-0.06966643035411835,-1.3803333044052124
1677531297.7147403,-0.446673721075058,-0.06587222218513489,-1.3709090948104858
1677531297.7633405,-0.4768552780151367,-0.0597308874130249,-1.36114501953125
1677531297.810266,-0.5073934197425842,-0.05533941090106964,-1.2696022987365723
1677531297.8591413,-0.5210714936256409,-0.046605393290519714,-1.22550368309021
1677531297.9085906,-0.5698659420013428,-0.025575995445251465,-1.1786555051803589
1677531297.9545252,-0.5939192175865173,-0.01596669852733612,-1.168798804283142
1677531298.0016434,-0.6725439429283142,-0.01158285140991211,-1.1897430419921875
1677531298.0490718,-0.7162061929702759,-0.007538497447967529,-1.2262266874313354
1677531298.0953107,-0.748359203338623,-0.005961686372756958,-1.2485311031341553
1677531298.1415915,-0.8078027367591858,-0.01331426203250885,-1.2552845478057861
1677531298.1898017,-0.8324926495552063,-0.027218565344810486,-1.2495301961898804
1677531298.2362106,-0.8750690817832947,-0.04053086042404175,-1.2404999732971191
1677531298.2829347,-0.8927469849586487,-0.047204017639160156,-1.232717514038086
1677531298.3286042,-0.9171456694602966,-0.04856334626674652,-1.2276140451431274
1677531298.3749826,-0.9705262780189514,-0.045441970229148865,-1.2172654867172241
1677531298.4218943,-1.0136560201644897,-0.03795459866523743,-1.2179619073867798
1677531298.4665196,-1.054520845413208,-0.03295256197452545,-1.2168042659759521
1677531298.5123045,-1.090994954109192,-0.03032258152961731,-1.2189536094665527
