1677531337.0645921,-0.1575813889503479,0.10167625546455383,-1.8946418762207031
1677531337.223778,-0.11401782929897308,0.021501749753952026,-1.5369516611099243
1677531337.2798176,-0.1087360829114914,0.09578768163919449,-1.5374541282653809
1677531337.331658,-0.11014115810394287,0.10316738486289978,-1.5500502586364746
1677531337.3860824,-0.11268401890993118,0.10791777819395065,-1.561806082725525
1677531337.4379005,-0.11645679175853729,0.09791597723960876,-1.5753064155578613
1677531337.4882374,-0.11856754124164581,0.08852624148130417,-1.5782365798950195
1677531337.5354235,-0.11960655450820923,0.08225684612989426,-1.572253704071045
1677531337.5840995,-0.12106771767139435,0.07679097354412079,-1.5719215869903564
1677531337.6313183,-0.12183958292007446,0.07440275698900223,-1.5756303071975708
1677531337.6828163,-0.12272308021783829,0.07308229804039001,-1.5846436023712158
1677531337.7309325,-0.12337002903223038,0.07353740930557251,-1.5927536487579346
1677531337.7787807,-0.12421640753746033,0.07340827584266663,-1.5956274271011353
1677531337.828796,-0.12355993688106537,0.07352495193481445,-1.588071584701538
1677531337.8760905,-0.1246267780661583,0.07486572116613388,-1.5951255559921265
1677531337.922715,-0.1251603662967682,0.07581419497728348,-1.6013127565383911
1677531337.9687133,-0.12571600079536438,0.07632583379745483,-1.6075294017791748
1677531338.0149558,-0.12667754292488098,0.07690900564193726,-1.6171375513076782
1677531338.0612574,-0.12712721526622772,0.07690906524658203,-1.622363567352295
1677531338.1064882,-0.1273285299539566,0.07644385099411011,-1.6193698644638062
1677531338.1527305,-0.1277107447385788,0.07587297260761261,-1.6189231872558594
1677531338.1998065,-0.12783366441726685,0.07606814801692963,-1.6201375722885132
1677531338.2457,-0.12715649604797363,0.07628268003463745,-1.6121270656585693
1677531338.291922,-0.12613439559936523,0.07589270919561386,-1.6029837131500244
1677531338.338036,-0.12536142766475677,0.07502378523349762,-1.594933032989502
1677531338.3851569,-0.12402597069740295,0.07341927289962769,-1.583861231803894
1677531338.4308405,-0.12289130687713623,0.07357968389987946,-1.5815773010253906
1677531338.476361,-0.12138915061950684,0.07432129234075546,-1.58014714717865
1677531338.519786,-0.12072321772575378,0.07467228174209595,-1.5763633251190186
1677531338.567281,-0.12031932920217514,0.07495706528425217,-1.578621745109558
1677531338.6142592,-0.11995305866003036,0.0757669135928154,-1.5818086862564087
1677531338.6616106,-0.12027142941951752,0.07603186368942261,-1.585965871810913
1677531338.7181416,-0.1198112964630127,0.07569289952516556,-1.5884833335876465
1677531338.7629411,-0.119340680539608,0.07488443702459335,-1.5860604047775269
1677531338.8069022,-0.11966273933649063,0.07476581633090973,-1.5901333093643188
1677531338.8527734,-0.11943904310464859,0.07355848699808121,-1.589016318321228
1677531338.8983967,-0.11973080039024353,0.07335034012794495,-1.5900185108184814
1677531338.9447365,-0.11812347918748856,0.07269009947776794,-1.5802440643310547
1677531338.9912703,-0.11621946096420288,0.07204941660165787,-1.5672389268875122
1677531339.0393438,-0.11420470476150513,0.07140487432479858,-1.5551438331604004
1677531339.0852494,-0.11170431971549988,0.07133597135543823,-1.544741153717041
1677531339.1312869,-0.10996975004673004,0.07100439071655273,-1.535473346710205
1677531339.178592,-0.10665760189294815,0.07028940320014954,-1.523805856704712
1677531339.2252073,-0.10616196691989899,0.07056115567684174,-1.5289121866226196
1677531339.2736678,-0.10634565353393555,0.07045915722846985,-1.5344606637954712
1677531339.3207068,-0.10736431181430817,0.07127828896045685,-1.5402902364730835
1677531339.3663626,-0.10860647261142731,0.07168987393379211,-1.5459035634994507
1677531339.4121106,-0.10786899924278259,0.07139094173908234,-1.5384527444839478
1677531339.4582438,-0.1073588952422142,0.07110204547643661,-1.5296496152877808
1677531339.5037081,-0.10666204243898392,0.07072614878416061,-1.5233043432235718
1677531339.5492187,-0.10805171728134155,0.07163054496049881,-1.5348880290985107
1677531339.5950367,-0.10969109833240509,0.07240122556686401,-1.546954870223999
1677531339.640447,-0.11104784160852432,0.07255421578884125,-1.5521743297576904
1677531339.6857288,-0.11220922321081161,0.07216733694076538,-1.5515190362930298
1677531339.731542,-0.11308644711971283,0.07221347093582153,-1.5562171936035156
1677531339.7764056,-0.11398075520992279,0.07243841886520386,-1.5607346296310425
1677531339.8225563,-0.115782231092453,0.07293201237916946,-1.5672698020935059
1677531339.867871,-0.11641663312911987,0.0737719014286995,-1.570974588394165
1677531339.915887,-0.11726792901754379,0.0743018314242363,-1.5692049264907837
1677531339.963318,-0.11751497536897659,0.07463609427213669,-1.5727887153625488
1677531340.007873,-0.11720931529998779,0.07448002696037292,-1.5743218660354614
1677531340.0523553,-0.11706843227148056,0.07437478005886078,-1.5736907720565796
1677531340.1015406,-0.11661171168088913,0.07472598552703857,-1.5725306272506714
1677531340.147576,-0.11415228992700577,0.07418239116668701,-1.554274320602417
1677531340.1943111,-0.11257819086313248,0.07437419891357422,-1.5525376796722412
1677531340.2384562,-0.11179178208112717,0.07515367865562439,-1.5528616905212402
1677531340.2856343,-0.11085662245750427,0.07541819661855698,-1.551045536994934
1677531340.3308568,-0.10998018831014633,0.07454640418291092,-1.5432593822479248
1677531340.3780036,-0.10934782773256302,0.0738828107714653,-1.5379266738891602
1677531340.4220662,-0.11033029109239578,0.0735933780670166,-1.5449978113174438
1677531340.4678235,-0.11159592121839523,0.0739932507276535,-1.5518766641616821
1677531340.5156476,-0.11319693177938461,0.0746629610657692,-1.557600736618042
1677531340.5623488,-0.1142527237534523,0.0756879597902298,-1.5628620386123657
1677531340.6069314,-0.11485667526721954,0.07590661942958832,-1.5670220851898193
1677531340.6521862,-0.11659635603427887,0.07614986598491669,-1.5764797925949097
1677531340.697397,-0.11728142946958542,0.07609786093235016,-1.5795810222625732
1677531340.742202,-0.11764088273048401,0.0752524584531784,-1.5772039890289307
1677531340.7875488,-0.11756327748298645,0.07459849864244461,-1.5721731185913086
1677531340.8319886,-0.11750779300928116,0.07453490048646927,-1.5725302696228027
1677531340.8810291,-0.11758048832416534,0.07438091188669205,-1.5679839849472046
1677531340.928236,-0.11632785946130753,0.07441368699073792,-1.5606874227523804
1677531340.9749608,-0.11479514837265015,0.07422474026679993,-1.5545629262924194
1677531341.0223036,-0.1143897995352745,0.07426581531763077,-1.555342674255371
1677531341.0675387,-0.11428642272949219,0.07378186285495758,-1.5558078289031982
1677531341.1140397,-0.11401636153459549,0.07335102558135986,-1.5552053451538086
1677531341.158675,-0.11307136714458466,0.07319603860378265,-1.5527551174163818
1677531341.2044315,-0.11201325803995132,0.07289157062768936,-1.5465846061706543
1677531341.2514002,-0.1098511591553688,0.07274465262889862,-1.5388191938400269
1677531341.296957,-0.10960085690021515,0.0730845108628273,-1.5403393507003784
1677531341.3429785,-0.10977399349212646,0.07342366129159927,-1.5429118871688843
1677531341.3899624,-0.1118105873465538,0.07470037043094635,-1.556626319885254
1677531341.4373255,-0.11297617107629776,0.07519176602363586,-1.5615432262420654
1677531341.4854655,-0.11346998065710068,0.07487628608942032,-1.5588206052780151
1677531341.5337918,-0.11385877430438995,0.07475254684686661,-1.5576579570770264
1677531341.5784805,-0.113119937479496,0.07474914193153381,-1.551673412322998
1677531341.6253378,-0.11208637058734894,0.07454140484333038,-1.5481610298156738
1677531341.669746,-0.11149894446134567,0.07448887079954147,-1.5528558492660522
1677531341.7156806,-0.11128479987382889,0.07445807009935379,-1.5551661252975464
1677531341.762266,-0.11150342971086502,0.07365735620260239,-1.5518395900726318
1677531341.8092833,-0.11187650263309479,0.07392968982458115,-1.557250738143921
1677531341.8538425,-0.11322855949401855,0.07443975657224655,-1.5625685453414917
1677531341.8990633,-0.11383280903100967,0.07508505880832672,-1.5628209114074707
1677531341.945416,-0.114170603454113,0.07558585703372955,-1.561673641204834
1677531341.992513,-0.11533847451210022,0.07669612020254135,-1.569649577140808
1677531342.038215,-0.11563920229673386,0.07742490619421005,-1.5765960216522217
1677531342.0840282,-0.11596904695034027,0.07778165489435196,-1.582770824432373
1677531342.129881,-0.11643234640359879,0.07829049974679947,-1.5908397436141968
1677531342.1766875,-0.11606384068727493,0.07874166965484619,-1.5941921472549438
1677531342.222843,-0.11600012332201004,0.07839800417423248,-1.5866045951843262
1677531342.2673986,-0.11558081954717636,0.07778194546699524,-1.5779708623886108
1677531342.3139067,-0.11514294892549515,0.07742120325565338,-1.5717288255691528
1677531342.3586893,-0.11565186828374863,0.07732094824314117,-1.577277660369873
1677531342.4059212,-0.11594871431589127,0.07624885439872742,-1.576125979423523
1677531342.450542,-0.11639714241027832,0.07605737447738647,-1.577194094657898
1677531342.4965901,-0.11632757633924484,0.07554736733436584,-1.5753402709960938
1677531342.5433247,-0.1159568503499031,0.07560450583696365,-1.5772544145584106
1677531342.587102,-0.1155230924487114,0.0751715824007988,-1.5731443166732788
1677531342.6324277,-0.11451946198940277,0.0761759951710701,-1.5771195888519287
1677531342.6782618,-0.11382169276475906,0.07631246745586395,-1.5768591165542603
1677531342.7231965,-0.1134050190448761,0.07681085914373398,-1.5820561647415161
1677531342.7698824,-0.11358431726694107,0.07704538851976395,-1.5848822593688965
1677531342.8165896,-0.11363587528467178,0.07755572348833084,-1.5871480703353882
1677531342.861503,-0.11285055428743362,0.07644665241241455,-1.5899311304092407
1677531342.905753,-0.11217834055423737,0.07536303251981735,-1.5874468088150024
1677531342.9502149,-0.11144261062145233,0.07496759295463562,-1.5869423151016235
1677531342.9952226,-0.10924320667982101,0.07371288537979126,-1.5740731954574585
1677531343.041764,-0.10812181234359741,0.07421772927045822,-1.5702637434005737
1677531343.0884666,-0.10771007090806961,0.07541607320308685,-1.569139838218689
1677531343.1358163,-0.10872578620910645,0.07653013616800308,-1.5729860067367554
1677531343.1837275,-0.10969027131795883,0.07710972428321838,-1.5770817995071411
1677531343.228439,-0.1104457750916481,0.076698899269104,-1.577972412109375
1677531343.2740376,-0.1111287996172905,0.07616496831178665,-1.5786404609680176
1677531343.3192875,-0.11133382469415665,0.0764312595129013,-1.579270362854004
1677531343.3636808,-0.1119130402803421,0.0764504000544548,-1.5811917781829834
1677531343.4091878,-0.11175442487001419,0.07670149207115173,-1.5792115926742554
1677531343.455411,-0.11158645898103714,0.07721693068742752,-1.5787396430969238
1677531343.500403,-0.11183147132396698,0.07728523015975952,-1.5806992053985596
1677531343.548571,-0.1119670420885086,0.07689979672431946,-1.5805492401123047
1677531343.5964363,-0.11192498356103897,0.07637172937393188,-1.5761618614196777
1677531343.6418717,-0.111099474132061,0.07606230676174164,-1.5679370164871216
1677531343.6861541,-0.11093689501285553,0.07617569714784622,-1.56795334815979
1677531343.7307,-0.11119523644447327,0.07574735581874847,-1.567086935043335
1677531343.777218,-0.11126286536455154,0.07543188333511353,-1.5691698789596558
1677531343.8212037,-0.11114754527807236,0.0754522830247879,-1.5684144496917725
1677531343.8660603,-0.1114049181342125,0.07554683089256287,-1.5740795135498047
1677531343.911828,-0.11163097620010376,0.07591528445482254,-1.5771013498306274
1677531343.9571648,-0.11170871555805206,0.07627912610769272,-1.5781073570251465
1677531344.0034256,-0.11171586811542511,0.07712651044130325,-1.5826553106307983
1677531344.0506456,-0.11158912628889084,0.07765025645494461,-1.5849021673202515
1677531344.09688,-0.10995478183031082,0.07721012830734253,-1.584878921508789
1677531344.1432462,-0.10888006538152695,0.07672020047903061,-1.583219289779663
1677531344.1904607,-0.1084793359041214,0.07645697146654129,-1.578951358795166
1677531344.236043,-0.10873476415872574,0.07627097517251968,-1.5772125720977783
1677531344.2819924,-0.10917410254478455,0.0757247656583786,-1.5719317197799683
1677531344.329261,-0.10958383232355118,0.07637207210063934,-1.5728482007980347
1677531344.3740308,-0.10993447154760361,0.07677073776721954,-1.5764187574386597
1677531344.4187038,-0.11038674414157867,0.07674812525510788,-1.577999472618103
1677531344.464089,-0.11082994937896729,0.07694156467914581,-1.5824018716812134
1677531344.5124857,-0.11088492721319199,0.07711710035800934,-1.5851982831954956
1677531344.5576143,-0.11084683984518051,0.07722310721874237,-1.583893060684204
1677531344.6019192,-0.10923135280609131,0.07788600772619247,-1.5851091146469116
1677531344.6496205,-0.1084003895521164,0.07780268788337708,-1.5821701288223267
1677531344.6961796,-0.10789679735898972,0.07782959938049316,-1.5825754404067993
1677531344.7421448,-0.10841243714094162,0.07692433893680573,-1.5772277116775513
1677531344.7874904,-0.10881977528333664,0.07589363306760788,-1.5696561336517334
1677531344.8342674,-0.10904063284397125,0.07479853928089142,-1.560369610786438
1677531344.88205,-0.10920567810535431,0.07455287128686905,-1.5583940744400024
1677531344.9325185,-0.10916838049888611,0.07483625411987305,-1.5599420070648193
1677531344.9812188,-0.10909173637628555,0.07526383548974991,-1.5634384155273438
1677531345.0307062,-0.10915998369455338,0.07594795525074005,-1.5694985389709473
1677531345.079043,-0.10887148231267929,0.07635059207677841,-1.568568468093872
1677531345.1274598,-0.10833274573087692,0.07616551965475082,-1.573665976524353
1677531345.1728134,-0.10924488306045532,0.07745738327503204,-1.5860586166381836
1677531345.2200766,-0.11013121157884598,0.07844990491867065,-1.5898523330688477
1677531345.2656775,-0.11042152345180511,0.07863819599151611,-1.5924869775772095
1677531345.3128777,-0.11059358716011047,0.07830138504505157,-1.5901436805725098
1677531345.3572764,-0.11090805381536484,0.07800935953855515,-1.5887737274169922
1677531345.4040651,-0.11174922436475754,0.07763300091028214,-1.587917685508728
1677531345.4496088,-0.11255806684494019,0.07792501151561737,-1.5947850942611694
1677531345.496035,-0.11280672252178192,0.078220896422863,-1.5983664989471436
1677531345.541677,-0.11227616667747498,0.07772799581289291,-1.5926698446273804
1677531345.5868003,-0.11136957257986069,0.07796406745910645,-1.5891798734664917
1677531345.6350484,-0.10996394604444504,0.07719458639621735,-1.5784229040145874
1677531345.6811502,-0.10961063206195831,0.07646491378545761,-1.5736356973648071
1677531345.728493,-0.10977169871330261,0.07641303539276123,-1.574475646018982
1677531345.772878,-0.10976511240005493,0.07708211988210678,-1.5803165435791016
1677531345.8186774,-0.10956864058971405,0.07610797882080078,-1.57659113407135
1677531345.8645937,-0.1102999597787857,0.07589821517467499,-1.577601671218872
1677531345.9113767,-0.11061669141054153,0.0759417787194252,-1.586066722869873
1677531345.9581268,-0.1111452728509903,0.07655540853738785,-1.5941938161849976
1677531346.0037837,-0.11175039410591125,0.07733660936355591,-1.6054692268371582
1677531346.049738,-0.1121383085846901,0.07774975150823593,-1.6083464622497559
1677531346.09607,-0.112552709877491,0.07823706418275833,-1.611876130104065
1677531346.1403286,-0.11238007992506027,0.07812923192977905,-1.6155884265899658
1677531346.186752,-0.11229062080383301,0.07790689170360565,-1.6125692129135132
1677531346.233263,-0.11223291605710983,0.07824324071407318,-1.612783670425415
1677531346.277713,-0.11213384568691254,0.07816936075687408,-1.6151435375213623
1677531346.3236768,-0.11220884323120117,0.07778266817331314,-1.6091554164886475
1677531346.3696961,-0.11113467067480087,0.07679062336683273,-1.5960633754730225
1677531346.4136553,-0.11089812219142914,0.07588817179203033,-1.5868117809295654
1677531346.4601192,-0.11046550422906876,0.07520610094070435,-1.5805740356445312
1677531346.5047493,-0.10981098562479019,0.07500777393579483,-1.575879693031311
1677531346.5507991,-0.10930918157100677,0.07519446313381195,-1.5723965167999268
1677531346.5976765,-0.10882280021905899,0.07554679363965988,-1.5734018087387085
1677531346.643157,-0.10784796625375748,0.0762341320514679,-1.5797792673110962
1677531346.691418,-0.10766484588384628,0.07660005986690521,-1.5834871530532837
1677531346.7372973,-0.1078796461224556,0.07716269046068192,-1.5886582136154175
1677531346.7845237,-0.1087745800614357,0.07735847681760788,-1.5896177291870117
1677531346.833148,-0.10962849855422974,0.07766154408454895,-1.5927592515945435
1677531346.879449,-0.11023294180631638,0.07722306251525879,-1.5940130949020386
1677531346.9245358,-0.11027020961046219,0.07697557657957077,-1.5950684547424316
1677531346.9708793,-0.10990631580352783,0.0771556943655014,-1.598036766052246
1677531347.0185854,-0.10958386212587357,0.07767020910978317,-1.601591944694519
1677531347.066839,-0.10949742048978806,0.0776766687631607,-1.6062591075897217
1677531347.112721,-0.11017654091119766,0.0773983895778656,-1.6185593605041504
1677531347.1579108,-0.11051873117685318,0.07717937231063843,-1.627111792564392
1677531347.205016,-0.1105860099196434,0.07684998214244843,-1.6298729181289673
1677531347.2509181,-0.11110292375087738,0.0761232078075409,-1.6276108026504517
1677531347.2963986,-0.11169003695249557,0.07559460401535034,-1.6248981952667236
1677531347.344242,-0.11215153336524963,0.07506079971790314,-1.624272108078003
1677531347.389056,-0.11207368224859238,0.07460449635982513,-1.6225674152374268
1677531347.4346552,-0.11196305602788925,0.07500086724758148,-1.6229783296585083
1677531347.481553,-0.1126067042350769,0.07487356662750244,-1.609763264656067
1677531347.527892,-0.1134742870926857,0.07442944496870041,-1.5986727476119995
1677531347.5739675,-0.11612590402364731,0.07432135194540024,-1.5847761631011963
1677531347.6181934,-0.11742489039897919,0.07449126243591309,-1.5759276151657104
1677531347.6634407,-0.11833859235048294,0.07519064843654633,-1.567368507385254
1677531347.7115293,-0.12708456814289093,0.07149644941091537,-1.5771484375
1677531347.7609801,-0.14251796901226044,0.06323005259037018,-1.5776067972183228
1677531347.8082366,-0.1849631816148758,0.056094661355018616,-1.5777003765106201
1677531347.8547072,-0.2148246467113495,0.06238223612308502,-1.584557294845581
1677531347.9017925,-0.2408462017774582,0.07355649024248123,-1.5870327949523926
1677531347.9476848,-0.27842238545417786,0.09030991792678833,-1.5524786710739136
1677531347.9930785,-0.2940133810043335,0.09099670499563217,-1.5509731769561768
1677531348.040096,-0.30753007531166077,0.08972135931253433,-1.5495041608810425
1677531348.0868342,-0.33332517743110657,0.051624804735183716,-1.4704762697219849
1677531348.1343322,-0.334509938955307,0.0526714026927948,-1.4236880540847778
1677531348.182504,-0.3625437319278717,0.08429740369319916,-1.406559705734253
1677531348.2284307,-0.37177035212516785,0.08561235666275024,-1.4070281982421875
1677531348.273784,-0.37621280550956726,0.0831700786948204,-1.4020586013793945
1677531348.3207474,-0.38165992498397827,0.0770721286535263,-1.3943604230880737
1677531348.3669786,-0.36684077978134155,0.06813576817512512,-1.377363920211792
1677531348.4137058,-0.3524003326892853,0.06797554343938828,-1.3672515153884888
1677531348.4604266,-0.34219327569007874,0.06036340445280075,-1.3625353574752808
1677531348.5075376,-0.33579474687576294,0.053044743835926056,-1.3595969676971436
1677531348.5542395,-0.32982826232910156,0.050406262278556824,-1.3616310358047485
1677531348.600644,-0.32967621088027954,0.04476091265678406,-1.3606221675872803
1677531348.644831,-0.32924744486808777,0.044311948120594025,-1.3570693731307983
1677531348.6903138,-0.3316360116004944,0.045121870934963226,-1.3569433689117432
1677531348.738816,-0.33484768867492676,0.048716261982917786,-1.3582770824432373
1677531348.7847972,-0.35922476649284363,0.06338437646627426,-1.391992211341858
1677531348.8314574,-0.37050846219062805,0.07803951948881149,-1.4126695394515991
1677531348.8784707,-0.42731717228889465,0.10605479776859283,-1.51614248752594
1677531348.9257197,-0.44465571641921997,0.13762974739074707,-1.5859543085098267
1677531348.9716144,-0.4450291097164154,0.17184072732925415,-1.6412767171859741
1677531349.0156436,-0.42384693026542664,0.2338256984949112,-1.676194190979004
1677531349.0600188,-0.4105026423931122,0.2625488042831421,-1.6634407043457031
1677531349.1052551,-0.39556851983070374,0.28698664903640747,-1.642111897468567
1677531349.153212,-0.35385674238204956,0.3226972222328186,-1.5737903118133545
1677531349.2013698,-0.3332497775554657,0.32399189472198486,-1.5286414623260498
1677531349.2461317,-0.2956092953681946,0.323733925819397,-1.4726351499557495
1677531349.2903976,-0.2841312289237976,0.3211427330970764,-1.4547207355499268
1677531349.3361537,-0.2747582495212555,0.320634663105011,-1.4427647590637207
1677531349.3825138,-0.25905779004096985,0.3234354853630066,-1.4295109510421753
1677531349.4282165,-0.2600773572921753,0.32711759209632874,-1.4360086917877197
1677531349.4744084,-0.2605723440647125,0.3298400640487671,-1.4409852027893066
1677531349.5204487,-0.2581236958503723,0.33274516463279724,-1.442627191543579
1677531349.5666878,-0.2611531913280487,0.3321584463119507,-1.4459537267684937
1677531349.6137733,-0.25913867354393005,0.33140796422958374,-1.445160150527954
1677531349.6581488,-0.25892338156700134,0.33053499460220337,-1.4464536905288696
1677531349.7047875,-0.2562347650527954,0.3300550580024719,-1.4404377937316895
1677531349.7508867,-0.24701660871505737,0.33081549406051636,-1.433862328529358
1677531349.79739,-0.2396802306175232,0.33074334263801575,-1.4302867650985718
1677531349.843353,-0.23022030293941498,0.32939863204956055,-1.4235186576843262
1677531349.8873408,-0.20970354974269867,0.3263784348964691,-1.4084569215774536
1677531349.9351482,-0.1954571008682251,0.32354214787483215,-1.4009580612182617
1677531349.9818444,-0.1687876582145691,0.3224151134490967,-1.388046383857727
1677531350.028744,-0.14891429245471954,0.3203018307685852,-1.3810899257659912
1677531350.0750394,-0.12816479802131653,0.31782203912734985,-1.3795661926269531
1677531350.1207016,-0.08894313871860504,0.3189818859100342,-1.3907824754714966
1677531350.1658854,-0.07051529735326767,0.32397064566612244,-1.3958741426467896
1677531350.2135363,-0.053781695663928986,0.3253893256187439,-1.3983523845672607
1677531350.261388,-0.021948792040348053,0.31926846504211426,-1.384883999824524
1677531350.3084214,-0.006137549877166748,0.3147364556789398,-1.3720059394836426
1677531350.3555882,0.03516749292612076,0.30907636880874634,-1.3642092943191528
1677531350.4024265,0.05506526306271553,0.3068522810935974,-1.3626850843429565
1677531350.450247,0.09076433628797531,0.3030713200569153,-1.3705623149871826
1677531350.4952567,0.10714153945446014,0.30288660526275635,-1.3799415826797485
1677531350.5435436,0.12180489301681519,0.30084216594696045,-1.3800125122070312
1677531350.5915546,0.14842474460601807,0.2930518388748169,-1.3860856294631958
1677531350.6354249,0.15887847542762756,0.2897412180900574,-1.3899993896484375
1677531350.6796238,0.16653476655483246,0.28719812631607056,-1.3907877206802368
1677531350.7240877,0.1847565770149231,0.29917752742767334,-1.4560890197753906
1677531350.7701917,0.18799525499343872,0.3018362522125244,-1.476464867591858
1677531350.818207,0.1883344054222107,0.2988961935043335,-1.4566380977630615
1677531350.864956,0.18480344116687775,0.2973557114601135,-1.431117057800293
1677531350.9121366,0.18227575719356537,0.2958723306655884,-1.4148175716400146
1677531350.9597208,0.18117786943912506,0.29288578033447266,-1.400691270828247
1677531351.0051725,0.18086977303028107,0.29053938388824463,-1.3986769914627075
1677531351.0500038,0.18183857202529907,0.285806804895401,-1.3938320875167847
1677531351.0957527,0.18432921171188354,0.27004069089889526,-1.379874348640442
1677531351.1441636,0.18665510416030884,0.2581534683704376,-1.3713159561157227
1677531351.190861,0.18949446082115173,0.2295415997505188,-1.3650251626968384
1677531351.2349074,0.19004322588443756,0.21047835052013397,-1.3643337488174438
1677531351.279684,0.20042939484119415,0.19527018070220947,-1.3854069709777832
1677531351.32866,0.22024761140346527,0.16333280503749847,-1.4290262460708618
1677531351.374123,0.22819514572620392,0.1423080861568451,-1.454753041267395
1677531351.4218946,0.24459980428218842,0.10352776199579239,-1.525537133216858
1677531351.4664245,0.24725252389907837,0.08137337118387222,-1.5496925115585327
1677531351.512523,0.2483671009540558,0.06158086657524109,-1.5697288513183594
1677531351.560872,0.247595876455307,0.0334298312664032,-1.6190935373306274
1677531351.6088428,0.24584728479385376,0.020602017641067505,-1.6488584280014038
1677531351.653693,0.24361130595207214,0.012201771140098572,-1.6818128824234009
1677531351.6991618,0.24087810516357422,-0.000935479998588562,-1.6709272861480713
1677531351.7452781,0.24224475026130676,-0.007918432354927063,-1.6449649333953857
1677531351.7903025,0.24487526714801788,-0.01303631067276001,-1.631913423538208
1677531351.837573,0.24692226946353912,-0.012905240058898926,-1.620400071144104
1677531351.8851216,0.2477819174528122,-0.012492462992668152,-1.607617735862732
1677531351.9301662,0.24822545051574707,-0.01129227876663208,-1.6034132242202759
1677531351.9795663,0.2482345998287201,-0.009136423468589783,-1.6012260913848877
1677531352.026415,0.2472083419561386,-0.007633477449417114,-1.5946614742279053
1677531352.0701387,0.24632366001605988,-0.007367044687271118,-1.586061954498291
1677531352.117038,0.24559332430362701,-0.00769515335559845,-1.5821958780288696
1677531352.1624503,0.23887395858764648,-0.010682672262191772,-1.5750465393066406
1677531352.2093296,0.23205579817295074,-0.014015525579452515,-1.576168417930603
1677531352.256481,0.20190294086933136,-0.03366020321846008,-1.6461906433105469
1677531352.3054452,0.17500825226306915,-0.03363537788391113,-1.6846736669540405
1677531352.3518896,0.14662253856658936,-0.02704918384552002,-1.7111304998397827
1677531352.398147,0.08868258446455002,-0.03006845712661743,-1.7791860103607178
1677531352.446763,0.03675224632024765,-0.016034826636314392,-1.835074543952942
1677531352.4922752,-0.04969678074121475,0.04149511456489563,-1.9045428037643433
1677531352.539698,-0.09753567725419998,0.07539437711238861,-1.9201821088790894
1677531352.5847487,-0.1340244710445404,0.10270354151725769,-1.9073256254196167
1677531352.631579,-0.18166466057300568,0.13290052115917206,-1.8473036289215088
1677531352.680899,-0.2029898315668106,0.11842112243175507,-1.8307572603225708
1677531352.7270372,-0.24894967675209045,0.1094764769077301,-1.8107162714004517
1677531352.775359,-0.28218743205070496,0.07739819586277008,-1.7743700742721558
1677531352.8226538,-0.3058417737483978,0.0548059344291687,-1.7416632175445557
1677531352.869137,-0.33489957451820374,0.03555604815483093,-1.6940909624099731
1677531352.9158337,-0.341500461101532,0.024527698755264282,-1.6807435750961304
1677531352.962399,-0.3488050699234009,0.014139726758003235,-1.654614806175232
1677531353.007246,-0.344357967376709,0.010620161890983582,-1.6765758991241455
1677531353.0553865,-0.3417806625366211,0.006667718291282654,-1.680930733680725
1677531353.1024292,-0.33938074111938477,0.0025419145822525024,-1.6756548881530762
1677531353.1496422,-0.3340637683868408,0.0014660358428955078,-1.6797727346420288
1677531353.1942127,-0.3293539881706238,0.0027627944946289062,-1.6922872066497803
1677531353.2420077,-0.3247407376766205,0.005584985017776489,-1.6993764638900757
1677531353.2908947,-0.32130715250968933,0.008403509855270386,-1.7043460607528687
1677531353.3373458,-0.31457412242889404,0.013241291046142578,-1.708191990852356
1677531353.383139,-0.31125888228416443,0.01702064275741577,-1.7093801498413086
1677531353.427992,-0.3044622540473938,0.020490139722824097,-1.711045742034912
1677531353.4730957,-0.30539408326148987,0.020704537630081177,-1.707290530204773
1677531353.5176048,-0.30577588081359863,0.02181120216846466,-1.7070353031158447
1677531353.5653234,-0.3049798011779785,0.022152066230773926,-1.6936330795288086
1677531353.6106472,-0.305359423160553,0.02065451443195343,-1.6848037242889404
1677531353.654526,-0.3059724271297455,0.01961822807788849,-1.6800978183746338
1677531353.699101,-0.3046211898326874,0.0187075138092041,-1.673387050628662
1677531353.7463903,-0.30582383275032043,0.01823851466178894,-1.6727259159088135
1677531353.7921486,-0.30761194229125977,0.017725571990013123,-1.6720409393310547
1677531353.8377705,-0.311117559671402,0.016415119171142578,-1.666419506072998
1677531353.8851628,-0.3136618435382843,0.015546739101409912,-1.6634029150009155
1677531353.9323447,-0.31529077887535095,0.0187063068151474,-1.6754047870635986
1677531353.9793446,-0.315090149641037,0.020763680338859558,-1.6851104497909546
1677531354.023504,-0.3153489828109741,0.022147446870803833,-1.6914737224578857
1677531354.0690823,-0.3154676556587219,0.024867191910743713,-1.699789047241211
1677531354.1166437,-0.3142193555831909,0.02470262348651886,-1.7005412578582764
1677531354.166497,-0.3156261742115021,0.02118435502052307,-1.6855577230453491
1677531354.2147017,-0.3136132061481476,0.02055191993713379,-1.6861577033996582
1677531354.2635431,-0.31316250562667847,0.019246384501457214,-1.682478666305542
1677531354.310606,-0.3135836720466614,0.019322469830513,-1.677997350692749
1677531354.3570788,-0.31299516558647156,0.01981484889984131,-1.6812388896942139
1677531354.40154,-0.3107108771800995,0.021960794925689697,-1.6905978918075562
1677531354.4470708,-0.3094620704650879,0.022712156176567078,-1.6970276832580566
1677531354.492971,-0.3082345724105835,0.0236644446849823,-1.7014816999435425
1677531354.538136,-0.3042283356189728,0.023562654852867126,-1.704059362411499
1677531354.58336,-0.30474981665611267,0.021798864006996155,-1.7003405094146729
1677531354.6292436,-0.30573639273643494,0.020617365837097168,-1.7002969980239868
1677531354.6761935,-0.30460280179977417,0.023809358477592468,-1.7044767141342163
1677531354.721811,-0.30148065090179443,0.029679283499717712,-1.7076318264007568
1677531354.7687006,-0.2902756333351135,0.05416332185268402,-1.7848109006881714
1677531354.815982,-0.27400317788124084,0.07575654983520508,-1.8340364694595337
1677531354.8609545,-0.25762617588043213,0.09435573220252991,-1.8631489276885986
1677531354.9076414,-0.22839708626270294,0.13017791509628296,-1.8724535703659058
1677531354.9542818,-0.2046072781085968,0.14960145950317383,-1.8798164129257202
1677531355.0005994,-0.1595359444618225,0.19597238302230835,-1.893157720565796
1677531355.0478518,-0.13217009603977203,0.22852279245853424,-1.8974236249923706
1677531355.0944068,-0.1026613712310791,0.2633509337902069,-1.894800066947937
1677531355.1398559,-0.029773874208331108,0.3194367289543152,-1.7158269882202148
1677531355.185816,-0.01650199294090271,0.30430397391319275,-1.572831392288208
1677531355.2336447,0.005390386562794447,0.28684207797050476,-1.4485772848129272
1677531355.2796671,0.021215755492448807,0.28777581453323364,-1.4013973474502563
1677531355.3268661,0.036349106580019,0.2847827076911926,-1.365412950515747
1677531355.3716104,0.05890895053744316,0.2723117470741272,-1.3195961713790894
1677531355.4166293,0.06049055606126785,0.280280739068985,-1.3239362239837646
1677531355.4618812,0.05908280983567238,0.2856132984161377,-1.3252968788146973
1677531355.506927,0.057224154472351074,0.28533774614334106,-1.3287307024002075
1677531355.5517488,0.05281520262360573,0.29640090465545654,-1.3392436504364014
1677531355.596687,0.04986247047781944,0.3056325912475586,-1.3504586219787598
1677531355.6429904,0.046487122774124146,0.31233930587768555,-1.3626505136489868
1677531355.6905105,0.044600971043109894,0.3191570043563843,-1.3733965158462524
1677531355.735723,0.041894808411598206,0.3239351511001587,-1.381184697151184
1677531355.7791564,0.040610551834106445,0.3265365958213806,-1.3851991891860962
1677531355.8261156,0.03989878669381142,0.32794976234436035,-1.3855476379394531
1677531355.8722901,0.0412110760807991,0.3283088505268097,-1.38655686378479
1677531355.917315,0.043860189616680145,0.32703831791877747,-1.3850610256195068
1677531355.963643,0.04661713168025017,0.32465797662734985,-1.3841254711151123
1677531356.0101824,0.05715243145823479,0.3143748641014099,-1.379543423652649
1677531356.0570714,0.06800485402345657,0.3053770661354065,-1.37079656124115
1677531356.1032336,0.09259912371635437,0.28680676221847534,-1.3613511323928833
1677531356.1485543,0.11036547273397446,0.26938775181770325,-1.3523366451263428
1677531356.193508,0.1260296255350113,0.25148695707321167,-1.3385143280029297
1677531356.2385967,0.15512727200984955,0.21671196818351746,-1.3510068655014038
1677531356.2862809,0.17210452258586884,0.19457870721817017,-1.3644291162490845
1677531356.333864,0.1958703100681305,0.17741307616233826,-1.3983269929885864
1677531356.3816447,0.23328272998332977,0.1421782672405243,-1.4686968326568604
1677531356.4324472,0.25094419717788696,0.12323147803544998,-1.5157742500305176
1677531356.4786615,0.26979100704193115,0.08988281339406967,-1.5958454608917236
1677531356.5258641,0.2661432921886444,0.07634997367858887,-1.6321042776107788
1677531356.5701501,0.2615309953689575,0.06770025193691254,-1.6514419317245483
1677531356.6161242,0.2629856765270233,0.021762296557426453,-1.6749058961868286
1677531356.6649544,0.2705652713775635,0.010399103164672852,-1.6583157777786255
1677531356.7109964,0.2747949957847595,0.008495628833770752,-1.6359829902648926
1677531356.758657,0.2796497046947479,0.023018300533294678,-1.6069462299346924
1677531356.8058364,0.28243088722229004,0.04303351044654846,-1.5814837217330933
1677531356.8509598,0.2846345901489258,0.05023178458213806,-1.5744259357452393
1677531356.894943,0.2861100733280182,0.054021090269088745,-1.5766085386276245
1677531356.9406571,0.28740745782852173,0.05864761769771576,-1.5613096952438354
1677531356.9873157,0.2878374755382538,0.057659074664115906,-1.5588074922561646
1677531357.0334666,0.2869512736797333,0.057223886251449585,-1.560550570487976
1677531357.077666,0.2860225439071655,0.058019280433654785,-1.5770267248153687
1677531357.1223488,0.2850881814956665,0.05592721700668335,-1.5818672180175781
1677531357.1668937,0.2841733694076538,0.054262980818748474,-1.5851629972457886
1677531357.211452,0.2790430784225464,0.05060076713562012,-1.5903526544570923
1677531357.2580786,0.2754380702972412,0.04706698656082153,-1.6062036752700806
1677531357.3046021,0.27158358693122864,0.0412563681602478,-1.632157325744629
1677531357.3515756,0.2516138255596161,0.03031066060066223,-1.6462323665618896
1677531357.397854,0.23827752470970154,0.02230885624885559,-1.6462180614471436
1677531357.4478652,0.18876628577709198,-0.011408373713493347,-1.702148675918579
1677531357.4970968,0.14671632647514343,-0.016436994075775146,-1.7437175512313843
1677531357.5427577,0.05215684324502945,-0.002718791365623474,-1.8229799270629883
1677531357.5876892,-0.012210799381136894,0.03014644980430603,-1.8625781536102295
1677531357.6330554,-0.06848090887069702,0.0654042512178421,-1.8706623315811157
1677531357.680764,-0.15876100957393646,0.12277169525623322,-1.8637290000915527
1677531357.7263212,-0.1957617700099945,0.11985008418560028,-1.8634008169174194
1677531357.7739625,-0.22719094157218933,0.11581055819988251,-1.8625236749649048
1677531357.8203318,-0.28141021728515625,0.1133495345711708,-1.8429632186889648
1677531357.867302,-0.29868677258491516,0.0910024642944336,-1.8382033109664917
1677531357.915341,-0.32979369163513184,0.06074340641498566,-1.783707857131958
1677531357.9649856,-0.3342321813106537,0.03594966232776642,-1.7482887506484985
1677531358.012107,-0.3370777368545532,0.013059839606285095,-1.703202486038208
1677531358.0601096,-0.32477280497550964,0.009356305003166199,-1.7353065013885498
1677531358.1084507,-0.31568196415901184,0.007764026522636414,-1.7639565467834473
1677531358.153589,-0.30903124809265137,0.006618663668632507,-1.794283390045166
1677531358.1999984,-0.30190137028694153,0.010180532932281494,-1.8067280054092407
1677531358.2460454,-0.29515987634658813,0.01439608633518219,-1.819837212562561
1677531358.2921429,-0.30023249983787537,0.009262964129447937,-1.787426471710205
1677531358.3381472,-0.2960778474807739,0.014126598834991455,-1.8000562191009521
1677531358.385835,-0.2980407178401947,0.009003430604934692,-1.767768383026123
1677531358.4339242,-0.2925409972667694,0.012659475207328796,-1.7747377157211304
1677531358.4810765,-0.2841412127017975,0.015429019927978516,-1.7689560651779175
1677531358.527145,-0.2867438495159149,0.013062432408332825,-1.7455315589904785
1677531358.574725,-0.2892795205116272,0.010980799794197083,-1.7255107164382935
1677531358.619411,-0.28995978832244873,0.009369343519210815,-1.7073695659637451
1677531358.6653683,-0.2912595868110657,0.00906255841255188,-1.7045183181762695
1677531358.7106962,-0.2865106761455536,0.016121208667755127,-1.737627625465393
1677531358.7564838,-0.28304463624954224,0.023996859788894653,-1.764295220375061
1677531358.8023708,-0.286744087934494,0.020939335227012634,-1.753943681716919
1677531358.8477309,-0.2922011911869049,0.016835972666740417,-1.7416094541549683
1677531358.8934917,-0.2955072522163391,0.011196896433830261,-1.7309024333953857
1677531358.9389005,-0.29763591289520264,0.0052790045738220215,-1.7212074995040894
1677531358.9857228,-0.30716705322265625,-0.005866110324859619,-1.7029649019241333
1677531359.0310493,-0.3145301640033722,-0.009468629956245422,-1.6880398988723755
1677531359.076278,-0.32328328490257263,-0.010663017630577087,-1.6721320152282715
1677531359.1218894,-0.29810860753059387,-0.08951540291309357,-1.4788917303085327
1677531359.1701822,-0.26306962966918945,-0.04138888418674469,-1.3738470077514648
1677531359.2162223,-0.2628987729549408,0.0661526620388031,-1.3310264348983765
1677531359.2619298,-0.28756800293922424,0.1027650386095047,-1.353774070739746
1677531359.307599,-0.31824207305908203,0.12818188965320587,-1.3934741020202637
1677531359.3543754,-0.38929855823516846,0.15420828759670258,-1.5176336765289307
1677531359.4001825,-0.4024509787559509,0.17657312750816345,-1.5725926160812378
1677531359.4447875,-0.39962488412857056,0.21033355593681335,-1.6071773767471313
1677531359.4890883,-0.3719562888145447,0.27894988656044006,-1.639870047569275
1677531359.5353122,-0.34480440616607666,0.31730589270591736,-1.614341139793396
1677531359.581402,-0.3140624165534973,0.3456215560436249,-1.5790212154388428
1677531359.6273048,-0.24847593903541565,0.37604889273643494,-1.515789270401001
1677531359.673655,-0.2138819843530655,0.3738221526145935,-1.4759929180145264
1677531359.7222087,-0.15328246355056763,0.37173718214035034,-1.4375576972961426
1677531359.7711117,-0.12955406308174133,0.37340235710144043,-1.4313913583755493
1677531359.8180244,-0.0807735025882721,0.3779680132865906,-1.423885703086853
1677531359.863935,-0.05954600125551224,0.383998841047287,-1.425645351409912
1677531359.910392,-0.036679722368717194,0.38705945014953613,-1.425284743309021
1677531359.9570796,0.011582219041883945,0.3769798278808594,-1.4113746881484985
1677531360.0041575,0.03306468203663826,0.3708042502403259,-1.396386981010437
1677531360.0515838,0.07729922980070114,0.3537154197692871,-1.3736708164215088
1677531360.099624,0.10273449122905731,0.345733106136322,-1.3759139776229858
1677531360.147909,0.12456247955560684,0.33815455436706543,-1.3766945600509644
1677531360.1954958,0.16675087809562683,0.3171650767326355,-1.379772663116455
1677531360.2418368,0.18471403419971466,0.30289289355278015,-1.3823163509368896
1677531360.2879093,0.21577228605747223,0.26679491996765137,-1.3921384811401367
1677531360.3332975,0.2255851924419403,0.24160242080688477,-1.3933359384536743
1677531360.3769782,0.23195135593414307,0.21652421355247498,-1.3917561769485474
1677531360.4230595,0.2545583248138428,0.17702265083789825,-1.4521247148513794
1677531360.470971,0.26249486207962036,0.15459603071212769,-1.488329291343689
1677531360.5180564,0.26673516631126404,0.1319405883550644,-1.5184897184371948
1677531360.5623062,0.26460936665534973,0.09046729654073715,-1.556409478187561
1677531360.6077023,0.2607251703739166,0.06697644293308258,-1.5714571475982666
1677531360.6526484,0.2497032731771469,0.028301432728767395,-1.6214628219604492
1677531360.7005503,0.24193809926509857,0.002552703022956848,-1.639893651008606
1677531360.745794,0.23245126008987427,-0.02513742446899414,-1.6452362537384033
1677531360.7939322,0.2032502293586731,-0.0791744589805603,-1.6280022859573364
1677531360.841029,0.17627982795238495,-0.11896419525146484,-1.5831248760223389
1677531360.8848655,0.1384652704000473,-0.15079110860824585,-1.5273001194000244
1677531360.9310622,0.05537897348403931,-0.17846527695655823,-1.4551700353622437
1677531360.980019,0.00552945863455534,-0.17035648226737976,-1.418495774269104
1677531361.028786,-0.07433361560106277,-0.15349988639354706,-1.3795278072357178
1677531361.0779934,-0.11018697917461395,-0.13231903314590454,-1.3708648681640625
1677531361.1250231,-0.17027975618839264,-0.09445403516292572,-1.3390417098999023
1677531361.1743205,-0.18560324609279633,-0.07644525170326233,-1.3243597745895386
1677531361.2211523,-0.21734170615673065,-0.03508724272251129,-1.3096752166748047
1677531361.2684522,-0.22128236293792725,-0.018250271677970886,-1.3084046840667725
1677531361.313463,-0.2265792191028595,-0.002207532525062561,-1.3090795278549194
1677531361.3611646,-0.241927370429039,0.03103455901145935,-1.3126749992370605
1677531361.4081028,-0.2393648475408554,0.04533890634775162,-1.3123605251312256
1677531361.452664,-0.23674441874027252,0.05909494310617447,-1.3100192546844482
1677531361.5000846,-0.24135121703147888,0.0855356976389885,-1.3040741682052612
1677531361.5448978,-0.2379036843776703,0.09574108570814133,-1.2943332195281982
1677531361.591747,-0.24731212854385376,0.1192801222205162,-1.314939022064209
1677531361.6382065,-0.25615665316581726,0.13707001507282257,-1.3284106254577637
1677531361.683311,-0.2645249366760254,0.15406166017055511,-1.3453423976898193
1677531361.729118,-0.27592018246650696,0.1802993267774582,-1.370425820350647
1677531361.775569,-0.27531781792640686,0.1871882826089859,-1.3743456602096558
1677531361.8198822,-0.2634684443473816,0.1847791075706482,-1.3586996793746948
1677531361.8674135,-0.2492871880531311,0.18027812242507935,-1.3391960859298706
1677531361.9153063,-0.23683783411979675,0.17081479728221893,-1.3248355388641357
1677531361.962097,-0.2265579104423523,0.1629830002784729,-1.3104403018951416
1677531362.0087707,-0.22944778203964233,0.16021785140037537,-1.322719931602478
1677531362.0541677,-0.23249050974845886,0.15859881043434143,-1.3348569869995117
1677531362.0992827,-0.23033787310123444,0.1538882851600647,-1.3445920944213867
1677531362.1452954,-0.2302539050579071,0.15118899941444397,-1.3507606983184814
1677531362.1925592,-0.22426128387451172,0.1440587192773819,-1.3518095016479492
1677531362.240437,-0.21966905891895294,0.13874569535255432,-1.3464092016220093
1677531362.2866826,-0.2198197990655899,0.13531394302845,-1.348620891571045
1677531362.335101,-0.21826449036598206,0.13096636533737183,-1.3539820909500122
1677531362.381504,-0.21246109902858734,0.12852627038955688,-1.342193841934204
1677531362.4265306,-0.20466020703315735,0.12542125582695007,-1.3216630220413208
1677531362.4727724,-0.20051486790180206,0.12534692883491516,-1.3121410608291626
1677531362.519161,-0.20365361869335175,0.1274518221616745,-1.3188927173614502
1677531362.5643635,-0.20233480632305145,0.12715907394886017,-1.32585608959198
1677531362.6115165,-0.20279239118099213,0.127165287733078,-1.3330774307250977
1677531362.6581056,-0.20269063115119934,0.1266721785068512,-1.3385915756225586
1677531362.7027116,-0.20233549177646637,0.12438983470201492,-1.34516179561615
1677531362.7491226,-0.20446807146072388,0.12422329187393188,-1.3489248752593994
1677531362.795278,-0.20795561373233795,0.12537169456481934,-1.348270297050476
1677531362.8430274,-0.21109843254089355,0.12652015686035156,-1.3490958213806152
1677531362.8888648,-0.21269206702709198,0.1270006000995636,-1.3516497611999512
1677531362.9358308,-0.21382594108581543,0.12775324285030365,-1.3573013544082642
1677531362.9816363,-0.20861320197582245,0.12593626976013184,-1.3518426418304443
1677531363.0290287,-0.2101743221282959,0.12592056393623352,-1.3523285388946533
1677531363.0728042,-0.21168622374534607,0.1255187690258026,-1.3507643938064575
1677531363.1174042,-0.21509352326393127,0.12604635953903198,-1.351442813873291
1677531363.1634657,-0.21561172604560852,0.12590569257736206,-1.3559831380844116
1677531363.209868,-0.21506288647651672,0.12578390538692474,-1.3583731651306152
1677531363.2559068,-0.21384598314762115,0.12497980892658234,-1.359588384628296
1677531363.3017693,-0.21256166696548462,0.12334904074668884,-1.3600472211837769
1677531363.3506522,-0.2100243717432022,0.12407862395048141,-1.354162335395813
1677531363.3977761,-0.20356251299381256,0.12309838831424713,-1.335276484489441
1677531363.4465332,-0.20474103093147278,0.12395927309989929,-1.3347750902175903
1677531363.4939597,-0.20670856535434723,0.12496042251586914,-1.3355145454406738
1677531363.539347,-0.2076650857925415,0.12648503482341766,-1.3343838453292847
1677531363.5857084,-0.20352427661418915,0.12546254694461823,-1.3278535604476929
1677531363.6317794,-0.20063190162181854,0.12633514404296875,-1.327943205833435
1677531363.68031,-0.1975044161081314,0.1255466639995575,-1.323638916015625
1677531363.7256556,-0.2003020942211151,0.1259392350912094,-1.328691005706787
1677531363.772191,-0.2131851464509964,0.12871134281158447,-1.3492286205291748
1677531363.8197744,-0.22104696929454803,0.12968294322490692,-1.359686255455017
1677531363.8662913,-0.22580116987228394,0.1291133612394333,-1.369357705116272
1677531363.9129465,-0.2265334576368332,0.1292717605829239,-1.3707306385040283
1677531363.958404,-0.22083929181098938,0.12744393944740295,-1.3600937128067017
1677531364.005395,-0.21414580941200256,0.12481987476348877,-1.3413041830062866
1677531364.052707,-0.20889540016651154,0.12351270020008087,-1.3283393383026123
1677531364.0996923,-0.20696771144866943,0.12324553728103638,-1.321236491203308
1677531364.1461928,-0.20763015747070312,0.12306970357894897,-1.3211604356765747
1677531364.1905227,-0.21432362496852875,0.12632876634597778,-1.3367468118667603
1677531364.2371972,-0.21373385190963745,0.12696129083633423,-1.3468148708343506
1677531364.2833536,-0.21360358595848083,0.12724031507968903,-1.3550384044647217
1677531364.3287327,-0.21439167857170105,0.12761032581329346,-1.3610488176345825
1677531364.374866,-0.21667267382144928,0.12800656259059906,-1.3693159818649292
1677531364.4212835,-0.21709749102592468,0.1268799901008606,-1.3627347946166992
1677531364.4664943,-0.21847635507583618,0.12605664134025574,-1.3645323514938354
1677531364.5142999,-0.22009040415287018,0.12647950649261475,-1.366499423980713
1677531364.559241,-0.2179209440946579,0.12627285718917847,-1.3621180057525635
1677531364.606253,-0.2135513722896576,0.12630011141300201,-1.3572814464569092
1677531364.65525,-0.21422314643859863,0.12801821529865265,-1.3568342924118042
1677531364.7032282,-0.21439498662948608,0.13004790246486664,-1.3560740947723389
1677531364.7505202,-0.20910587906837463,0.12844926118850708,-1.3449441194534302
1677531364.7968438,-0.21366867423057556,0.12689542770385742,-1.3397027254104614
1677531364.84296,-0.20734883844852448,0.12516088783740997,-1.3309193849563599
1677531364.8880394,-0.20242807269096375,0.1233237087726593,-1.3257664442062378
1677531364.9343145,-0.2075244039297104,0.1233220100402832,-1.3392521142959595
1677531364.9826024,-0.2134869396686554,0.12459792196750641,-1.350443959236145
1677531365.02995,-0.21832378208637238,0.12600663304328918,-1.359694004058838
1677531365.0769858,-0.2222450077533722,0.1260177195072174,-1.3644036054611206
1677531365.1229942,-0.2228870540857315,0.1265323907136917,-1.3651031255722046
1677531365.1687014,-0.22349010407924652,0.12789969146251678,-1.3604334592819214
1677531365.214007,-0.2222466915845871,0.1288556456565857,-1.3601018190383911
1677531365.2606237,-0.22124537825584412,0.12935803830623627,-1.3603365421295166
1677531365.3060322,-0.21700410544872284,0.12959103286266327,-1.3587567806243896
1677531365.3515856,-0.21683862805366516,0.12905193865299225,-1.3620915412902832
1677531365.3972046,-0.21770407259464264,0.12864838540554047,-1.3642933368682861
1677531365.442984,-0.21951591968536377,0.12729240953922272,-1.3662437200546265
1677531365.4874492,-0.22097298502922058,0.1268063187599182,-1.3703153133392334
1677531365.5339744,-0.22224074602127075,0.1262664645910263,-1.3734184503555298
1677531365.5800312,-0.223173588514328,0.12622632086277008,-1.3729872703552246
1677531365.6271944,-0.22363705933094025,0.12680578231811523,-1.3733292818069458
1677531365.6741602,-0.21860453486442566,0.12540119886398315,-1.359737753868103
1677531365.721385,-0.21812236309051514,0.125044047832489,-1.3596795797348022
1677531365.765524,-0.21649976074695587,0.12423151731491089,-1.356184720993042
1677531365.8132088,-0.2138977199792862,0.12368662655353546,-1.3575602769851685
1677531365.8611066,-0.21220576763153076,0.12390916049480438,-1.3591402769088745
1677531365.9083984,-0.20547975599765778,0.12200906872749329,-1.3542604446411133
1677531365.9544804,-0.20425385236740112,0.12226111441850662,-1.3564852476119995
1677531366.0002685,-0.2047065794467926,0.12360119819641113,-1.3571316003799438
1677531366.04597,-0.20494255423545837,0.1255691945552826,-1.3564934730529785
1677531366.0955596,-0.20407156646251678,0.12637215852737427,-1.3536399602890015
1677531366.1425495,-0.20426438748836517,0.12767727673053741,-1.35201895236969
1677531366.1899302,-0.2056531012058258,0.12820231914520264,-1.3529424667358398
1677531366.2351182,-0.20850259065628052,0.128760427236557,-1.3553379774093628
1677531366.283995,-0.20360735058784485,0.12641334533691406,-1.3393945693969727
1677531366.333523,-0.20046016573905945,0.1242038831114769,-1.332157015800476
1677531366.3781207,-0.20280452072620392,0.12496788799762726,-1.339015245437622
1677531366.4235225,-0.20477890968322754,0.12570101022720337,-1.3479318618774414
1677531366.467702,-0.20626701414585114,0.12602853775024414,-1.3539494276046753
1677531366.512196,-0.20708659291267395,0.12642182409763336,-1.3605960607528687
1677531366.5585654,-0.20490096509456635,0.12560299038887024,-1.3603092432022095
1677531366.602889,-0.19934242963790894,0.12358661741018295,-1.3504278659820557
1677531366.6495876,-0.1937573403120041,0.12205246835947037,-1.3368885517120361
1677531366.6968234,-0.19108255207538605,0.12014076113700867,-1.3276934623718262
1677531366.7446702,-0.19558726251125336,0.11926116049289703,-1.3360724449157715
1677531366.7912385,-0.19945400953292847,0.11903674155473709,-1.3434642553329468
1677531366.837721,-0.19677171111106873,0.11799897998571396,-1.3408926725387573
1677531366.8826783,-0.20112459361553192,0.11989393830299377,-1.3507226705551147
1677531366.9325027,-0.2040131688117981,0.1220807209610939,-1.3552175760269165
1677531366.9799995,-0.2060350477695465,0.12313015758991241,-1.3587512969970703
1677531367.025593,-0.20704486966133118,0.1234540268778801,-1.3604471683502197
1677531367.070872,-0.2007717341184616,0.12084139883518219,-1.3518569469451904
1677531367.1179202,-0.1962977945804596,0.12084539234638214,-1.3476234674453735
1677531367.1640568,-0.19751591980457306,0.1221356987953186,-1.3516813516616821
1677531367.209009,-0.20114843547344208,0.12413877248764038,-1.3563083410263062
1677531367.252758,-0.19915784895420074,0.12361092865467072,-1.350801944732666
1677531367.2981658,-0.19809825718402863,0.12295547127723694,-1.348942518234253
1677531367.3436964,-0.19629639387130737,0.12193208187818527,-1.3449151515960693
1677531367.387301,-0.19388000667095184,0.12032365798950195,-1.3406505584716797
1677531367.4325225,-0.19047676026821136,0.11892826855182648,-1.3322436809539795
1677531367.479744,-0.1882220208644867,0.11756080389022827,-1.3244725465774536
1677531367.525002,-0.18727301061153412,0.116713747382164,-1.3232457637786865
1677531367.57411,-0.18614566326141357,0.11542966216802597,-1.3190522193908691
1677531367.6187313,-0.18243779242038727,0.11252038180828094,-1.3078287839889526
1677531367.6640816,-0.17857807874679565,0.11049294471740723,-1.3017688989639282
1677531367.708771,-0.1751193404197693,0.10881552845239639,-1.29653000831604
1677531367.7526782,-0.1705082654953003,0.10624916851520538,-1.2948827743530273
1677531367.7998903,-0.16926661133766174,0.1067960262298584,-1.2952260971069336
1677531367.8473265,-0.17451968789100647,0.10907449573278427,-1.3137407302856445
1677531367.8945663,-0.17965124547481537,0.11199082434177399,-1.3274714946746826
1677531367.9392066,-0.1837315410375595,0.11418496072292328,-1.3377740383148193
1677531367.985325,-0.18656589090824127,0.11510811746120453,-1.3491274118423462
1677531368.0323434,-0.19029654562473297,0.11645875871181488,-1.3553128242492676
1677531368.0794477,-0.19600215554237366,0.11909645050764084,-1.3631994724273682
1677531368.1273935,-0.19985242187976837,0.12065094709396362,-1.3657032251358032
1677531368.1743813,-0.20335900783538818,0.12176141887903214,-1.367645025253296
1677531368.2204752,-0.20300185680389404,0.12084096670150757,-1.351719617843628
1677531368.2659104,-0.1993715614080429,0.11833260953426361,-1.3330177068710327
1677531368.311856,-0.1958925724029541,0.1160714402794838,-1.3169094324111938
1677531368.3580182,-0.192516028881073,0.1139112263917923,-1.3017592430114746
1677531368.404022,-0.19467413425445557,0.11491532623767853,-1.3133856058120728
1677531368.4504995,-0.19859211146831512,0.1182815432548523,-1.3292303085327148
1677531368.4950776,-0.20073920488357544,0.11955468356609344,-1.3406798839569092
1677531368.5400443,-0.20196975767612457,0.1200750470161438,-1.3476837873458862
1677531368.5844846,-0.20098425447940826,0.1185043603181839,-1.3519642353057861
1677531368.6335032,-0.20092004537582397,0.11709211021661758,-1.35280442237854
1677531368.6782928,-0.20037980377674103,0.11642071604728699,-1.354893445968628
1677531368.7242327,-0.19931168854236603,0.11712782829999924,-1.3573882579803467
1677531368.7691104,-0.19429729878902435,0.11669889837503433,-1.3452197313308716
1677531368.814718,-0.1891137659549713,0.11489099264144897,-1.3313974142074585
1677531368.860414,-0.18830499053001404,0.11346861720085144,-1.3232687711715698
1677531368.9049041,-0.19275914132595062,0.11393245309591293,-1.3265210390090942
1677531368.9517488,-0.19713518023490906,0.11411038041114807,-1.3316707611083984
1677531368.9981194,-0.19536089897155762,0.11381539702415466,-1.3310059309005737
1677531369.0455081,-0.194425567984581,0.11371663212776184,-1.3313103914260864
1677531369.092216,-0.1981816440820694,0.11455781757831573,-1.3418670892715454
1677531369.1377325,-0.19905933737754822,0.11527220904827118,-1.3477685451507568
1677531369.1853993,-0.200201615691185,0.11575490236282349,-1.3522869348526
1677531369.2327504,-0.20038723945617676,0.11619564890861511,-1.355945348739624
1677531369.282708,-0.19947190582752228,0.11808624118566513,-1.3622865676879883
1677531369.3327954,-0.19454874098300934,0.11803863197565079,-1.355107069015503
1677531369.3806446,-0.19031494855880737,0.11735263466835022,-1.3425910472869873
1677531369.4273865,-0.18543772399425507,0.11360913515090942,-1.3221410512924194
1677531369.474219,-0.18216171860694885,0.10926241427659988,-1.3096048831939697
1677531369.5219283,-0.1805601418018341,0.10474666953086853,-1.2964847087860107
1677531369.5666401,-0.1812516152858734,0.1035691574215889,-1.296790599822998
1677531369.6129758,-0.18165282905101776,0.10344919562339783,-1.2983462810516357
1677531369.657568,-0.18262065947055817,0.1031467467546463,-1.2987720966339111
1677531369.704237,-0.18722297251224518,0.1056731641292572,-1.3128471374511719
1677531369.7510211,-0.1906416267156601,0.10978981852531433,-1.3306211233139038
1677531369.7980614,-0.19089385867118835,0.11155056953430176,-1.337396502494812
1677531369.846161,-0.18550275266170502,0.11035452783107758,-1.3351001739501953
1677531369.8940055,-0.17939876019954681,0.10809993743896484,-1.327558994293213
1677531369.9390345,-0.17732299864292145,0.10636844485998154,-1.3197628259658813
1677531369.985011,-0.1799802929162979,0.10564643144607544,-1.3208575248718262
1677531370.0317395,-0.18598102033138275,0.10612592846155167,-1.3267083168029785
1677531370.0764844,-0.18544544279575348,0.10526101291179657,-1.3209202289581299
1677531370.1235304,-0.1908443421125412,0.10633733868598938,-1.3301223516464233
1677531370.172413,-0.19487999379634857,0.10900813341140747,-1.3373433351516724
1677531370.2187586,-0.1976374387741089,0.11110319942235947,-1.3437566757202148
1677531370.2635062,-0.19786447286605835,0.11164665967226028,-1.347974419593811
1677531370.3089805,-0.19742929935455322,0.11159919947385788,-1.3495376110076904
1677531370.3537118,-0.19852176308631897,0.11486737430095673,-1.3532319068908691
1677531370.4037607,-0.19384212791919708,0.1137954518198967,-1.340162754058838
1677531370.4506364,-0.18843117356300354,0.1112128347158432,-1.3261208534240723
1677531370.494774,-0.18166102468967438,0.10505305230617523,-1.3090277910232544
1677531370.542152,-0.17620019614696503,0.1025291308760643,-1.3005683422088623
1677531370.5882192,-0.17163586616516113,0.10073168575763702,-1.2871698141098022
1677531370.6347213,-0.16866280138492584,0.10005632042884827,-1.2822163105010986
1677531370.6816936,-0.1654953509569168,0.09897597879171371,-1.2785453796386719
1677531370.7255778,-0.16046836972236633,0.0992615818977356,-1.2753931283950806
1677531370.7733142,-0.16684795916080475,0.1016838476061821,-1.2924212217330933
