1697036178.962334,0.5474513173103333,-0.08893429487943649,-1.8698649406433105
1697036179.0536525,0.5386479496955872,-0.09237708151340485,-1.8837717771530151
1697036179.176555,0.5262470245361328,-0.08598136156797409,-1.8484619855880737
1697036179.2276382,0.5473697781562805,-0.09263359755277634,-1.897704839706421
1697036179.2804785,0.5487115383148193,-0.0890621617436409,-1.8957630395889282
1697036179.328174,0.5430045127868652,-0.09307236224412918,-1.9074492454528809
1697036179.3742983,0.5350630283355713,-0.09827087819576263,-1.921496868133545
1697036179.4212675,0.5247482657432556,-0.09670720994472504,-1.8878040313720703
1697036179.467082,0.5298500657081604,-0.09551408141851425,-1.8875765800476074
1697036179.5154004,0.5313542485237122,-0.09529796242713928,-1.8739476203918457
1697036179.562401,0.5499668717384338,-0.08378643542528152,-1.9016536474227905
1697036179.6085596,0.5571951866149902,-0.09341903030872345,-1.8885787725448608
1697036179.6631684,0.5612258911132812,-0.09693577140569687,-1.8911700248718262
1697036179.7082465,0.5596656799316406,-0.10452200472354889,-1.870782732963562
1697036179.7589808,0.5572113394737244,-0.10264036804437637,-1.867480993270874
1697036179.8016205,0.549629807472229,-0.09247533977031708,-1.847588062286377
1697036179.847251,0.5453980565071106,-0.0782695785164833,-1.8210495710372925
1697036179.890672,0.5416255593299866,-0.07583220303058624,-1.821596622467041
1697036179.9326284,0.5376406311988831,-0.07649683207273483,-1.8216233253479004
1697036179.974177,0.5358019471168518,-0.07952122390270233,-1.8274933099746704
1697036180.0163257,0.5346358418464661,-0.08510913699865341,-1.8371502161026
1697036180.0620017,0.5345509648323059,-0.09100151062011719,-1.8508493900299072
1697036180.103168,0.5360320210456848,-0.09527786821126938,-1.8658744096755981
1697036180.1456316,0.5366429090499878,-0.09461261332035065,-1.8855599164962769
1697036180.1888053,0.5281161069869995,-0.09140300750732422,-1.880704641342163
1697036180.2471216,0.5312120318412781,-0.08720307797193527,-1.8844999074935913
1697036180.2895916,0.532820463180542,-0.08231149613857269,-1.8848810195922852
1697036180.3316922,0.5336458086967468,-0.0796126052737236,-1.8783659934997559
1697036180.3729234,0.5410574078559875,-0.07285278290510178,-1.8832826614379883
1697036180.4116254,0.5459645986557007,-0.0751233771443367,-1.8891990184783936
1697036180.4562724,0.5481732487678528,-0.07665391266345978,-1.8910092115402222
1697036180.497926,0.5492042303085327,-0.07664868980646133,-1.8907604217529297
1697036180.5415683,0.5485200881958008,-0.07910802215337753,-1.8860067129135132
1697036180.5809743,0.5430319905281067,-0.08253010362386703,-1.879276990890503
1697036180.625464,0.5379252433776855,-0.08577791601419449,-1.8722858428955078
1697036180.6666641,0.5335797667503357,-0.08845257759094238,-1.8665213584899902
1697036180.7077894,0.5256622433662415,-0.09040535241365433,-1.8596240282058716
1697036180.7489166,0.5253081917762756,-0.09134337306022644,-1.8621211051940918
1697036180.7923858,0.5271221399307251,-0.0918566882610321,-1.8684252500534058
1697036180.8355165,0.5286557078361511,-0.09155531972646713,-1.868668794631958
1697036180.878119,0.5448563694953918,-0.09559889882802963,-1.8891130685806274
1697036180.9216976,0.548835813999176,-0.0988326147198677,-1.8885741233825684
1697036180.962258,0.5565894842147827,-0.1016063317656517,-1.904941439628601
1697036181.0053866,0.5553245544433594,-0.10262762010097504,-1.9045751094818115
1697036181.0470665,0.5522924661636353,-0.10547608137130737,-1.9077839851379395
1697036181.08966,0.5487360954284668,-0.10336261242628098,-1.9132411479949951
1697036181.1307957,0.5448011755943298,-0.10039332509040833,-1.9123382568359375
1697036181.1734962,0.5409501194953918,-0.09672259539365768,-1.9075267314910889
1697036181.214043,0.537890613079071,-0.09387242794036865,-1.896821141242981
1697036181.2541592,0.5383005738258362,-0.09188659489154816,-1.8910558223724365
1697036181.2955391,0.5386190414428711,-0.09110243618488312,-1.8842812776565552
1697036181.3406653,0.537503182888031,-0.0904240608215332,-1.8761850595474243
1697036181.3837743,0.5346916913986206,-0.08460108190774918,-1.857873797416687
1697036181.4123473,0.5367361307144165,-0.08621809631586075,-1.853737473487854
1697036181.441481,0.5399898290634155,-0.0870153158903122,-1.8554356098175049
1697036181.472672,0.5468445420265198,-0.08949339389801025,-1.8663932085037231
1697036181.5057037,0.5519840717315674,-0.0913519486784935,-1.8760206699371338
1697036181.539742,0.5531056523323059,-0.09169726818799973,-1.8766775131225586
1697036181.5743394,0.5562518239021301,-0.0943584218621254,-1.8844752311706543
1697036181.6052625,0.5562853813171387,-0.09550367295742035,-1.8848284482955933
1697036181.6390784,0.5536100268363953,-0.09705451130867004,-1.8798565864562988
1697036181.6736715,0.5518324971199036,-0.09868446737527847,-1.8784189224243164
1697036181.7062697,0.5525461435317993,-0.09841315448284149,-1.8837559223175049
1697036181.7405918,0.5552541017532349,-0.09912758320569992,-1.8946418762207031
1697036181.7741942,0.5556908845901489,-0.09686139225959778,-1.9032434225082397
1697036181.8074868,0.5547764897346497,-0.0935196653008461,-1.9105687141418457
1697036181.8390899,0.5550416707992554,-0.09140942990779877,-1.9190959930419922
1697036181.8736737,0.5542812347412109,-0.08929955959320068,-1.9251459836959839
1697036181.9082687,0.5526086688041687,-0.08820553123950958,-1.9276913404464722
1697036181.9410408,0.5503698587417603,-0.08808184415102005,-1.9276577234268188
1697036181.9738414,0.5471569895744324,-0.08840587735176086,-1.9243457317352295
1697036182.0084648,0.5441616773605347,-0.0896812230348587,-1.9203239679336548
1697036182.0400248,0.5467284321784973,-0.08990412950515747,-1.925166130065918
1697036182.0754895,0.5483080744743347,-0.08945441246032715,-1.9241164922714233
1697036182.1086006,0.5495096445083618,-0.08994613587856293,-1.9247119426727295
1697036182.1417332,0.5517786741256714,-0.09159288555383682,-1.9253419637680054
1697036182.1752977,0.5520492196083069,-0.0926056057214737,-1.918419599533081
1697036182.2096884,0.5532175898551941,-0.09436850249767303,-1.9171512126922607
1697036182.2405233,0.55105060338974,-0.09391963481903076,-1.9093750715255737
1697036182.274593,0.5532713532447815,-0.09503041207790375,-1.9133892059326172
1697036182.3092194,0.5521355271339417,-0.0942174419760704,-1.9101626873016357
1697036182.3417828,0.5490357279777527,-0.09388773143291473,-1.8993215560913086
1697036182.3742173,0.547447681427002,-0.09503577649593353,-1.8969980478286743
1697036182.408837,0.5454937815666199,-0.09622234851121902,-1.8931937217712402
1697036182.4424193,0.5442741513252258,-0.0978470891714096,-1.8902695178985596
1697036182.4755085,0.5443591475486755,-0.09709310531616211,-1.8923300504684448
1697036182.508184,0.5432935357093811,-0.09685251116752625,-1.889680027961731
1697036182.5417342,0.5454668998718262,-0.09523613750934601,-1.8935562372207642
1697036182.5764875,0.5506578087806702,-0.09528505057096481,-1.9034762382507324
1697036182.6096244,0.5512994527816772,-0.09498820453882217,-1.9027185440063477
1697036182.6425517,0.550125002861023,-0.09562971442937851,-1.8972110748291016
1697036182.6776662,0.5486207008361816,-0.09524811059236526,-1.8925142288208008
1697036182.7103093,0.5461029410362244,-0.09526757895946503,-1.8829177618026733
1697036182.7434204,0.5451272130012512,-0.09342242777347565,-1.8768911361694336
1697036182.7759514,0.5444014072418213,-0.09234826266765594,-1.8728729486465454
1697036182.8105712,0.5440506339073181,-0.0909995287656784,-1.8720932006835938
1697036182.8421211,0.541204571723938,-0.08918850123882294,-1.8650180101394653
1697036182.8778625,0.5435437560081482,-0.08912946283817291,-1.8708521127700806
1697036182.9096637,0.5460783243179321,-0.08989878743886948,-1.876908302307129
1697036182.944575,0.5484026074409485,-0.09049692749977112,-1.8828270435333252
1697036182.9776962,0.5509816408157349,-0.09202401340007782,-1.8873481750488281
1697036183.0107346,0.5561825037002563,-0.09451256692409515,-1.895446538925171
1697036183.0423045,0.5572550892829895,-0.09547065943479538,-1.890945553779602
1697036183.0764089,0.5610112547874451,-0.09624829143285751,-1.8965599536895752
1697036183.1109104,0.5592899322509766,-0.09698471426963806,-1.8912005424499512
1697036183.1465938,0.554787278175354,-0.09778765588998795,-1.8824323415756226
1697036183.1791754,0.5501992106437683,-0.09884076565504074,-1.8779587745666504
1697036183.2245038,0.5471035242080688,-0.09761695563793182,-1.8791399002075195
1697036183.2667031,0.5481423139572144,-0.09697508066892624,-1.8909071683883667
1697036183.3117838,0.5493414998054504,-0.09683834761381149,-1.9049091339111328
1697036183.3554344,0.5514389872550964,-0.10037200897932053,-1.9298067092895508
1697036183.398074,0.5437988638877869,-0.09991667419672012,-1.9278321266174316
1697036183.4296584,0.5372052192687988,-0.09838530421257019,-1.9230992794036865
1697036183.4592347,0.5329970121383667,-0.09618735313415527,-1.9162009954452515
1697036183.4895463,0.5278128981590271,-0.09330551326274872,-1.9068523645401
1697036183.5198202,0.5246064066886902,-0.09052426367998123,-1.8960657119750977
1697036183.5490792,0.5230323672294617,-0.0877237543463707,-1.8865265846252441
1697036183.5806441,0.523335337638855,-0.08537138998508453,-1.882022500038147
1697036183.6157212,0.5239233374595642,-0.0835004523396492,-1.8782001733779907
1697036183.649199,0.5251837968826294,-0.08247187733650208,-1.8772052526474
1697036183.6807582,0.5261651873588562,-0.08178586512804031,-1.8753044605255127
1697036183.7166545,0.5278369784355164,-0.08173520863056183,-1.8756115436553955
1697036183.7489676,0.5289503335952759,-0.0821293517947197,-1.874922513961792
1697036183.7810824,0.5280226469039917,-0.0842897817492485,-1.8681268692016602
1697036183.8164387,0.5272604823112488,-0.08636735379695892,-1.861425757408142
1697036183.848012,0.5264706015586853,-0.0872483029961586,-1.8575583696365356
1697036183.8831346,0.5270927548408508,-0.08705705404281616,-1.8588926792144775
1697036183.917871,0.5282164216041565,-0.08470556139945984,-1.863823652267456
1697036183.9523294,0.5295155644416809,-0.08319839835166931,-1.8703714609146118
1697036183.9834669,0.530497670173645,-0.08221042901277542,-1.8742798566818237
1697036184.0172935,0.5328508019447327,-0.08344077318906784,-1.8830907344818115
1697036184.0498729,0.5382375121116638,-0.08339986205101013,-1.894439935684204
1697036184.0829992,0.5453550815582275,-0.08517484366893768,-1.9057244062423706
1697036193.6173742,0.24651961028575897,0.20010149478912354,-2.1759259700775146
1697036193.6855662,0.24459701776504517,0.20621995627880096,-2.208162784576416
1697036193.7606177,0.24185039103031158,0.20382416248321533,-2.2273943424224854
1697036193.8238723,0.23761332035064697,0.19977225363254547,-2.2378268241882324
1697036193.887598,0.23536449670791626,0.19577449560165405,-2.2313151359558105
1697036193.9520807,0.23586884140968323,0.1950100213289261,-2.222851514816284
1697036194.0114374,0.23560239374637604,0.19547009468078613,-2.217209577560425
1697036194.0555427,0.23771469295024872,0.19816695153713226,-2.213839054107666
1697036194.0984027,0.23924106359481812,0.19939249753952026,-2.2110772132873535
1697036194.1424563,0.24021880328655243,0.19979891180992126,-2.2086315155029297
1697036194.1840591,0.24234989285469055,0.19988954067230225,-2.20639705657959
1697036194.2263575,0.24566303193569183,0.20046991109848022,-2.2049543857574463
1697036194.2735746,0.2421230971813202,0.20150768756866455,-2.2020936012268066
1697036194.314354,0.2416905015707016,0.20164787769317627,-2.205414295196533
1697036194.3585496,0.2449682652950287,0.20154885947704315,-2.2078912258148193
1697036194.40427,0.24669817090034485,0.200446218252182,-2.2103497982025146
1697036194.4457653,0.24747653305530548,0.20061556994915009,-2.211308002471924
1697036194.491579,0.23959746956825256,0.20085445046424866,-2.2067127227783203
1697036194.5374153,0.23974794149398804,0.2007492631673813,-2.2077791690826416
1697036194.5785952,0.24040210247039795,0.20081178843975067,-2.206641674041748
1697036194.6234007,0.24448513984680176,0.19977344572544098,-2.2068161964416504
1697036194.6647196,0.2489643543958664,0.1991947591304779,-2.207000732421875
1697036194.7066772,0.25070562958717346,0.1977127194404602,-2.2055203914642334
1697036194.748461,0.25008612871170044,0.19592605531215668,-2.201204538345337
1697036194.7885532,0.24892927706241608,0.19161708652973175,-2.193549156188965
1697036194.8310373,0.24992932379245758,0.19130882620811462,-2.189667224884033
1697036194.8730388,0.2520386278629303,0.1915697157382965,-2.1865744590759277
1697036194.9125595,0.2546541392803192,0.1933056116104126,-2.1853299140930176
1697036194.9555876,0.2557538151741028,0.19733893871307373,-2.188387393951416
1697036194.996842,0.25783175230026245,0.20272041857242584,-2.1925554275512695
1697036195.0386448,0.2574707269668579,0.20473580062389374,-2.198284149169922
1697036195.07879,0.2574314773082733,0.20515073835849762,-2.2013063430786133
1697036195.1203508,0.25508731603622437,0.20508010685443878,-2.2050371170043945
1697036195.1609926,0.25350749492645264,0.20528098940849304,-2.208751916885376
1697036195.2035317,0.24789173901081085,0.2050517499446869,-2.2072978019714355
1697036195.2420485,0.24618807435035706,0.20411644876003265,-2.210787534713745
1697036195.2845414,0.246945321559906,0.20317359268665314,-2.212057590484619
1697036195.3265865,0.24702903628349304,0.20216357707977295,-2.2150025367736816
1697036195.3690565,0.24771910905838013,0.20220811665058136,-2.214360237121582
1697036195.4106524,0.2440832406282425,0.2022990882396698,-2.206052541732788
1697036195.4537094,0.24053195118904114,0.20208433270454407,-2.201688528060913
1697036195.4943526,0.23481622338294983,0.2017582803964615,-2.204596996307373
1697036195.5394137,0.23438747227191925,0.20060572028160095,-2.2031843662261963
1697036195.5805087,0.23329401016235352,0.20032340288162231,-2.203843593597412
1697036195.6225755,0.23355790972709656,0.2005525380373001,-2.203791856765747
1697036195.6602688,0.23793567717075348,0.20337902009487152,-2.2030818462371826
1697036195.701713,0.24321608245372772,0.2044275999069214,-2.203042984008789
1697036195.7409582,0.24713082611560822,0.20486849546432495,-2.2008321285247803
1697036195.780554,0.24678359925746918,0.20444001257419586,-2.1966679096221924
1697036195.8231406,0.24686864018440247,0.20368941128253937,-2.192756414413452
1697036195.8632143,0.2474488765001297,0.2017701417207718,-2.1909971237182617
1697036195.9067612,0.24954286217689514,0.2011204957962036,-2.1933367252349854
1697036195.9472864,0.2515808641910553,0.2001349925994873,-2.197368621826172
1697036195.992266,0.2516430616378784,0.19931462407112122,-2.1992528438568115
1697036196.0374017,0.2546267509460449,0.20001040399074554,-2.202658176422119
1697036196.0763686,0.2540101706981659,0.20039944350719452,-2.2064526081085205
1697036196.1183884,0.25570714473724365,0.20089074969291687,-2.210209608078003
1697036196.1592157,0.2550475299358368,0.2017998844385147,-2.2127585411071777
1697036196.1960948,0.25924503803253174,0.2033119648694992,-2.2123775482177734
1697036196.2266543,0.2581944763660431,0.203700989484787,-2.2058050632476807
1697036196.257737,0.2564637362957001,0.20475700497627258,-2.2021217346191406
1697036196.2892816,0.2546573877334595,0.20514672994613647,-2.1994059085845947
1697036196.3236413,0.253202348947525,0.20472410321235657,-2.197314500808716
1697036196.3585334,0.25189387798309326,0.20440170168876648,-2.197672128677368
1697036196.3906622,0.2505170404911041,0.20394335687160492,-2.198240041732788
1697036196.4252794,0.24893851578235626,0.20367130637168884,-2.2002406120300293
1697036196.4581008,0.2481711357831955,0.2030578851699829,-2.2007839679718018
1697036196.4906194,0.24799653887748718,0.20302993059158325,-2.2003350257873535
1697036196.5256326,0.24805085361003876,0.20327436923980713,-2.2006189823150635
1697036196.5585315,0.2479962855577469,0.20403102040290833,-2.201418399810791
1697036196.5915816,0.24804602563381195,0.20421575009822845,-2.200878381729126
1697036196.6263292,0.2499455213546753,0.20372027158737183,-2.200697898864746
1697036196.6595683,0.25176677107810974,0.2033064067363739,-2.2041821479797363
1697036196.6907084,0.25238919258117676,0.20283299684524536,-2.2062487602233887
1697036196.726291,0.25220128893852234,0.2022082805633545,-2.20782732963562
1697036196.7583203,0.2522614300251007,0.20136608183383942,-2.210209608078003
1697036196.7928593,0.25393757224082947,0.20054863393306732,-2.2142930030822754
1697036196.8254206,0.2567198574542999,0.2004764974117279,-2.216545343399048
1697036196.8588264,0.25970062613487244,0.19964703917503357,-2.216191530227661
1697036196.8919265,0.2592049539089203,0.19914372265338898,-2.209425449371338
1697036196.9259796,0.2601986825466156,0.19890610873699188,-2.207934617996216
1697036196.9606347,0.26116809248924255,0.19894997775554657,-2.2082371711730957
1697036196.9919953,0.26145055890083313,0.1988430917263031,-2.2083373069763184
1697036197.0265472,0.26155886054039,0.19867272675037384,-2.206331968307495
1697036197.0600693,0.2610599994659424,0.19928453862667084,-2.2028298377990723
1697036197.0931392,0.26025962829589844,0.20014818012714386,-2.2008748054504395
1697036197.1272302,0.2601787745952606,0.20067687332630157,-2.202517509460449
1697036197.1597803,0.260317325592041,0.2032175362110138,-2.209810972213745
1697036197.1934636,0.26145654916763306,0.20513710379600525,-2.2159812450408936
1697036197.2265508,0.2630650997161865,0.20650175213813782,-2.219512939453125
1697036197.2609286,0.2640056312084198,0.20659300684928894,-2.221005916595459
1697036197.2947206,0.2643536627292633,0.20569387078285217,-2.21956205368042
1697036197.3273907,0.263754278421402,0.203696146607399,-2.2164714336395264
1697036197.360523,0.2614482343196869,0.20376604795455933,-2.215837001800537
1697036197.3938255,0.2600705921649933,0.2030314803123474,-2.215904951095581
1697036197.4268503,0.25941699743270874,0.20206499099731445,-2.2148044109344482
1697036197.460402,0.2581647038459778,0.2004905492067337,-2.211684226989746
1697036197.4939606,0.2571975290775299,0.19858866930007935,-2.2088773250579834
1697036197.5290687,0.25716522336006165,0.19727823138237,-2.2081222534179688
1697036197.5605965,0.2567698359489441,0.197289377450943,-2.2092366218566895
1697036197.5939655,0.25613296031951904,0.19809243083000183,-2.210873603820801
1697036197.6295264,0.25515633821487427,0.1989959180355072,-2.2151269912719727
1697036197.6625092,0.25325945019721985,0.19972729682922363,-2.2165327072143555
1697036197.6966577,0.25331351161003113,0.1996132731437683,-2.2160398960113525
1697036197.7305422,0.25367850065231323,0.20006738603115082,-2.2174530029296875
1697036197.7620351,0.25384053587913513,0.2003975212574005,-2.217090368270874
1697036197.7941363,0.2540099322795868,0.20036372542381287,-2.215108871459961
1697036197.828558,0.25534406304359436,0.20083390176296234,-2.215163230895996
1697036197.8632448,0.2567250430583954,0.20176686346530914,-2.2134528160095215
1697036197.8960302,0.2569904327392578,0.20210868120193481,-2.20987868309021
1697036197.9281685,0.2569335997104645,0.20202136039733887,-2.204982042312622
1697036197.96416,0.25690892338752747,0.20109109580516815,-2.198678731918335
1697036197.999259,0.2568773031234741,0.19938354194164276,-2.1927428245544434
1697036198.0313575,0.25670623779296875,0.19839602708816528,-2.18825364112854
1697036198.0645256,0.2568199038505554,0.19870637357234955,-2.1888625621795654
1697036198.098253,0.25776100158691406,0.19854405522346497,-2.1918461322784424
1697036198.1304612,0.2586255967617035,0.19861511886119843,-2.1947903633117676
1697036198.1645591,0.258564829826355,0.19852469861507416,-2.194749116897583
1697036198.1996965,0.25709429383277893,0.19825008511543274,-2.193498373031616
1697036198.2338128,0.2544824481010437,0.19823461771011353,-2.1942033767700195
1697036198.2639158,0.251120388507843,0.19832271337509155,-2.1948142051696777
1697036198.3319778,0.25116026401519775,0.19771593809127808,-2.1933536529541016
1697036198.3665593,0.25286781787872314,0.19652891159057617,-2.19712233543396
1697036198.3996346,0.2528490722179413,0.1961713284254074,-2.196322202682495
1697036198.433209,0.25376686453819275,0.19750811159610748,-2.1989521980285645
1697036198.4672637,0.25488996505737305,0.19908902049064636,-2.2026662826538086
1697036198.5003493,0.25483274459838867,0.19997377693653107,-2.205355405807495
1697036198.5324163,0.25391900539398193,0.20094963908195496,-2.20812726020813
1697036198.5670466,0.2543441951274872,0.20127031207084656,-2.20816707611084
1697036198.6000426,0.2548636496067047,0.20153547823429108,-2.2068893909454346
1697036198.6325574,0.2555127739906311,0.20151488482952118,-2.204718589782715
1697036198.6665971,0.25542116165161133,0.2019009292125702,-2.2045114040374756
1697036198.6995466,0.25416311621665955,0.20227718353271484,-2.2048068046569824
1697036198.7340991,0.25145480036735535,0.20219343900680542,-2.205387830734253
1697036198.7671642,0.25014132261276245,0.2016144096851349,-2.20529842376709
1697036203.2173996,0.06261175125837326,-0.08283638954162598,-2.060283660888672
1697036203.295859,0.07365354895591736,-0.14127571880817413,-2.017029285430908
1697036203.3634255,0.08683309704065323,-0.49657687544822693,-2.139329671859741
1697036203.4216366,0.08709301054477692,-0.5019927620887756,-2.178731918334961
1697036203.4764874,0.08799746632575989,-0.5102121829986572,-2.267005205154419
1697036203.5405328,0.08734969049692154,-0.5166364312171936,-2.3034651279449463
1697036203.6055744,0.08935915678739548,-0.5206661820411682,-2.347893476486206
1697036203.648775,0.0878620371222496,-0.5210601091384888,-2.3808157444000244
1697036203.6914122,0.08319579064846039,-0.5219829082489014,-2.398322820663452
1697036203.7356157,0.08192359656095505,-0.5238355994224548,-2.4144275188446045
1697036203.778734,0.08136408030986786,-0.524023711681366,-2.4230971336364746
1697036203.822287,0.022097229957580566,-0.3678816258907318,-2.14414381980896
1697036203.8644996,-0.028037995100021362,-0.21421776711940765,-2.0998308658599854
1697036203.9065266,-0.05372364819049835,-0.11622835695743561,-2.1088387966156006
1697036203.948137,-0.06732542812824249,-0.05618113651871681,-2.1232614517211914
1697036203.9940386,-0.08537210524082184,-0.02550589293241501,-2.10219144821167
1697036204.038528,-0.09299592673778534,-0.04567425325512886,-2.068021535873413
1697036204.0823393,-0.09021488577127457,-0.062168270349502563,-2.0509660243988037
1697036204.1274066,-0.08577553182840347,-0.07411190867424011,-2.043739080429077
1697036204.3964734,-0.003238210454583168,-0.24495522677898407,-2.083972692489624
1697036204.4267108,0.01248528528958559,-0.273681104183197,-2.1319339275360107
1697036204.4555285,0.011995603330433369,-0.2709698975086212,-2.1493608951568604
1697036204.484376,0.011916859075427055,-0.28189006447792053,-2.185316324234009
1697036204.5170891,0.008553804829716682,-0.2824958860874176,-2.182670831680298
1697036204.5536115,0.005115832202136517,-0.2848215103149414,-2.1902928352355957
1697036204.584188,0.0002003926783800125,-0.28709250688552856,-2.19453501701355
1697036204.6187522,-0.001961875706911087,-0.2932485342025757,-2.20312762260437
1697036204.6544592,-0.0044038258492946625,-0.2942698001861572,-2.1998307704925537
1697036204.685561,-0.005858944728970528,-0.29544728994369507,-2.1992321014404297
1697036204.7187128,-0.008811063133180141,-0.28880107402801514,-2.1768622398376465
1697036204.761546,-0.011666055768728256,-0.2790071666240692,-2.1604087352752686
1697036204.7886813,-0.03621260076761246,-0.23179537057876587,-2.136970281600952
1697036204.8197427,-0.0525800883769989,-0.20028336346149445,-2.133273124694824
1697036204.8519835,-0.06254278123378754,-0.16859759390354156,-2.1195499897003174
1697036204.8863173,-0.0693250522017479,-0.14461281895637512,-2.1158413887023926
1697036204.9213736,-0.07454788684844971,-0.12793663144111633,-2.1164305210113525
1697036204.9541585,-0.07630304247140884,-0.1173492819070816,-2.1095337867736816
1697036204.9865909,-0.0768609344959259,-0.10768159478902817,-2.106123924255371
1697036205.0207996,-0.07535737752914429,-0.10659310221672058,-2.12223482131958
1697036205.0533395,-0.07440632581710815,-0.0961807519197464,-2.1273179054260254
1697036205.0894427,-0.07216434925794601,-0.09590582549571991,-2.1359903812408447
1697036205.1214983,-0.07116375863552094,-0.09881208091974258,-2.1456046104431152
1697036205.154561,-0.06619849801063538,-0.11995241045951843,-2.1530685424804688
1697036205.1875274,-0.060322873294353485,-0.14325210452079773,-2.1585159301757812
1697036205.221714,-0.053125254809856415,-0.17045916616916656,-2.1696438789367676
1697036205.2544253,-0.05534987151622772,-0.1616506576538086,-2.1707921028137207
1697036205.2875233,-0.05926668271422386,-0.1470724642276764,-2.1684772968292236
1697036205.320613,-0.0635920986533165,-0.13449695706367493,-2.1635353565216064
1697036205.3557658,-0.06535525619983673,-0.12921327352523804,-2.1631319522857666
1697036205.3877218,-0.06835362315177917,-0.12685036659240723,-2.1689913272857666
1697036205.4227757,-0.07021419703960419,-0.12874536216259003,-2.1809020042419434
1697036205.45393,-0.06952545046806335,-0.1272386759519577,-2.180299758911133
1697036205.4886906,-0.06648162752389908,-0.13265667855739594,-2.1813108921051025
1697036205.5212777,-0.06529830396175385,-0.14175304770469666,-2.185728073120117
1697036205.5563138,-0.06384297460317612,-0.1554267704486847,-2.195089101791382
1697036205.5908372,-0.06053760647773743,-0.16798138618469238,-2.20161771774292
1697036205.6229134,-0.05720875412225723,-0.17611616849899292,-2.210655927658081
1697036205.6553295,-0.0560479462146759,-0.18153947591781616,-2.2196199893951416
1697036205.6872046,-0.05655241012573242,-0.18233850598335266,-2.2228240966796875
1697036205.7209878,-0.06034309044480324,-0.1729414165019989,-2.2182271480560303
1697036205.7540138,-0.06714425981044769,-0.14990200102329254,-2.2060282230377197
1697036205.7896078,-0.07275421917438507,-0.12426919490098953,-2.1908583641052246
1697036205.8236697,-0.07780413329601288,-0.09420911222696304,-2.1767587661743164
1697036205.8567362,-0.08013390004634857,-0.07355890423059464,-2.1677043437957764
1697036205.8903012,-0.08062642812728882,-0.05559942498803139,-2.1656274795532227
1697036205.9230955,-0.07910902053117752,-0.046279191970825195,-2.1626057624816895
1697036205.9585352,-0.0722067803144455,-0.05121500417590141,-2.1666834354400635
1697036205.9915617,-0.0682474672794342,-0.05824344605207443,-2.166682004928589
1697036206.024634,-0.0646967813372612,-0.07199161499738693,-2.1667468547821045
1697036206.057305,-0.06218968331813812,-0.08514940738677979,-2.165919065475464
1697036206.0903971,-0.05741031467914581,-0.0972394123673439,-2.1651718616485596
1697036206.1234868,-0.05562257021665573,-0.10213752835988998,-2.1663970947265625
1697036206.1573756,-0.055767498910427094,-0.09965325146913528,-2.1654880046844482
1697036206.191486,-0.05695369839668274,-0.09067526459693909,-2.162139892578125
1697036206.2245924,-0.05950338393449783,-0.0763806700706482,-2.156916856765747
1697036206.2586644,-0.06140735745429993,-0.0720033198595047,-2.157364845275879
1697036206.292467,-0.06243064999580383,-0.08987423032522202,-2.125452995300293
1697036206.3265326,-0.06315446645021439,-0.10885825008153915,-2.1078312397003174
1697036206.3617609,-0.06374829262495041,-0.12785543501377106,-2.1004772186279297
1697036206.3938508,-0.06598849594593048,-0.1310313493013382,-2.0879135131835938
1697036206.4269075,-0.06861172616481781,-0.13255447149276733,-2.0860092639923096
1697036206.4604354,-0.072696253657341,-0.13077615201473236,-2.085442543029785
1697036206.4935403,-0.07692629843950272,-0.1240154355764389,-2.0795562267303467
1697036206.526541,-0.08091935515403748,-0.11824065446853638,-2.081136703491211
1697036206.5592785,-0.08559703081846237,-0.12067481130361557,-2.0910298824310303
1697036206.5925205,-0.08976992219686508,-0.12771791219711304,-2.101914405822754
1697036206.6273897,-0.0926147922873497,-0.1375846117734909,-2.1153533458709717
1697036206.6605096,-0.09303842484951019,-0.14374114573001862,-2.1224558353424072
1697036206.6941247,-0.09625513106584549,-0.14285476505756378,-2.13814115524292
1697036206.7292788,-0.09755641967058182,-0.14415229856967926,-2.1513543128967285
1697036206.761222,-0.10066378116607666,-0.13601665198802948,-2.1515581607818604
1697036206.7935135,-0.10407357662916183,-0.12496065348386765,-2.146782398223877
1697036206.8295355,-0.10720033198595047,-0.11108258366584778,-2.1400511264801025
1697036206.8620174,-0.10918150842189789,-0.10493682324886322,-2.1445183753967285
1697036206.8950262,-0.11090139299631119,-0.10816121846437454,-2.150641679763794
1697036206.9290411,-0.1114029660820961,-0.11511640250682831,-2.152768611907959
1697036206.9635684,-0.11157680302858353,-0.12373712658882141,-2.1560792922973633
1697036206.9954796,-0.11163559556007385,-0.13242152333259583,-2.1607601642608643
1697036207.0305634,-0.09993197023868561,-0.1297495812177658,-2.1312456130981445
1697036207.0637035,-0.09113325923681259,-0.12970803678035736,-2.114640474319458
1697036207.0956357,-0.08327421545982361,-0.134130597114563,-2.104764223098755
1697036207.130375,-0.07665674388408661,-0.14414334297180176,-2.106071949005127
1697036207.1644444,-0.07162005454301834,-0.15432558953762054,-2.108588695526123
1697036207.195807,-0.06760205328464508,-0.1638803482055664,-2.1158792972564697
1697036207.2300646,-0.067012719810009,-0.17028068006038666,-2.128567695617676
1697036207.262621,-0.06677461415529251,-0.15963414311408997,-2.123178482055664
1697036207.297029,-0.06550810486078262,-0.1539919227361679,-2.131504774093628
1697036207.33155,-0.06448657810688019,-0.15048526227474213,-2.1412088871002197
1697036207.3641202,-0.06457626819610596,-0.1476382613182068,-2.149526834487915
1697036207.3966732,-0.06511277705430984,-0.14431166648864746,-2.153135299682617
1697036207.4311924,-0.06675800681114197,-0.1381215900182724,-2.151522159576416
1697036207.465785,-0.06851232796907425,-0.13056813180446625,-2.1465964317321777
1697036207.497489,-0.06970401853322983,-0.12005101144313812,-2.136303663253784
1697036207.5312028,-0.07093718647956848,-0.10687129199504852,-2.121962070465088
1697036207.5657523,-0.07110024988651276,-0.10071753710508347,-2.1133248805999756
1697036207.598694,-0.07071411609649658,-0.10359251499176025,-2.1086137294769287
1697036207.6308157,-0.06737296283245087,-0.11482836306095123,-2.1018056869506836
1697036207.6656082,-0.06567507237195969,-0.12571576237678528,-2.0996036529541016
1697036207.6999946,-0.06413411349058151,-0.1343085765838623,-2.0953736305236816
1697036207.7320042,-0.06298479437828064,-0.1368962675333023,-2.0914955139160156
1697036207.7645502,-0.06243037059903145,-0.1340409517288208,-2.0890257358551025
1697036207.7987204,-0.06197118014097214,-0.12463843822479248,-2.076331377029419
1697036207.8327813,-0.05920413136482239,-0.1179317981004715,-2.0661048889160156
1697036207.8664007,-0.05779736861586571,-0.11924199759960175,-2.062143087387085
1697036207.8994734,-0.055994000285863876,-0.12172447144985199,-2.0650129318237305
1697036207.9333992,-0.054564397782087326,-0.12829123437404633,-2.071685314178467
1697036207.9668298,-0.050779372453689575,-0.14163433015346527,-2.0763678550720215
1697036207.9995863,-0.046285517513751984,-0.16452305018901825,-2.0895895957946777
1697036208.0355246,-0.04129399359226227,-0.1994480937719345,-2.1175284385681152
1697036208.0672572,-0.03379485756158829,-0.23556475341320038,-2.146712064743042
1697036208.099777,-0.027916932478547096,-0.26268449425697327,-2.176769971847534
1697036208.1353734,-0.02182704024016857,-0.28389689326286316,-2.203217029571533
1697036208.1686926,-0.018623853102326393,-0.29639649391174316,-2.2230470180511475
1697036208.1982877,-0.018999798223376274,-0.298401802778244,-2.2318015098571777
1697036208.2338521,-0.02422870323061943,-0.2825199365615845,-2.2171061038970947
1697036208.2689068,-0.030812043696641922,-0.26304367184638977,-2.1914098262786865
1697036208.3005345,-0.03820997476577759,-0.23666562139987946,-2.1576483249664307
1697036208.3340962,-0.045945435762405396,-0.20299923419952393,-2.1267940998077393
1697036208.3671675,-0.05130472034215927,-0.18203167617321014,-2.1189403533935547
1697036208.4012666,-0.05567809194326401,-0.16291196644306183,-2.1101856231689453
1697036208.4353802,-0.05909428000450134,-0.14087527990341187,-2.1028428077697754
1697036213.9526637,0.40437448024749756,-0.4509738087654114,-2.1238224506378174
1697036214.0234456,0.40602239966392517,-0.4603157639503479,-2.149517297744751
1697036214.0896833,0.4246475100517273,-0.4585733413696289,-2.2050490379333496
1697036214.1542006,0.43707436323165894,-0.4585637152194977,-2.2360763549804688
1697036214.1988585,0.4505508542060852,-0.465621680021286,-2.2564024925231934
1697036214.2427068,0.45067518949508667,-0.4723421037197113,-2.260336399078369
1697036214.2872863,0.448996901512146,-0.47587502002716064,-2.259155035018921
1697036214.329373,0.4439123570919037,-0.480459600687027,-2.2607786655426025
1697036214.3725998,0.4379418194293976,-0.480136901140213,-2.2545180320739746
1697036214.4147596,0.434931218624115,-0.4806937277317047,-2.252302646636963
1697036214.4567034,0.4350070357322693,-0.480173259973526,-2.2622458934783936
1697036214.4977655,0.43521735072135925,-0.47445976734161377,-2.2711989879608154
1697036214.5404649,0.436414510011673,-0.4727770686149597,-2.2790849208831787
1697036214.5825179,0.43338868021965027,-0.4704040586948395,-2.274587392807007
1697036214.6254866,0.4303690493106842,-0.4677361249923706,-2.266829013824463
1697036214.6705832,0.4270437955856323,-0.4673106372356415,-2.2615809440612793
1697036214.7112305,0.42330169677734375,-0.46468251943588257,-2.2525928020477295
1697036214.7552888,0.42084938287734985,-0.46547576785087585,-2.2501814365386963
1697036214.7963793,0.41815826296806335,-0.46839290857315063,-2.2493855953216553
1697036214.8408453,0.41890525817871094,-0.47092127799987793,-2.2581419944763184
1697036214.8854148,0.41537484526634216,-0.47106075286865234,-2.2417094707489014
1697036214.927338,0.4150536060333252,-0.4706874191761017,-2.248674154281616
1697036214.9704106,0.40102407336235046,-0.4616669714450836,-2.183027982711792
1697036215.0116367,0.4060684144496918,-0.46701017022132874,-2.1885879039764404
1697036215.0537205,0.41689059138298035,-0.46934500336647034,-2.1875603199005127
1697036215.0953119,0.41904088854789734,-0.45768266916275024,-2.18222713470459
1697036215.1394258,0.4204063415527344,-0.4580134153366089,-2.1937246322631836
1697036215.1804907,0.4234912395477295,-0.45449697971343994,-2.193385601043701
1697036215.2220776,0.4236888885498047,-0.4502159655094147,-2.192298412322998
1697036215.26371,0.4277649223804474,-0.44922947883605957,-2.221118450164795
1697036215.3077924,0.42437413334846497,-0.44994962215423584,-2.234246253967285
1697036215.3496356,0.42141515016555786,-0.4481433033943176,-2.2408664226531982
1697036215.3922489,0.4212549924850464,-0.44510990381240845,-2.2372477054595947
1697036215.433447,0.4211816191673279,-0.44635847210884094,-2.2365832328796387
1697036215.4756331,0.4230871796607971,-0.4500819742679596,-2.236842155456543
1697036215.5195856,0.4253886640071869,-0.4542454779148102,-2.236302614212036
1697036215.5607893,0.4274819493293762,-0.45889151096343994,-2.234145402908325
1697036215.6023579,0.42847776412963867,-0.4665699303150177,-2.234482765197754
1697036215.6431825,0.4275665879249573,-0.46807861328125,-2.234112501144409
1697036215.6867867,0.42514681816101074,-0.46639952063560486,-2.2288997173309326
1697036215.7283504,0.4215765595436096,-0.46329739689826965,-2.2232112884521484
1697036215.7714157,0.41739755868911743,-0.45984259247779846,-2.218385934829712
1697036215.8123693,0.4117037355899811,-0.45713716745376587,-2.2194011211395264
1697036215.8575397,0.4007347822189331,-0.4518390893936157,-2.197580575942993
1697036215.898115,0.39403036236763,-0.45309606194496155,-2.1994447708129883
1697036215.9397702,0.38904643058776855,-0.445846825838089,-2.185129165649414
1697036215.9804342,0.38625890016555786,-0.43771299719810486,-2.1700150966644287
1697036216.0232975,0.38965463638305664,-0.4419398903846741,-2.167067527770996
1697036216.0638814,0.39063936471939087,-0.4429347515106201,-2.1812756061553955
1697036216.1059115,0.3984498083591461,-0.4515675902366638,-2.1992039680480957
1697036216.1469696,0.4025997519493103,-0.4600938856601715,-2.2140085697174072
1697036216.189134,0.4021970331668854,-0.46725189685821533,-2.221752643585205
1697036216.2296727,0.3987129032611847,-0.4751201570034027,-2.2305243015289307
1697036216.2723958,0.40028008818626404,-0.48039376735687256,-2.2401351928710938
1697036216.3145244,0.40213656425476074,-0.4797587990760803,-2.2413036823272705
1697036216.3573775,0.3967694938182831,-0.4760483205318451,-2.2275614738464355
1697036216.3889291,0.3933747708797455,-0.47193092107772827,-2.2189903259277344
1697036216.4188354,0.3879059851169586,-0.4674052596092224,-2.1985607147216797
1697036216.449194,0.38453948497772217,-0.4657052457332611,-2.192816734313965
1697036216.4787378,0.38311225175857544,-0.4633300304412842,-2.1909019947052
1697036216.5078142,0.38614028692245483,-0.4616119861602783,-2.1979401111602783
1697036216.5373914,0.3823147416114807,-0.45543450117111206,-2.1838366985321045
1697036216.5669658,0.38056516647338867,-0.44860926270484924,-2.1749935150146484
1697036216.5960972,0.3803230822086334,-0.4481879770755768,-2.1708691120147705
1697036216.6266694,0.38012638688087463,-0.44788858294487,-2.1623945236206055
1697036216.6612384,0.38396427035331726,-0.4519006013870239,-2.177935838699341
1697036216.6972902,0.38281363248825073,-0.450418084859848,-2.1694250106811523
1697036216.7303784,0.38303273916244507,-0.45056286454200745,-2.1641955375671387
1697036216.7639325,0.3846944272518158,-0.45036548376083374,-2.1660962104797363
1697036216.7944484,0.3837154805660248,-0.4483792185783386,-2.1647415161132812
1697036216.8335614,0.3809814155101776,-0.44463813304901123,-2.1609103679656982
1697036216.8656023,0.3765634298324585,-0.44068533182144165,-2.1547727584838867
1697036216.8978136,0.37220096588134766,-0.43755361437797546,-2.1491546630859375
1697036216.9298809,0.3722546696662903,-0.4380641579627991,-2.152981996536255
1697036216.962433,0.376731276512146,-0.44511282444000244,-2.1829049587249756
1697036216.9966364,0.3765466809272766,-0.44946935772895813,-2.197904586791992
1697036217.030383,0.3799279034137726,-0.44976311922073364,-2.2123374938964844
1697036217.0636632,0.38442492485046387,-0.44785550236701965,-2.2220258712768555
1697036217.0966685,0.38679754734039307,-0.4452027678489685,-2.2299892902374268
1697036217.1297545,0.38674890995025635,-0.444285124540329,-2.23300838470459
1697036217.1642296,0.3883999288082123,-0.44617968797683716,-2.235793352127075
1697036217.1989172,0.3892775774002075,-0.4497154951095581,-2.237159490585327
1697036217.2309656,0.3898910582065582,-0.45364534854888916,-2.2376585006713867
1697036217.2644923,0.38969114422798157,-0.4563468098640442,-2.242689371109009
1697036217.3031657,0.38893696665763855,-0.45947974920272827,-2.243943691253662
1697036217.333744,0.38537874817848206,-0.46343880891799927,-2.244995594024658
1697036217.36638,0.3837848901748657,-0.4652048647403717,-2.243436574935913
1697036217.3974993,0.38203489780426025,-0.4640187621116638,-2.2413785457611084
1697036217.431747,0.3816821873188019,-0.46087855100631714,-2.237489700317383
1697036217.4661057,0.3806191384792328,-0.45621806383132935,-2.2265825271606445
1697036217.4977129,0.37933194637298584,-0.4540644884109497,-2.223700523376465
1697036217.531487,0.3787979185581207,-0.45159393548965454,-2.223111391067505
1697036217.564669,0.378465473651886,-0.44732022285461426,-2.2161426544189453
1697036217.5990956,0.37412211298942566,-0.44207918643951416,-2.1911706924438477
1697036217.6311567,0.3728087842464447,-0.43870633840560913,-2.1840648651123047
1697036217.6656954,0.37328991293907166,-0.44071078300476074,-2.181262493133545
1697036217.6991582,0.3742506802082062,-0.4423598647117615,-2.1811981201171875
1697036217.7322388,0.37364253401756287,-0.44735538959503174,-2.1822094917297363
1697036217.7647748,0.3753080368041992,-0.44879597425460815,-2.179107189178467
1697036217.7988398,0.37618300318717957,-0.45323917269706726,-2.180762529373169
1697036217.832774,0.37694039940834045,-0.4542519748210907,-2.1786162853240967
1697036217.8668373,0.3777415454387665,-0.4572923481464386,-2.184537887573242
1697036217.90066,0.37700966000556946,-0.46082234382629395,-2.194338798522949
1697036217.9299145,0.3767949044704437,-0.46428120136260986,-2.205962657928467
1697036217.9645166,0.3793966770172119,-0.4647073447704315,-2.217681407928467
1697036217.999643,0.38167715072631836,-0.46811822056770325,-2.228696823120117
1697036218.0329978,0.38504624366760254,-0.46778351068496704,-2.2387921810150146
1697036218.0665824,0.38842201232910156,-0.4663442075252533,-2.249051809310913
1697036218.1001048,0.391071081161499,-0.4654029607772827,-2.257856845855713
1697036218.1327493,0.3895823359489441,-0.4650905728340149,-2.2490670680999756
1697036218.166354,0.3858643174171448,-0.4613134562969208,-2.227214813232422
1697036218.2115893,0.3828008770942688,-0.4550118148326874,-2.2099227905273438
1697036218.2523634,0.3797302842140198,-0.4492814540863037,-2.1954798698425293
1697036218.2937746,0.3744522035121918,-0.44766464829444885,-2.18544864654541
1697036218.3341427,0.37218141555786133,-0.4481148421764374,-2.1745967864990234
1697036218.3787205,0.37172064185142517,-0.4571118950843811,-2.1953017711639404
1697036218.4239454,0.37379902601242065,-0.45853352546691895,-2.2098464965820312
1697036218.4645915,0.3724122643470764,-0.4552382826805115,-2.206428050994873
1697036218.5085278,0.372984915971756,-0.45470482110977173,-2.2173874378204346
1697036218.5517213,0.37415510416030884,-0.4561798870563507,-2.209545850753784
1697036218.593066,0.37490808963775635,-0.45747002959251404,-2.211184024810791
1697036218.6356428,0.37505534291267395,-0.4562086760997772,-2.211714744567871
1697036218.6788073,0.3743673861026764,-0.4579800069332123,-2.2183644771575928
1697036218.7199512,0.3748396039009094,-0.45336517691612244,-2.2088513374328613
1697036218.7609816,0.3746481239795685,-0.4473305642604828,-2.1947367191314697
1697036218.802038,0.37422552704811096,-0.4441080391407013,-2.184918165206909
1697036218.8453264,0.36836469173431396,-0.4336629807949066,-2.1550424098968506
1697036218.886411,0.3652268648147583,-0.4303683340549469,-2.141672134399414
1697036218.9269729,0.3642185926437378,-0.42978477478027344,-2.135282039642334
1697036218.9717019,0.3663637936115265,-0.4313730001449585,-2.1406469345092773
1697036219.0107684,0.37417420744895935,-0.4364156126976013,-2.1973044872283936
1697036219.0518606,0.3810485005378723,-0.441967636346817,-2.2270712852478027
1697036219.0936632,0.38649341464042664,-0.44476786255836487,-2.2447712421417236
1697036219.1374216,0.3903898298740387,-0.4506099820137024,-2.262871742248535
1697036228.593788,0.4955897629261017,-0.5131006240844727,-2.6759393215179443
1697036228.6598384,0.40391185879707336,-0.31372493505477905,-2.317979335784912
1697036228.7235775,0.474285364151001,-0.23250915110111237,-2.1864240169525146
1697036228.7876976,0.5039663314819336,-0.20034705102443695,-2.144298791885376
1697036228.8510504,0.5233578085899353,-0.2001185566186905,-2.129767417907715
1697036228.9139426,0.5294739603996277,-0.20585046708583832,-2.118462085723877
1697036228.9808586,0.5302897691726685,-0.21017266809940338,-2.108520269393921
1697036229.0173967,0.3942078649997711,-0.26833197474479675,-2.214369297027588
1697036229.0645742,0.37077465653419495,-0.19453999400138855,-2.251946449279785
1697036229.110266,0.3196798264980316,-0.10262896120548248,-2.19377064704895
1697036229.157036,0.2921113669872284,-0.0629371777176857,-2.149562120437622
1697036229.2031865,0.2780987322330475,-0.037976108491420746,-2.138789653778076
1697036229.2469244,0.23304833471775055,0.014043949544429779,-2.0646955966949463
1697036229.2935488,0.21835209429264069,0.010179869830608368,-2.0263991355895996
1697036229.3366878,0.22021366655826569,0.004319364205002785,-2.024043321609497
1697036229.385382,0.2034677267074585,-0.0011499971151351929,-1.9861764907836914
1697036229.4284713,0.21148249506950378,-0.015862980857491493,-1.9618337154388428
1697036229.4721231,0.2244872748851776,-0.024821655824780464,-1.9668816328048706
1697036229.5142775,0.24768111109733582,-0.017439035698771477,-1.9627372026443481
1697036229.559425,0.25908195972442627,-0.027615463361144066,-1.981813907623291
1697036229.6021848,0.26106131076812744,-0.02618243731558323,-1.972906231880188
1697036229.6424932,0.2666863203048706,-0.034753333777189255,-1.9693259000778198
1697036229.6860416,0.2771942913532257,-0.03109331615269184,-1.9441996812820435
1697036229.7265873,0.276540070772171,-0.042132966220378876,-1.9307875633239746
1697036229.7701602,0.27846401929855347,-0.048455044627189636,-1.9447840452194214
1697036229.8154082,0.28996890783309937,-0.05259046331048012,-1.97287118434906
1697036229.8604262,0.28581660985946655,-0.04125792533159256,-1.9854871034622192
1697036229.9044504,0.27446556091308594,-0.046416986733675,-1.9797189235687256
1697036229.9460483,0.2707780599594116,-0.054854266345500946,-1.9916647672653198
1697036229.9920833,0.26316308975219727,-0.058839015662670135,-1.9876352548599243
1697036230.0374105,0.2502913177013397,-0.0639529675245285,-1.9835697412490845
1697036230.0765622,0.2413540929555893,-0.06826744228601456,-1.9834840297698975
1697036230.119404,0.23251713812351227,-0.0684620589017868,-1.9733264446258545
1697036230.161345,0.22727183997631073,-0.06234101206064224,-1.9584904909133911
1697036230.20353,0.22936204075813293,-0.06113492697477341,-1.9554059505462646
1697036230.2457044,0.23276996612548828,-0.05744757503271103,-1.9492156505584717
1697036230.289585,0.24335834383964539,-0.05561859905719757,-1.9813323020935059
1697036230.3296285,0.24833720922470093,-0.04196353629231453,-1.995942234992981
1697036230.3706577,0.25048181414604187,-0.02826913446187973,-2.006131172180176
1697036230.4102457,0.2517085671424866,-0.018132558092474937,-2.0097999572753906
1697036230.4589622,0.24856916069984436,-0.032158076763153076,-1.9990395307540894
1697036230.504049,0.24523305892944336,-0.04336932301521301,-1.990515947341919
1697036230.5439022,0.24373528361320496,-0.05010348558425903,-1.9822728633880615
1697036230.5874975,0.23737893998622894,-0.05859793722629547,-1.9747333526611328
1697036230.6275284,0.23802930116653442,-0.06588202714920044,-1.9619693756103516
1697036230.6695993,0.2389722466468811,-0.06390802562236786,-1.9604414701461792
1697036230.7094643,0.23813654482364655,-0.06155340000987053,-1.9592618942260742
1697036230.751117,0.2411370873451233,-0.064214326441288,-1.9852356910705566
1697036230.7826624,0.2421950399875641,-0.06644260883331299,-2.004152536392212
1697036230.8129992,0.26436948776245117,-0.10166995972394943,-2.0395114421844482
1697036230.8455534,0.26689356565475464,-0.1018090546131134,-2.075256824493408
1697036230.8791397,0.264518141746521,-0.09567299485206604,-2.0903713703155518
1697036230.912685,0.26226651668548584,-0.09077811986207962,-2.1026952266693115
1697036230.9457097,0.2617744505405426,-0.09063418209552765,-2.1174118518829346
1697036230.9792368,0.26084741950035095,-0.09133397787809372,-2.137855291366577
1697036231.0109205,0.25847285985946655,-0.08995720744132996,-2.1469643115997314
1697036231.0499759,0.2527015209197998,-0.08961004763841629,-2.1332366466522217
1697036231.0835063,0.24559298157691956,-0.08815769851207733,-2.113607168197632
1697036231.1156616,0.2382194995880127,-0.0866108164191246,-2.0906388759613037
1697036231.146695,0.23207786679267883,-0.08153693377971649,-2.065899610519409
1697036231.1787624,0.22665484249591827,-0.07515738159418106,-2.043455123901367
1697036231.2123847,0.22178667783737183,-0.07151693105697632,-2.028395414352417
1697036231.245449,0.22128841280937195,-0.0768747627735138,-2.0205135345458984
1697036231.2797,0.2213953733444214,-0.08726587891578674,-2.0182316303253174
1697036231.3123682,0.2243703305721283,-0.07981476187705994,-2.008061647415161
1697036231.3461318,0.2274041324853897,-0.0719793289899826,-2.0005369186401367
1697036231.381317,0.2305353879928589,-0.06549020856618881,-1.9974150657653809
1697036231.4154902,0.23296067118644714,-0.06329720467329025,-2.002169132232666
1697036231.4464273,0.23651398718357086,-0.059794604778289795,-2.0047662258148193
1697036231.4814615,0.24116532504558563,-0.06149885058403015,-1.9989773035049438
1697036231.514541,0.24093930423259735,-0.061975158751010895,-2.0087320804595947
1697036231.5491805,0.23868627846240997,-0.0639507919549942,-2.0235002040863037
1697036231.5804815,0.23976729810237885,-0.06541299819946289,-2.0470333099365234
1697036231.6147017,0.24206078052520752,-0.06818145513534546,-2.0674893856048584
1697036231.6486797,0.2428150773048401,-0.0705481544137001,-2.0729010105133057
1697036231.681386,0.24314813315868378,-0.07308807969093323,-2.069530725479126
1697036231.7139325,0.2421821802854538,-0.07443487644195557,-2.058795690536499
1697036231.7466676,0.24098482728004456,-0.07461579889059067,-2.051116704940796
1697036231.7817895,0.24349144101142883,-0.07417735457420349,-2.0434324741363525
1697036231.8153389,0.2492700070142746,-0.07453666627407074,-2.0510621070861816
1697036231.8488708,0.25393247604370117,-0.07168225198984146,-2.044300079345703
1697036231.8833957,0.25625377893447876,-0.06936970353126526,-2.034883737564087
1697036231.916594,0.25495514273643494,-0.06654726713895798,-2.0240347385406494
1697036231.950116,0.25256580114364624,-0.0649147629737854,-2.009305477142334
1697036231.981762,0.25027790665626526,-0.06383676826953888,-1.9958513975143433
1697036232.0178382,0.24340088665485382,-0.06058747321367264,-1.9757171869277954
1697036232.0495558,0.23903024196624756,-0.057805098593235016,-1.9608930349349976
1697036232.083163,0.23366457223892212,-0.05471768602728844,-1.9480762481689453
1697036232.114227,0.23052695393562317,-0.05290210247039795,-1.9396731853485107
1697036232.149253,0.2300337851047516,-0.05152667313814163,-1.935185432434082
1697036232.1824064,0.23276597261428833,-0.052581749856472015,-1.9366027116775513
1697036232.2166107,0.23534785211086273,-0.05281367897987366,-1.9376463890075684
1697036232.2491312,0.2375926822423935,-0.052322424948215485,-1.9365472793579102
1697036232.2819004,0.241219624876976,-0.052219878882169724,-1.9378628730773926
1697036232.3164399,0.2437620311975479,-0.05180566757917404,-1.9365003108978271
1697036232.3494747,0.24748750030994415,-0.05017572641372681,-1.9413893222808838
1697036232.3820775,0.25120556354522705,-0.049893781542778015,-1.9438788890838623
1697036232.416546,0.25376054644584656,-0.050362132489681244,-1.9406033754348755
1697036232.449606,0.2537623643875122,-0.05057288706302643,-1.9346352815628052
1697036232.4841323,0.2509668171405792,-0.05041028559207916,-1.9328153133392334
1697036232.5166633,0.25007638335227966,-0.0503278523683548,-1.9314250946044922
1697036232.550721,0.24716004729270935,-0.05019722506403923,-1.9322829246520996
1697036232.596455,0.24294131994247437,-0.05080007016658783,-1.9313939809799194
1697036232.6396842,0.24308758974075317,-0.054335616528987885,-1.9320833683013916
1697036232.68076,0.2414233386516571,-0.05665316432714462,-1.9288287162780762
1697036232.7233613,0.24240955710411072,-0.060745224356651306,-1.92762291431427
1697036232.7644038,0.2430213987827301,-0.061024513095617294,-1.9302083253860474
1697036232.8079634,0.23897728323936462,-0.05948210507631302,-1.9278297424316406
1697036232.8478222,0.24005961418151855,-0.06007624417543411,-1.9298094511032104
1697036232.8893914,0.23869174718856812,-0.0597228929400444,-1.9303617477416992
1697036232.930682,0.24101129174232483,-0.0592106468975544,-1.9292125701904297
1697036232.9733489,0.24813005328178406,-0.05846196413040161,-1.9364650249481201
1697036233.0145488,0.24883946776390076,-0.05581331253051758,-1.9357941150665283
1697036233.0596213,0.2465057671070099,-0.05363349989056587,-1.933241605758667
1697036233.10144,0.24453617632389069,-0.05266677588224411,-1.9280949831008911
1697036233.1457872,0.2422497719526291,-0.05131295323371887,-1.923458218574524
1697036233.1886134,0.24528868496418,-0.04938620328903198,-1.9321874380111694
1697036233.2291443,0.2442467212677002,-0.04893477261066437,-1.9356958866119385
1697036233.2741745,0.2425316572189331,-0.05034283176064491,-1.9365378618240356
1697036233.3146548,0.24602656066417694,-0.0506226122379303,-1.9487801790237427
1697036233.3576982,0.24500539898872375,-0.05076128989458084,-1.9673267602920532
1697036233.3989973,0.24460193514823914,-0.05604829639196396,-1.97617506980896
1697036233.4405744,0.24096786975860596,-0.0601109117269516,-1.976761817932129
1697036233.4847727,0.23651160299777985,-0.06289653480052948,-1.9734824895858765
1697036233.5276868,0.2320096492767334,-0.06249157339334488,-1.9842921495437622
1697036233.571281,0.23616322875022888,-0.0662280023097992,-2.0037426948547363
1697036233.6118078,0.2402210235595703,-0.06835425645112991,-2.01724910736084
1697036233.6535237,0.24303507804870605,-0.06910838186740875,-2.0277860164642334
1697036233.6936417,0.22989624738693237,-0.07524390518665314,-2.005725860595703
1697036233.735408,0.21796059608459473,-0.07455693185329437,-1.9828376770019531
A coordinates: 0.2528544 0.20220086
B coordinates: -0.06717106 -0.12894085
