1696610152.2787025,0.5765901207923889,-0.20348641276359558,-2.335287094116211
1696610152.3458703,0.5761340260505676,-0.20451824367046356,-2.3310179710388184
1696610152.5181918,0.580984890460968,-0.20197144150733948,-2.325885057449341
1696610152.5497296,0.5845515727996826,-0.20151294767856598,-2.326751232147217
1696610152.5797765,0.5858432650566101,-0.20291531085968018,-2.3285071849823
1696610152.6083794,0.5864406824111938,-0.2042066752910614,-2.329868793487549
1696610152.6379037,0.585186779499054,-0.20541352033615112,-2.328869104385376
1696610152.6659873,0.5831303596496582,-0.2062034010887146,-2.32753849029541
1696610152.6946218,0.5801911950111389,-0.20631952583789825,-2.3264076709747314
1696610152.7228568,0.5779867172241211,-0.2059248834848404,-2.3259329795837402
1696610152.757721,0.5757832527160645,-0.20489540696144104,-2.3267738819122314
1696610152.785814,0.5747590065002441,-0.2046438306570053,-2.3270843029022217
1696610152.8155174,0.5737339854240417,-0.20449085533618927,-2.326634168624878
1696610152.8498013,0.5733423233032227,-0.2047213762998581,-2.3256678581237793
1696610152.8832421,0.5728233456611633,-0.20492801070213318,-2.3235554695129395
1696610152.9173148,0.5722541809082031,-0.20530015230178833,-2.3205530643463135
1696610152.9543762,0.5715034008026123,-0.2054515928030014,-2.317859649658203
1696610152.9839141,0.5722029209136963,-0.20518916845321655,-2.318150758743286
1696610153.0176308,0.5729944705963135,-0.2048799693584442,-2.3174631595611572
1696610153.0508242,0.5747010111808777,-0.20428594946861267,-2.3164913654327393
1696610153.08598,0.5774990320205688,-0.2038661241531372,-2.3196070194244385
1696610153.1177351,0.580269455909729,-0.2036399245262146,-2.3251709938049316
1696610153.150822,0.5832414031028748,-0.20314320921897888,-2.33271861076355
1696610153.1843474,0.5854662656784058,-0.20303179323673248,-2.3406782150268555
1696610153.2161574,0.5867096185684204,-0.20271702110767365,-2.346311569213867
1696610153.250783,0.584945559501648,-0.20281700789928436,-2.3479130268096924
1696610153.2838318,0.5818702578544617,-0.20323199033737183,-2.3466105461120605
1696610153.3208575,0.5782850384712219,-0.20354127883911133,-2.34321928024292
1696610153.351899,0.5742623209953308,-0.20310646295547485,-2.3366501331329346
1696610153.3851311,0.5713115930557251,-0.20302137732505798,-2.3364384174346924
1696610153.421773,0.5660925507545471,-0.20278175175189972,-2.336130380630493
1696610153.453813,0.5594683885574341,-0.2024262547492981,-2.3367528915405273
1696610153.4883375,0.5508133172988892,-0.20137594640254974,-2.336442470550537
1696610153.5218759,0.5384812355041504,-0.19729095697402954,-2.3331878185272217
1696610153.5534008,0.5203179717063904,-0.19011074304580688,-2.330782175064087
1696610153.5866957,0.4980827569961548,-0.1797635853290558,-2.3305606842041016
1696610153.6208086,0.47106263041496277,-0.1652495563030243,-2.3319876194000244
1696610153.6550257,0.4398765563964844,-0.14554154872894287,-2.332907199859619
1696610153.6866899,0.4084751009941101,-0.12088102847337723,-2.3365235328674316
1696610153.7229927,0.3769253194332123,-0.09324786812067032,-2.339632749557495
1696610153.755024,0.34641703963279724,-0.06382356584072113,-2.3386776447296143
1696610153.791606,0.31754112243652344,-0.03388688713312149,-2.3369140625
1696610153.8217666,0.29012760519981384,-0.006308693438768387,-2.3389840126037598
1696610153.8558578,0.26574012637138367,0.01683427020907402,-2.340900182723999
1696610153.8884025,0.24281857907772064,0.037086278200149536,-2.3391239643096924
1696610153.920565,0.22248709201812744,0.056459881365299225,-2.331341028213501
1696610153.9547021,0.2064168006181717,0.07350620627403259,-2.3241498470306396
1696610153.9898663,0.19468770921230316,0.08601895719766617,-2.314220428466797
1696610154.0235343,0.18757928907871246,0.09182392060756683,-2.3033127784729004
1696610154.0581162,0.18475249409675598,0.09055567532777786,-2.296236276626587
1696610154.091191,0.1860399842262268,0.0813625156879425,-2.291125774383545
1696610154.1242485,0.18955549597740173,0.06577838212251663,-2.284402847290039
1696610154.1567993,0.1956842839717865,0.04384365305304527,-2.2802529335021973
1696610154.1918488,0.20781859755516052,0.017582792788743973,-2.2811079025268555
1696610154.2239056,0.22232578694820404,-0.011261921375989914,-2.285687208175659
1696610154.2564454,0.2411629557609558,-0.04167300462722778,-2.2943596839904785
1696610154.2905407,0.2633894979953766,-0.07083168625831604,-2.3048548698425293
1696610154.3250322,0.2869522273540497,-0.09646667540073395,-2.313199043273926
1696610154.3565779,0.3075660765171051,-0.11489326506853104,-2.3190698623657227
1696610154.3906722,0.3223225772380829,-0.12658056616783142,-2.322859048843384
1696610154.4227555,0.328818142414093,-0.13018745183944702,-2.3262293338775635
1696610154.457058,0.32594582438468933,-0.12622997164726257,-2.3284952640533447
1696610154.4911451,0.31692805886268616,-0.11389932781457901,-2.329724073410034
1696610154.5252779,0.3038744032382965,-0.09416920691728592,-2.3244621753692627
1696610154.5588317,0.2876512408256531,-0.06858343631029129,-2.3157236576080322
1696610154.5919545,0.2690735459327698,-0.03851292282342911,-2.3098206520080566
1696610154.6247096,0.2503158450126648,-0.009571835398674011,-2.3151051998138428
1696610154.6598637,0.23299582302570343,0.01707824319601059,-2.3261878490448
1696610154.6914992,0.21649916470050812,0.04344945400953293,-2.338388681411743
1696610154.7259128,0.20298224687576294,0.06555604189634323,-2.3509082794189453
1696610154.758073,0.19304515421390533,0.08016636967658997,-2.3641772270202637
1696610154.792626,0.18510761857032776,0.08839212357997894,-2.368529796600342
1696610154.8258739,0.17942315340042114,0.08431980758905411,-2.375934600830078
1696610154.8619516,0.17670053243637085,0.07343144714832306,-2.374004364013672
1696610154.892499,0.1746123731136322,0.05574077367782593,-2.362098455429077
1696610154.9266756,0.1807151436805725,0.03260568901896477,-2.3595023155212402
1696610154.9617302,0.19352887570858002,0.004493832588195801,-2.3570334911346436
1696610154.99281,0.21496912837028503,-0.0256023071706295,-2.3505406379699707
1696610155.0278678,0.24149087071418762,-0.053363118320703506,-2.3416361808776855
1696610155.0632522,0.27077096700668335,-0.08212527632713318,-2.333820343017578
1696610155.093817,0.30270010232925415,-0.10794626176357269,-2.3320932388305664
1696610155.1284838,0.3324702978134155,-0.13414731621742249,-2.3331940174102783
1696610155.1615164,0.35744228959083557,-0.15809214115142822,-2.3371901512145996
1696610155.1928778,0.37461838126182556,-0.17724625766277313,-2.343763828277588
1696610155.2269447,0.3833739161491394,-0.19088046252727509,-2.348909854888916
1696610155.2629974,0.3816429674625397,-0.19714269042015076,-2.3532116413116455
1696610155.295224,0.37074413895606995,-0.19343224167823792,-2.3602006435394287
1696610155.3267837,0.353009432554245,-0.17943114042282104,-2.3694562911987305
1696610155.3619125,0.33025580644607544,-0.1557241678237915,-2.3755931854248047
1696610155.4050558,0.30370277166366577,-0.12370512634515762,-2.3715884685516357
1696610155.4507632,0.2775336802005768,-0.08498065173625946,-2.3722927570343018
1696610155.4939342,0.2538401484489441,-0.04382869601249695,-2.3776395320892334
1696610155.5383027,0.21970447897911072,0.02078142762184143,-2.404460906982422
1696610155.5799875,0.2006606012582779,0.05162625014781952,-2.3989062309265137
1696610155.6249397,0.18856506049633026,0.07471166551113129,-2.3852906227111816
1696610155.6695855,0.17354550957679749,0.10167869180440903,-2.351430654525757
1696610155.7134397,0.17338545620441437,0.09088356792926788,-2.3319363594055176
1696610155.7574112,0.1779136210680008,0.07451625913381577,-2.3210504055023193
1696610155.8004458,0.19125156104564667,0.035711634904146194,-2.320526123046875
1696610155.8466005,0.2124226987361908,-0.003868192434310913,-2.3346023559570312
1696610155.891808,0.23743431270122528,-0.03758138418197632,-2.3484947681427
1696610155.9373522,0.28710898756980896,-0.09315837919712067,-2.3659918308258057
1696610155.976955,0.32107120752334595,-0.12475068122148514,-2.375718355178833
1696610156.0207605,0.35040077567100525,-0.15103545784950256,-2.3823835849761963
1696610156.0628076,0.3730374872684479,-0.1738566756248474,-2.3849246501922607
1696610156.1072633,0.3965025246143341,-0.20426268875598907,-2.376661777496338
1696610156.1483045,0.39098113775253296,-0.20914813876152039,-2.376662015914917
1696610156.1906233,0.38347721099853516,-0.20701757073402405,-2.379754066467285
1696610156.2309127,0.372265100479126,-0.19715097546577454,-2.3863303661346436
1696610156.2729928,0.34505555033683777,-0.16314393281936646,-2.3879573345184326
1696610156.3147051,0.31716620922088623,-0.12572641670703888,-2.3900022506713867
1696610156.3597825,0.2893836498260498,-0.08636054396629333,-2.38413405418396
1696610156.4017756,0.24524584412574768,-0.014613594859838486,-2.3714728355407715
1696610156.445855,0.22339147329330444,0.023522406816482544,-2.3628323078155518
1696610156.4873407,0.20708438754081726,0.05282187834382057,-2.3584773540496826
1696610156.5280466,0.19309335947036743,0.07380491495132446,-2.351145029067993
1696610156.5707996,0.17489147186279297,0.09170372784137726,-2.3385772705078125
1696610156.6090455,0.17268680036067963,0.07800187170505524,-2.3398072719573975
1696610156.6530318,0.1761026680469513,0.06247754395008087,-2.340785264968872
1696610156.696245,0.18404726684093475,0.04323676601052284,-2.3437533378601074
1696610156.7383122,0.20439323782920837,0.0031433608382940292,-2.3454113006591797
1696610156.7808256,0.22920146584510803,-0.030057312920689583,-2.3527235984802246
1696610156.8235629,0.25636497139930725,-0.05893227830529213,-2.3588366508483887
1696610156.8658378,0.2856203317642212,-0.08624372631311417,-2.360283136367798
1696610156.9099243,0.3236578404903412,-0.1361413300037384,-2.3471333980560303
1696610156.9550076,0.33431199193000793,-0.1602160483598709,-2.3460729122161865
1696610156.9855492,0.3404772877693176,-0.17745539546012878,-2.3458762168884277
1696610157.0147812,0.34304338693618774,-0.18704326450824738,-2.3484315872192383
1696610157.0436747,0.34174102544784546,-0.18740540742874146,-2.353778123855591
1696610157.0743468,0.3345023989677429,-0.17756536602973938,-2.358297348022461
1696610157.105417,0.3235703706741333,-0.15910303592681885,-2.3632421493530273
1696610157.134971,0.30829307436943054,-0.13166087865829468,-2.3686184883117676
1696610157.1658692,0.29067686200141907,-0.09886831045150757,-2.373182773590088
1696610157.2009661,0.27122795581817627,-0.0655139833688736,-2.379132032394409
1696610157.2344773,0.25206243991851807,-0.034878380596637726,-2.3887500762939453
1696610157.2665963,0.23348844051361084,-0.007041875272989273,-2.3967695236206055
1696610157.3008733,0.21906717121601105,0.015237731859087944,-2.407200574874878
1696610157.3343434,0.20600160956382751,0.030087551102042198,-2.409694194793701
1696610157.3678963,0.19782871007919312,0.03247172757983208,-2.4113998413085938
1696610159.991796,0.21586771309375763,0.3470308184623718,-2.0543384552001953
1696610160.052036,0.21689929068088531,0.3520646393299103,-2.0466508865356445
1696610160.0996027,0.21634641289710999,0.35096025466918945,-2.044022560119629
1696610160.147711,0.21732033789157867,0.3510381877422333,-2.0403196811676025
1696610160.2138522,0.21442481875419617,0.350116103887558,-2.0449092388153076
1696610160.281419,0.216240793466568,0.3501645028591156,-2.0460400581359863
1696610160.350003,0.2141876369714737,0.3499317169189453,-2.0497121810913086
1696610160.396741,0.21148864924907684,0.34924551844596863,-2.051708221435547
1696610160.4408674,0.20940041542053223,0.34885692596435547,-2.0529944896698
1696610160.4896047,0.20761136710643768,0.3492799699306488,-2.0541138648986816
1696610160.5352664,0.20888008177280426,0.3478086292743683,-2.05293345451355
1696610160.5773556,0.2096112072467804,0.34615588188171387,-2.0519297122955322
1696610160.6216302,0.20981211960315704,0.3459448516368866,-2.05078387260437
1696610160.6651783,0.2099207043647766,0.34513092041015625,-2.0494744777679443
1696610160.7079897,0.21050508320331573,0.34499213099479675,-2.0481984615325928
1696610160.8179548,0.21632690727710724,0.3492000102996826,-2.0425093173980713
1696610160.9568741,0.21510247886180878,0.3472011685371399,-2.0454659461975098
1696610160.9902475,0.21845445036888123,0.3506370186805725,-2.0417277812957764
1696610161.1167574,0.22023905813694,0.35151344537734985,-2.043152332305908
1696610161.185709,0.21867287158966064,0.34928789734840393,-2.0476508140563965
1696610161.2487774,0.2124432921409607,0.34401094913482666,-2.0533394813537598
1696610161.3507824,0.20999351143836975,0.34270772337913513,-2.054042339324951
1696610161.3798108,0.20791977643966675,0.3414843678474426,-2.0545578002929688
1696610161.4146397,0.20611394941806793,0.34108880162239075,-2.0543770790100098
1696610161.4477055,0.20645034313201904,0.3414079546928406,-2.0528392791748047
1696610161.4803553,0.20791448652744293,0.34310412406921387,-2.049596071243286
1696610161.5150795,0.2063421905040741,0.34298741817474365,-2.0495283603668213
1696610161.5480297,0.20623628795146942,0.3418692350387573,-2.050048828125
1696610161.5805912,0.20591597259044647,0.34065064787864685,-2.053598403930664
1696610161.615642,0.20628602802753448,0.33833760023117065,-2.0563852787017822
1696610161.6497443,0.2083243429660797,0.3374558389186859,-2.0561366081237793
1696610161.6833153,0.21235984563827515,0.33817169070243835,-2.0529699325561523
1696610161.7159991,0.21691186726093292,0.3389136791229248,-2.0482025146484375
1696610161.749911,0.2201756089925766,0.3391813039779663,-2.0446248054504395
1696610161.783986,0.2228538542985916,0.3393617868423462,-2.0405592918395996
1696610161.8150604,0.22332409024238586,0.3399854004383087,-2.039046287536621
1696610161.848627,0.2223997265100479,0.3403903841972351,-2.0381555557250977
1696610161.8818216,0.2216772735118866,0.34132832288742065,-2.035794496536255
1696610161.9158714,0.21955813467502594,0.3418542146682739,-2.034165859222412
1696610161.949915,0.21665723621845245,0.34213143587112427,-2.0334625244140625
1696610161.9820564,0.2158913016319275,0.3432925045490265,-2.0302507877349854
1696610162.0167425,0.2141154706478119,0.34345459938049316,-2.0286502838134766
1696610162.04832,0.21172432601451874,0.34214821457862854,-2.0293006896972656
1696610162.0832114,0.21134565770626068,0.3404366374015808,-2.0294041633605957
1696610162.1173143,0.21311640739440918,0.339966356754303,-2.0283007621765137
1696610162.149887,0.21489804983139038,0.34098944067955017,-2.0291645526885986
1696610162.18187,0.21537183225154877,0.34128519892692566,-2.0310730934143066
1696610162.2160919,0.21530503034591675,0.34234368801116943,-2.0332040786743164
1696610162.250248,0.21558909118175507,0.3444826304912567,-2.034897804260254
1696610162.28271,0.21596401929855347,0.3464767038822174,-2.035215377807617
1696610162.3173847,0.215884268283844,0.34832167625427246,-2.037363290786743
1696610162.3510087,0.2153710424900055,0.34905093908309937,-2.03814959526062
1696610162.3834834,0.21755552291870117,0.3483738601207733,-2.0386581420898438
1696610162.4519436,0.22047322988510132,0.3473662734031677,-2.0389723777770996
1696610162.4839911,0.2233276069164276,0.34757059812545776,-2.0374557971954346
1696610162.5172477,0.22570118308067322,0.3467545211315155,-2.0359444618225098
1696610162.551348,0.22696438431739807,0.34553006291389465,-2.035451650619507
1696610162.5845573,0.2277335673570633,0.34429869055747986,-2.0351157188415527
1696610162.618191,0.22645525634288788,0.34214621782302856,-2.036365509033203
1696610162.6508534,0.22419242560863495,0.33874621987342834,-2.037820816040039
1696610162.685951,0.2215929627418518,0.3354111313819885,-2.039863109588623
1696610162.7178226,0.21929030120372772,0.33236223459243774,-2.040872097015381
1696610162.7518878,0.2173452228307724,0.33073747158050537,-2.0416529178619385
1696610162.7869701,0.21695053577423096,0.33043423295021057,-2.04072642326355
1696610162.822075,0.21651850640773773,0.3308154046535492,-2.039569616317749
1696610162.855625,0.21773669123649597,0.3326394259929657,-2.0370073318481445
1696610162.8876767,0.21698038280010223,0.33367472887039185,-2.035217046737671
1696610162.9202936,0.2171241044998169,0.3352554738521576,-2.0332961082458496
1696610162.9540043,0.2162027806043625,0.3360121250152588,-2.033224582672119
1696610162.9871058,0.21763044595718384,0.33707502484321594,-2.0306782722473145
1696610163.021854,0.22050099074840546,0.33814749121665955,-2.0269663333892822
1696610163.0549781,0.22412821650505066,0.3389129340648651,-2.02327823638916
1696610163.0950558,0.22506020963191986,0.3386662006378174,-2.0238068103790283
1696610163.1256227,0.22598960995674133,0.3386137783527374,-2.0243477821350098
1696610163.1568012,0.22482284903526306,0.33778882026672363,-2.0270133018493652
1696610163.1879199,0.22421853244304657,0.33671674132347107,-2.0282232761383057
1696610163.2212934,0.22474901378154755,0.3366498053073883,-2.0274124145507812
1696610163.254849,0.2239481657743454,0.3366171419620514,-2.0291900634765625
1696610163.2880309,0.2226281762123108,0.33700963854789734,-2.03171706199646
1696610163.322664,0.22094839811325073,0.33872273564338684,-2.0345420837402344
1696610163.3559241,0.22021807730197906,0.339724063873291,-2.033883810043335
1696610163.3906207,0.22021254897117615,0.34133368730545044,-2.032257318496704
1696610163.422809,0.22071020305156708,0.34313011169433594,-2.0307962894439697
1696610163.455908,0.21980755031108856,0.34389176964759827,-2.0315494537353516
1696610163.4898288,0.2194080352783203,0.3443545401096344,-2.0321433544158936
1696610163.522887,0.21962396800518036,0.3446241319179535,-2.0332677364349365
1696610163.5561032,0.218746155500412,0.3435790538787842,-2.0350093841552734
1696610163.5886688,0.21891549229621887,0.34272703528404236,-2.034586191177368
1696610163.6238728,0.2193147838115692,0.34193405508995056,-2.0337793827056885
1696610163.657418,0.2185189127922058,0.34048107266426086,-2.0351624488830566
1696610163.6909897,0.2187453657388687,0.33974236249923706,-2.035506010055542
1696610163.7225962,0.21856805682182312,0.3397175073623657,-2.036947727203369
1696610163.7571578,0.21776083111763,0.33950552344322205,-2.039079427719116
1696610163.7907727,0.2160419225692749,0.3394234776496887,-2.0409939289093018
1696610163.823913,0.2146901786327362,0.33971208333969116,-2.041586399078369
1696610163.8580167,0.2141561210155487,0.34126296639442444,-2.0423190593719482
1696610163.8918202,0.21478578448295593,0.34307998418807983,-2.043137788772583
1696610163.92466,0.21580472588539124,0.3456072509288788,-2.044565439224243
1696610163.958741,0.21713964641094208,0.34775158762931824,-2.045203685760498
1696610163.9931061,0.21803919970989227,0.3495863974094391,-2.045794725418091
1696610164.0247169,0.21735063195228577,0.349976122379303,-2.047254800796509
1696610164.058757,0.21576914191246033,0.34946343302726746,-2.0485057830810547
1696610164.0915833,0.21368378400802612,0.34896010160446167,-2.04984712600708
1696610164.1246626,0.21139651536941528,0.34859925508499146,-2.051558494567871
1696610164.1589189,0.20961342751979828,0.3482155501842499,-2.0530378818511963
1696610164.1920393,0.2081916630268097,0.34734299778938293,-2.054408311843872
1696610164.226939,0.20682622492313385,0.3463559150695801,-2.05515718460083
1696610164.2581,0.20634406805038452,0.34546592831611633,-2.0549116134643555
1696610164.2926106,0.2057255059480667,0.3439699411392212,-2.0542845726013184
1696610164.3271372,0.2061735987663269,0.34222733974456787,-2.0535831451416016
1696610164.3584793,0.20803754031658173,0.33981025218963623,-2.0510647296905518
1696610164.3932283,0.21004913747310638,0.3373008668422699,-2.0497846603393555
1696610164.4270668,0.21100467443466187,0.3341519236564636,-2.0495967864990234
1696610164.4617503,0.21158328652381897,0.33228111267089844,-2.051483392715454
1696610164.4932983,0.21197791397571564,0.33220821619033813,-2.0550739765167236
1696610164.5259316,0.2126682549715042,0.33202871680259705,-2.0582523345947266
1696610164.560711,0.21301968395709991,0.3328002691268921,-2.0611302852630615
1696610164.5943155,0.212327241897583,0.33436861634254456,-2.0635998249053955
1696610164.6279693,0.21068626642227173,0.3366051912307739,-2.066272735595703
1696610164.6618333,0.20849287509918213,0.33928382396698,-2.06795597076416
1696610164.6943831,0.20694416761398315,0.3425014615058899,-2.0673928260803223
1696610164.7298167,0.2059817612171173,0.343797504901886,-2.063462972640991
1696610164.7628667,0.20412544906139374,0.3448132276535034,-2.0603764057159424
1696610164.7954137,0.203931987285614,0.34513649344444275,-2.056178092956543
1696610164.8279877,0.20565223693847656,0.344726026058197,-2.0507802963256836
1696610164.8609254,0.20797370374202728,0.34354326128959656,-2.0457053184509277
1696610164.8949912,0.20875141024589539,0.34201741218566895,-2.042729377746582
1696610164.9305832,0.20939938724040985,0.34093278646469116,-2.039337396621704
1696610164.961787,0.2100847065448761,0.33977121114730835,-2.035735845565796
1696610164.997281,0.20915532112121582,0.3389618396759033,-2.0347800254821777
1696610165.0322535,0.20811648666858673,0.3377332091331482,-2.0330374240875244
1696610165.0657716,0.20751099288463593,0.33660104870796204,-2.0320048332214355
1696610165.0968409,0.20768091082572937,0.3348996639251709,-2.031362295150757
1696610165.1305492,0.20851364731788635,0.33370155096054077,-2.03078031539917
1696610165.1630726,0.21013391017913818,0.33265307545661926,-2.0304319858551025
1696610167.7496996,-0.06767776608467102,0.042655277997255325,-2.0963633060455322
1696610167.8069956,-0.07548978924751282,0.03789076209068298,-2.103618860244751
1696610167.8477075,-0.08590154349803925,0.035553187131881714,-2.1177446842193604
1696610167.906847,-0.08221100270748138,0.03798889368772507,-2.1124279499053955
1696610167.9516373,-0.08433236181735992,0.040379174053668976,-2.1100964546203613
1696610168.024786,-0.08336875587701797,0.03795314580202103,-2.1110239028930664
1696610168.0864081,-0.07867439091205597,0.0343078151345253,-2.1071419715881348
1696610168.1526747,-0.07452292740345001,0.031721051782369614,-2.0994625091552734
1696610168.1948974,-0.07430658489465714,0.032107505947351456,-2.0973334312438965
1696610168.2400153,-0.07668012380599976,0.032399944961071014,-2.0971834659576416
1696610168.2838578,-0.08197920024394989,0.02705821581184864,-2.0988972187042236
1696610168.328142,-0.08472725003957748,0.025863926857709885,-2.0966689586639404
1696610168.3743262,-0.08784379065036774,0.026647303253412247,-2.0967187881469727
1696610168.5787616,-0.08571630716323853,0.030539773404598236,-2.0779597759246826
1696610168.608995,-0.08127276599407196,0.030849333852529526,-2.0800247192382812
1696610168.6398623,-0.07662571966648102,0.030845902860164642,-2.0796079635620117
1696610168.6729114,-0.07215655595064163,0.032155826687812805,-2.082141637802124
1696610168.7069933,-0.06854754686355591,0.033929068595170975,-2.083725690841675
1696610168.7406,-0.06566036492586136,0.035432860255241394,-2.0851519107818604
1696610168.7727003,-0.06361236423254013,0.03723043203353882,-2.0874381065368652
1696610168.8062487,-0.06278352439403534,0.03813997656106949,-2.09041690826416
1696610168.839809,-0.06338348984718323,0.03854070603847504,-2.094207525253296
1696610168.8735576,-0.06491725891828537,0.03818732500076294,-2.097799062728882
1696610168.9062433,-0.06756128370761871,0.03780779242515564,-2.1015396118164062
1696610168.9396243,-0.07042375206947327,0.03761156648397446,-2.105159282684326
1696610168.9738784,-0.0725688636302948,0.03835330903530121,-2.1077709197998047
1696610169.008541,-0.0735209584236145,0.040256068110466,-2.1094400882720947
1696610169.0426211,-0.07416846603155136,0.042899928987026215,-2.111276149749756
1696610169.0740893,-0.07468351721763611,0.04609077423810959,-2.1133735179901123
1696610169.1096525,-0.0752977579832077,0.049418143928050995,-2.115817070007324
1696610169.1406934,-0.07652290165424347,0.05285269021987915,-2.118300676345825
1696610169.1731384,-0.07783135771751404,0.05395809933543205,-2.119837999343872
1696610169.2072773,-0.07957091927528381,0.05287422239780426,-2.1199963092803955
1696610169.2419698,-0.08282411098480225,0.050529155880212784,-2.121213436126709
1696610169.2741194,-0.08570144325494766,0.04771353676915169,-2.120715618133545
1696610169.310303,-0.0871434360742569,0.04495009034872055,-2.1195120811462402
1696610169.3428497,-0.08824712783098221,0.042627498507499695,-2.1182591915130615
1696610169.3750002,-0.08941654860973358,0.0407261922955513,-2.1169967651367188
1696610169.4086921,-0.09039610624313354,0.03933284431695938,-2.115424394607544
1696610169.4407656,-0.09135803580284119,0.0376601442694664,-2.1136209964752197
1696610169.474884,-0.0915161520242691,0.035845473408699036,-2.1099560260772705
1696610169.5079854,-0.09141427278518677,0.03354812413454056,-2.10506272315979
1696610169.5426984,-0.09155678749084473,0.03129103407263756,-2.100355625152588
1696610169.5758984,-0.09075254201889038,0.02942229062318802,-2.0950064659118652
1696610169.6099093,-0.08984372764825821,0.0269358791410923,-2.0896055698394775
1696610169.6409886,-0.08679541945457458,0.024783186614513397,-2.0848281383514404
1696610169.6750672,-0.08278568089008331,0.023546934127807617,-2.0806376934051514
1696610169.7087593,-0.07792933285236359,0.02380065619945526,-2.0785868167877197
1696610169.7418253,-0.07306866347789764,0.02520909160375595,-2.078097105026245
1696610169.7759497,-0.06877674162387848,0.02634451910853386,-2.0791563987731934
1696610169.8107471,-0.06555315852165222,0.028647776693105698,-2.0809898376464844
1696610169.8435793,-0.06364063173532486,0.031439464539289474,-2.0827109813690186
1696610169.8776143,-0.0630798488855362,0.03323018550872803,-2.0843491554260254
1696610169.9117537,-0.06327074766159058,0.03514174371957779,-2.0870375633239746
1696610169.9444091,-0.06471021473407745,0.036161623895168304,-2.088989496231079
1696610169.977318,-0.06641779094934464,0.036705054342746735,-2.090261936187744
1696610170.011955,-0.06730526685714722,0.03755824267864227,-2.089607000350952
1696610170.0450616,-0.06703349202871323,0.03881395608186722,-2.0902304649353027
1696610170.0777385,-0.06622784584760666,0.04018012061715126,-2.0893394947052
1696610170.1118078,-0.06503872573375702,0.04245458543300629,-2.089243173599243
1696610170.1433375,-0.06434715539216995,0.04455580562353134,-2.0882837772369385
1696610170.1768758,-0.0639583021402359,0.04638916254043579,-2.087494134902954
1696610170.2099829,-0.06455010175704956,0.04822657257318497,-2.085946559906006
1696610170.2456906,-0.06619959324598312,0.0476919524371624,-2.0846457481384277
1696610170.2780511,-0.06791806221008301,0.04562653601169586,-2.0837883949279785
1696610170.3136492,-0.06939490884542465,0.043227292597293854,-2.0835022926330566
1696610170.3458042,-0.07063288986682892,0.040819887071847916,-2.0829265117645264
1696610170.3823905,-0.0725819319486618,0.03812413662672043,-2.082803726196289
1696610170.4129734,-0.07466089725494385,0.03553022816777229,-2.081578016281128
1696610170.447498,-0.07974234223365784,0.0344676710665226,-2.0812880992889404
1696610170.51575,-0.0825720876455307,0.03384898602962494,-2.0782649517059326
1696610170.5483317,-0.08351127803325653,0.034656986594200134,-2.0751307010650635
1696610170.583392,-0.08338980376720428,0.03503018990159035,-2.0711660385131836
1696610170.6151986,-0.08230075240135193,0.03518294915556908,-2.0667612552642822
1696610170.6487489,-0.08050011098384857,0.03500337526202202,-2.0622167587280273
1696610170.6813989,-0.07809258252382278,0.034110669046640396,-2.058194398880005
1696610170.716094,-0.0744759738445282,0.033028408885002136,-2.0548319816589355
1696610170.7496326,-0.0701659619808197,0.032031264156103134,-2.052478075027466
1696610170.7808056,-0.06561550498008728,0.03194490075111389,-2.0516037940979004
1696610170.816883,-0.06096856668591499,0.032134681940078735,-2.052762508392334
1696610170.8499508,-0.05686172470450401,0.032354746013879776,-2.0558888912200928
1696610170.8818152,-0.05427343398332596,0.03239617496728897,-2.0593252182006836
1696610170.9158952,-0.053629159927368164,0.032444752752780914,-2.064112663269043
1696610170.9496963,-0.054458439350128174,0.03361188620328903,-2.0703794956207275
1696610170.9834673,-0.0558960996568203,0.035084694623947144,-2.07680344581604
1696610171.0176048,-0.058287255465984344,0.036714594811201096,-2.08461332321167
1696610171.050707,-0.06131038814783096,0.038556039333343506,-2.0910532474517822
1696610171.0857558,-0.06347575038671494,0.040172796696424484,-2.0942025184631348
1696610171.115799,-0.0662660300731659,0.041761819273233414,-2.0975611209869385
1696610171.1503823,-0.06831424683332443,0.04371706023812294,-2.101686954498291
1696610171.1849382,-0.07003723084926605,0.04588044062256813,-2.106541872024536
1696610171.2175426,-0.07230314612388611,0.048550818115472794,-2.1128172874450684
1696610171.2516155,-0.07432552427053452,0.0515342652797699,-2.119776725769043
1696610171.2840886,-0.07539829611778259,0.054365865886211395,-2.1260173320770264
1696610171.3177352,-0.07534734904766083,0.05769934877753258,-2.130305290222168
1696610171.3510604,-0.07503847777843475,0.06016755849123001,-2.131551504135132
1696610171.3856227,-0.07482074201107025,0.0622793473303318,-2.1303749084472656
1696610171.4177153,-0.07500249892473221,0.06214926019310951,-2.1284549236297607
1696610171.4516718,-0.07547241449356079,0.059844452887773514,-2.1269242763519287
1696610171.4859552,-0.0764136016368866,0.05558832362294197,-2.125696897506714
1696610171.516565,-0.0779314935207367,0.049216438084840775,-2.123356342315674
1696610171.5506501,-0.07873539626598358,0.042126402258872986,-2.1197519302368164
1696610171.5857208,-0.07991021126508713,0.035537637770175934,-2.115549087524414
1696610171.6181588,-0.08105798065662384,0.030781302601099014,-2.110903739929199
1696610171.6518073,-0.08269177377223969,0.02724943868815899,-2.1051154136657715
1696610171.6859052,-0.08305639028549194,0.025082364678382874,-2.0999579429626465
1696610171.7199404,-0.0821881964802742,0.0227920264005661,-2.0946567058563232
1696610171.7516127,-0.0794861763715744,0.02180315926671028,-2.0903282165527344
1696610171.7856803,-0.07609374821186066,0.02179667167365551,-2.087096691131592
1696610171.8197742,-0.07280495762825012,0.022088032215833664,-2.0853750705718994
1696610171.8531005,-0.07001380622386932,0.02342292293906212,-2.0837459564208984
1696610171.8856478,-0.0680728554725647,0.025273293256759644,-2.0822913646698
1696610171.9197347,-0.06633900105953217,0.027470579370856285,-2.0803780555725098
1696610171.952813,-0.06452138721942902,0.029493458569049835,-2.0792794227600098
1696610171.9859693,-0.0641307607293129,0.03064166009426117,-2.0792853832244873
1696610172.0197797,-0.06571562588214874,0.031223997473716736,-2.079392910003662
1696610172.0533035,-0.06863313913345337,0.0307694673538208,-2.0815932750701904
1696610172.087735,-0.07265961915254593,0.029749279841780663,-2.08614182472229
1696610172.1214156,-0.07610692083835602,0.02935883216559887,-2.0901107788085938
1696610172.155992,-0.07920714467763901,0.02975710667669773,-2.0921597480773926
1696610172.1867383,-0.08188389986753464,0.031241217628121376,-2.0925986766815186
1696610172.2205846,-0.08444518595933914,0.03231191262602806,-2.0923519134521484
1696610172.2565074,-0.0864785835146904,0.032381571829319,-2.091370105743408
1696610172.2880702,-0.08691339194774628,0.03195178881287575,-2.087573528289795
1696610172.3217177,-0.08665841817855835,0.03148476034402847,-2.0832715034484863
1696610172.3557055,-0.08583545684814453,0.02936587855219841,-2.0800890922546387
1696610172.3897848,-0.08557857573032379,0.026143305003643036,-2.0792601108551025
1696610172.4210613,-0.08459866046905518,0.02317960187792778,-2.0787250995635986
1696610172.4553492,-0.08241721987724304,0.021380499005317688,-2.077716588973999
1696610172.4889035,-0.07982136309146881,0.020256202667951584,-2.0776877403259277
1696610172.5219562,-0.07675914466381073,0.01927156001329422,-2.078341484069824
1696610172.555082,-0.07396180927753448,0.01870664954185486,-2.0782651901245117
1696610172.588647,-0.07128305733203888,0.017706990242004395,-2.077484130859375
1696610172.6213636,-0.06883969157934189,0.016811177134513855,-2.0750274658203125
1696610172.6559134,-0.06726536154747009,0.017022933810949326,-2.073218584060669
1696610172.6909773,-0.06526796519756317,0.018260139971971512,-2.072847604751587
1696610172.723781,-0.06340490281581879,0.0205219853669405,-2.0743303298950195
1696610172.7558355,-0.06340643763542175,0.02270764485001564,-2.077193021774292
1696610172.7914815,-0.06451114267110825,0.024534475058317184,-2.080559730529785
1696610172.8220823,-0.06558924913406372,0.02539239451289177,-2.0829453468322754
1696610172.8576367,-0.06663812696933746,0.02609098330140114,-2.0855395793914795
1696610175.2230306,0.33370840549468994,-0.27547794580459595,-2.3465845584869385
1696610175.2905142,0.3325174152851105,-0.2845569849014282,-2.2980997562408447
1696610175.3557324,0.3398857116699219,-0.2865510880947113,-2.2772369384765625
1696610175.4217925,0.34461840987205505,-0.27998074889183044,-2.2760009765625
1696610175.4879367,0.3409402668476105,-0.2732546329498291,-2.272745370864868
1696610175.5549479,0.33774423599243164,-0.27031129598617554,-2.268796682357788
1696610175.6000156,0.3328462839126587,-0.2694898247718811,-2.2609333992004395
1696610175.6441038,0.328777939081192,-0.26970723271369934,-2.2559216022491455
1696610175.6877358,0.32593512535095215,-0.26977965235710144,-2.2547738552093506
1696610175.7343423,0.32042190432548523,-0.2714528441429138,-2.228670835494995
1696610175.8938475,0.2958865761756897,-0.23438571393489838,-2.103811502456665
1696610175.9359028,0.2927878201007843,-0.21509675681591034,-2.0795767307281494
1696610175.9640722,0.29472827911376953,-0.21258118748664856,-2.076897621154785
1696610175.9986227,0.29491278529167175,-0.2136366069316864,-2.0795576572418213
1696610176.0326889,0.29520344734191895,-0.2162972390651703,-2.086182117462158
1696610176.065038,0.29639768600463867,-0.2203177809715271,-2.094822406768799
1696610176.0985825,0.29866811633110046,-0.22346679866313934,-2.0997982025146484
1696610176.1324053,0.30143919587135315,-0.22521206736564636,-2.10194730758667
1696610176.1649442,0.30390986800193787,-0.22653603553771973,-2.1015512943267822
1696610176.197494,0.30536603927612305,-0.22649860382080078,-2.0989151000976562
1696610176.2328212,0.30610597133636475,-0.22620889544487,-2.0956990718841553
1696610176.2659001,0.30603164434432983,-0.22545355558395386,-2.0931975841522217
1696610176.2984715,0.3059602379798889,-0.22435271739959717,-2.091566324234009
1696610176.3326657,0.3058238625526428,-0.22329246997833252,-2.090348958969116
1696610176.3657367,0.3057074248790741,-0.22230303287506104,-2.090597629547119
1696610176.3983202,0.30593016743659973,-0.2226409614086151,-2.0919268131256104
1696610176.4319491,0.3058723509311676,-0.22297699749469757,-2.0932672023773193
1696610176.4646544,0.3057112991809845,-0.22351181507110596,-2.097273826599121
1696610176.499734,0.30608177185058594,-0.2245999276638031,-2.1022937297821045
1696610176.5327969,0.30654045939445496,-0.2256312519311905,-2.107213258743286
1696610176.5674176,0.30722829699516296,-0.22646424174308777,-2.112185001373291
1696610176.59997,0.3088088035583496,-0.227129265666008,-2.116016149520874
1696610176.6328118,0.31096699833869934,-0.22793033719062805,-2.1184911727905273
1696610176.6667557,0.3127145767211914,-0.2285846471786499,-2.119729518890381
1696610176.7005246,0.31432268023490906,-0.2294493466615677,-2.1185288429260254
1696610176.734622,0.3156222403049469,-0.23039361834526062,-2.117995500564575
1696610176.767733,0.31689995527267456,-0.23200610280036926,-2.118140935897827
1696610176.7997801,0.3181895315647125,-0.23470613360404968,-2.1213526725769043
1696610176.834795,0.3203134536743164,-0.23706784844398499,-2.127208709716797
1696610176.8683884,0.3234207332134247,-0.23995114862918854,-2.1346495151519775
1696610176.9024312,0.3270814120769501,-0.2433909922838211,-2.145375967025757
1696610176.933466,0.33061203360557556,-0.24595530331134796,-2.154859781265259
1696610176.9670072,0.3332573473453522,-0.24773970246315002,-2.162731170654297
1696610177.000597,0.3348022699356079,-0.24973443150520325,-2.1691901683807373
1696610177.033178,0.33573096990585327,-0.2507346570491791,-2.1741786003112793
1696610177.0697494,0.3360953629016876,-0.251272052526474,-2.1767642498016357
1696610177.1009796,0.3362603783607483,-0.2517198324203491,-2.17966890335083
1696610177.1350641,0.33652788400650024,-0.25203385949134827,-2.1843271255493164
1696610177.167237,0.3367285430431366,-0.25294211506843567,-2.1905641555786133
1696610177.2020328,0.33753645420074463,-0.2537153959274292,-2.197084903717041
1696610177.2352197,0.3384484052658081,-0.25394970178604126,-2.2035586833953857
1696610177.2697735,0.3392268121242523,-0.2536569833755493,-2.209624767303467
1696610177.3018575,0.33951693773269653,-0.25281500816345215,-2.214458703994751
1696610177.335664,0.3394182622432709,-0.25125831365585327,-2.2180027961730957
1696610177.3687806,0.33880650997161865,-0.2494352012872696,-2.2198727130889893
1696610177.4044118,0.33721739053726196,-0.24757835268974304,-2.2203891277313232
1696610177.4360225,0.3348611891269684,-0.24557246267795563,-2.219856023788452
1696610177.4699998,0.33158424496650696,-0.24337294697761536,-2.2196779251098633
1696610177.5020368,0.327728807926178,-0.2409735471010208,-2.2212185859680176
1696610177.5351217,0.32311752438545227,-0.23902527987957,-2.2253949642181396
1696610177.5696723,0.3190724849700928,-0.23639418184757233,-2.231074094772339
1696610177.6028361,0.31511664390563965,-0.233180433511734,-2.238192558288574
1696610177.6379309,0.31103646755218506,-0.22913311421871185,-2.244758129119873
1696610177.6720557,0.3071640133857727,-0.2242141216993332,-2.2477359771728516
1696610177.703669,0.30428946018218994,-0.21967600286006927,-2.2482876777648926
1696610177.7378132,0.3025655448436737,-0.21588169038295746,-2.2473645210266113
1696610177.7737315,0.30134662985801697,-0.21317797899246216,-2.2418899536132812
1696610177.8048205,0.3010713458061218,-0.2113581895828247,-2.2337119579315186
1696610177.83993,0.3019418716430664,-0.2100507616996765,-2.2259459495544434
1696610177.8720098,0.30478334426879883,-0.20957797765731812,-2.219489812850952
1696610177.9060116,0.30826258659362793,-0.2109721601009369,-2.2145724296569824
1696610177.9406357,0.31221649050712585,-0.21352826058864594,-2.213785171508789
1696610177.97385,0.3157661557197571,-0.21525399386882782,-2.212353229522705
1696610178.0069578,0.32005661725997925,-0.2169564664363861,-2.2088305950164795
1696610178.0396132,0.32289811968803406,-0.21740511059761047,-2.2030487060546875
1696610178.0726912,0.3242238461971283,-0.2174239307641983,-2.1941821575164795
1696610178.1083815,0.323070228099823,-0.21533484756946564,-2.1799840927124023
1696610178.141513,0.3195251226425171,-0.21118716895580292,-2.1615898609161377
1696610178.1760623,0.31420740485191345,-0.2054513543844223,-2.1419737339019775
1696610178.2159255,0.3065989911556244,-0.19938406348228455,-2.1249475479125977
1696610178.2449846,0.29669737815856934,-0.19316989183425903,-2.1122963428497314
1696610178.2740457,0.2853454351425171,-0.18950140476226807,-2.1021366119384766
1696610178.3086033,0.27440160512924194,-0.18750381469726562,-2.0920798778533936
1696610178.341613,0.2643212676048279,-0.18785403668880463,-2.0821964740753174
1696610178.3758693,0.25544315576553345,-0.18919384479522705,-2.073101043701172
1696610178.4117262,0.24963434040546417,-0.19027288258075714,-2.0669472217559814
1696610178.4439123,0.24742503464221954,-0.19191981852054596,-2.0638699531555176
1696610178.4760544,0.24776022136211395,-0.19434547424316406,-2.062755584716797
1696610178.5111341,0.24978691339492798,-0.1983242928981781,-2.063136577606201
1696610178.544239,0.2538195848464966,-0.20196494460105896,-2.0645978450775146
1696610178.5767875,0.2592000961303711,-0.2040046900510788,-2.0657975673675537
1696610178.6098657,0.2595924139022827,-0.2009352147579193,-2.072415828704834
1696610178.6419427,0.2620426416397095,-0.19928297400474548,-2.0811710357666016
1696610178.6775174,0.266389936208725,-0.19803285598754883,-2.089510679244995
1696610178.7083287,0.2720799148082733,-0.19701407849788666,-2.0962512493133545
1696610178.745397,0.27869001030921936,-0.19634145498275757,-2.0992889404296875
1696610178.7761834,0.2853999733924866,-0.19534166157245636,-2.0991358757019043
1696610178.8109198,0.290166974067688,-0.1943444013595581,-2.0970540046691895
1696610178.8445225,0.3006933629512787,-0.19679175317287445,-2.0837979316711426
1696610178.8770714,0.30588340759277344,-0.19735288619995117,-2.0683863162994385
1696610178.9083035,0.30646347999572754,-0.19752448797225952,-2.053901195526123
1696610178.9443393,0.30433914065361023,-0.1960802972316742,-2.0423684120178223
1696610178.9778578,0.3002966344356537,-0.1928936243057251,-2.0350749492645264
1696610179.010911,0.2967427372932434,-0.1883467584848404,-2.0323050022125244
1696610179.0444503,0.2939273416996002,-0.18530769646167755,-2.03556752204895
1696610179.0779874,0.2915504276752472,-0.18442806601524353,-2.0445547103881836
1696610179.1110542,0.2895554006099701,-0.18708696961402893,-2.0558574199676514
1696610179.146604,0.28719645738601685,-0.1915464997291565,-2.068074941635132
1696610179.1778731,0.28578269481658936,-0.19748473167419434,-2.0766208171844482
1696610179.2109098,0.2833721935749054,-0.20507583022117615,-2.082587957382202
1696610179.2430935,0.2816884517669678,-0.21320740878582,-2.0851478576660156
1696610179.2796247,0.2783576548099518,-0.2229079008102417,-2.0869393348693848
1696610179.3132024,0.27476394176483154,-0.23076337575912476,-2.0886735916137695
1696610179.3477519,0.2711915075778961,-0.2372322976589203,-2.0906505584716797
1696610179.378018,0.2692129909992218,-0.24109748005867004,-2.0935606956481934
1696610179.4160714,0.26988956332206726,-0.24186819791793823,-2.0954864025115967
1696610179.4477324,0.2740611732006073,-0.23964370787143707,-2.0972740650177
1696610179.478993,0.2795664370059967,-0.23474888503551483,-2.1013576984405518
1696610179.5143209,0.2847907245159149,-0.22823390364646912,-2.105311155319214
1696610179.5479074,0.2899671792984009,-0.22064785659313202,-2.1107330322265625
1696610179.5800261,0.2951200008392334,-0.21430721879005432,-2.1147639751434326
1696610179.6141424,0.2977657616138458,-0.210302472114563,-2.1163883209228516
1696610179.646656,0.29731619358062744,-0.20875433087348938,-2.1146814823150635
1696610179.6827083,0.2960497736930847,-0.20900043845176697,-2.110765218734741
1696610179.713372,0.29389482736587524,-0.21030430495738983,-2.1049253940582275
1696610179.7489405,0.290942519903183,-0.21176576614379883,-2.0993824005126953
1696610179.7805414,0.28743672370910645,-0.2126392275094986,-2.0951595306396484
1696610179.8156695,0.2842695415019989,-0.2130124419927597,-2.094773769378662
1696610179.847801,0.2815208435058594,-0.2140316516160965,-2.096982479095459
1696610179.8820941,0.27906063199043274,-0.21383222937583923,-2.099918842315674
1696610179.9138815,0.280706524848938,-0.21165980398654938,-2.1042630672454834
1696610179.9484358,0.28052836656570435,-0.20701785385608673,-2.1084237098693848
1696610179.983081,0.2785334289073944,-0.20165468752384186,-2.1095826625823975
1696610180.0147243,0.2773267924785614,-0.199895977973938,-2.107060194015503
1696610180.0497885,0.2777269780635834,-0.20218496024608612,-2.1058473587036133
1696610180.082091,0.27888327836990356,-0.20701156556606293,-2.1029694080352783
1696610180.1178763,0.2800801396369934,-0.2132350206375122,-2.097381830215454
1696610180.151514,0.28028053045272827,-0.21948844194412231,-2.0934860706329346
1696610180.1830735,0.28000131249427795,-0.22397229075431824,-2.0878615379333496
1696610180.215597,0.27954164147377014,-0.2259196639060974,-2.0812976360321045
1696610180.249741,0.2807825207710266,-0.22618624567985535,-2.076323986053467
1696610180.284716,0.28427958488464355,-0.2255374789237976,-2.0741631984710693
1696610180.3163924,0.28890761733055115,-0.2253035306930542,-2.0780417919158936
1696610180.3509614,0.2941978871822357,-0.2242433726787567,-2.086549997329712
1696610180.3855245,0.2989734709262848,-0.22199898958206177,-2.099562406539917
1696610180.418617,0.30427828431129456,-0.22034263610839844,-2.1136116981506348
1696610183.525318,0.2476205825805664,0.04320670664310455,-2.0654850006103516
1696610183.5912144,0.2400248944759369,0.05849544703960419,-2.061030626296997
1696610183.6478095,0.26508474349975586,0.050667934119701385,-2.074235200881958
1696610183.7118986,0.2748609781265259,0.05743734911084175,-2.067258834838867
1696610183.7760608,0.2747771739959717,0.060032282024621964,-2.063575506210327
1696610183.8228173,0.2748618423938751,0.06157182902097702,-2.0652084350585938
1696610183.8703406,0.27412283420562744,0.06375407427549362,-2.066847562789917
1696610183.912388,0.2733996510505676,0.0636977106332779,-2.0688278675079346
1696610183.9569883,0.27336224913597107,0.06305179744958878,-2.0715208053588867
1696610183.99985,0.27159231901168823,0.06336740404367447,-2.0697011947631836
1696610184.0446653,0.2710210978984833,0.06321123242378235,-2.067582130432129
1696610184.0883372,0.27106624841690063,0.06253069639205933,-2.0658364295959473
1696610184.1320066,0.2724097967147827,0.06286770850419998,-2.0658302307128906
1696610184.1740534,0.27327394485473633,0.06364338845014572,-2.06569766998291
1696610184.2172575,0.27490442991256714,0.06431900709867477,-2.065566062927246
1696610184.2630596,0.2758331894874573,0.06516144424676895,-2.0640900135040283
1696610184.306749,0.2765425145626068,0.06595022976398468,-2.0639545917510986
1696610184.348805,0.2771475911140442,0.06641556322574615,-2.0644447803497314
1696610184.3896384,0.27732381224632263,0.06642448157072067,-2.065258264541626
1696610184.4312112,0.27731433510780334,0.06741888076066971,-2.063176155090332
1696610184.473639,0.27658194303512573,0.06803368777036667,-2.061231851577759
1696610184.5201962,0.275370717048645,0.06723680347204208,-2.0615034103393555
1696610184.564741,0.27478182315826416,0.06595446914434433,-2.0609748363494873
1696610184.6084387,0.2702932357788086,0.06422914564609528,-2.062617540359497
1696610184.6524825,0.2693788409233093,0.0627303272485733,-2.0674855709075928
1696610184.6935425,0.26883360743522644,0.060968026518821716,-2.0704739093780518
1696610184.7378032,0.2679572105407715,0.05786128342151642,-2.073641538619995
1696610184.781332,0.2692754864692688,0.05706745758652687,-2.071777820587158
1696610184.8239918,0.270507276058197,0.05748632550239563,-2.0693397521972656
1696610184.8681083,0.27063819766044617,0.056671999394893646,-2.0690603256225586
1696610184.9108064,0.27034997940063477,0.05647598206996918,-2.07008695602417
1696610184.9544082,0.2706616222858429,0.05599775165319443,-2.0690758228302
1696610184.99404,0.27116450667381287,0.05665307119488716,-2.069500207901001
1696610185.0379386,0.27146491408348083,0.05669805780053139,-2.0695626735687256
1696610185.0815203,0.2719978094100952,0.056465450674295425,-2.070084810256958
1696610185.121839,0.27202191948890686,0.055927012115716934,-2.0711421966552734
1696610185.1625361,0.2720276117324829,0.05532311648130417,-2.07186222076416
1696610185.2061868,0.27178341150283813,0.053720198571681976,-2.073052406311035
1696610185.247338,0.2715359628200531,0.05382905155420303,-2.0734782218933105
1696610185.2918882,0.2718297243118286,0.05357497185468674,-2.0738017559051514
1696610185.3366776,0.2720189690589905,0.05411134660243988,-2.074357271194458
1696610185.3770099,0.27271607518196106,0.05537868291139603,-2.0711796283721924
1696610185.4207053,0.2723791003227234,0.05621594563126564,-2.072134017944336
1696610185.4597955,0.2726295590400696,0.05737601965665817,-2.070075750350952
1696610185.5017986,0.2716774344444275,0.057123757898807526,-2.0712389945983887
1696610185.5451708,0.271674245595932,0.05726350098848343,-2.0686380863189697
1696610185.5852246,0.27114057540893555,0.05572706088423729,-2.070979595184326
1696610185.6267674,0.2708151042461395,0.054588351398706436,-2.070298671722412
1696610185.6678286,0.2722925543785095,0.05454649776220322,-2.06817364692688
1696610185.7074146,0.2735059857368469,0.05433596670627594,-2.0652213096618652
1696610185.7515008,0.2707533836364746,0.05060122162103653,-2.068099021911621
1696610185.7816887,0.268174409866333,0.04717947542667389,-2.070096015930176
1696610185.8117778,0.2667813003063202,0.04781831428408623,-2.0718424320220947
1696610185.8423357,0.26684755086898804,0.04957478865981102,-2.0726282596588135
1696610185.8698797,0.26704010367393494,0.05039582401514053,-2.0751686096191406
1696610185.9010782,0.2672748565673828,0.0507415235042572,-2.0766799449920654
1696610185.9333386,0.2680383622646332,0.05180327594280243,-2.077018976211548
1696610185.9689286,0.2686789929866791,0.052953578531742096,-2.075728416442871
1696610186.0015273,0.26938289403915405,0.05385775491595268,-2.0736711025238037
1696610186.0345857,0.26934877038002014,0.05456006899476051,-2.0736844539642334
1696610186.0681758,0.26940542459487915,0.05407021939754486,-2.0739052295684814
1696610186.1020095,0.2692575752735138,0.05463232845067978,-2.0723278522491455
1696610186.1360745,0.26970359683036804,0.05365376174449921,-2.0735111236572266
1696610186.168586,0.2702643871307373,0.0520230233669281,-2.0729212760925293
1696610186.201644,0.27068138122558594,0.05131625384092331,-2.0723493099212646
1696610186.2348201,0.2708548903465271,0.0512709766626358,-2.0708489418029785
1696610186.2680569,0.2709846794605255,0.051816560328006744,-2.0700464248657227
1696610186.3021405,0.27128875255584717,0.05277172103524208,-2.070573091506958
1696610186.3347266,0.27193209528923035,0.05356452614068985,-2.0715885162353516
1696610186.368847,0.27228057384490967,0.05486956238746643,-2.07302188873291
1696610186.4040956,0.27315840125083923,0.056634921580553055,-2.071420192718506
1696610186.4351647,0.2744370996952057,0.05680142715573311,-2.0725338459014893
1696610186.4699686,0.2746018171310425,0.05594989284873009,-2.071683168411255
1696610186.5021498,0.27273765206336975,0.05498982220888138,-2.070963144302368
1696610186.535246,0.2708965241909027,0.05403894558548927,-2.0694704055786133
1696610186.5710356,0.2706890404224396,0.054048411548137665,-2.068082809448242
1696610186.6048644,0.27059701085090637,0.054855287075042725,-2.0669963359832764
1696610186.635978,0.2698872983455658,0.05498998612165451,-2.065882444381714
1696610186.669763,0.2698516845703125,0.054817792028188705,-2.0664732456207275
1696610186.7034962,0.26893916726112366,0.05371341481804848,-2.0681862831115723
1696610186.737554,0.2682492733001709,0.052658628672361374,-2.069662094116211
1696610186.7716317,0.2685738205909729,0.05144290626049042,-2.0709502696990967
1696610186.8036447,0.2680073082447052,0.04945414513349533,-2.0717251300811768
1696610186.8368187,0.2672165334224701,0.04841535538434982,-2.0715837478637695
1696610186.8719037,0.26621147990226746,0.048119187355041504,-2.0715346336364746
1696610186.90399,0.2657235860824585,0.04753851145505905,-2.0716755390167236
1696610186.9377427,0.2660670876502991,0.048475924879312515,-2.0712666511535645
1696610186.9708447,0.2663416862487793,0.04964495450258255,-2.070622205734253
1696610187.0038817,0.2677983045578003,0.05089033767580986,-2.072244167327881
1696610187.0376644,0.2692386507987976,0.05132532864809036,-2.0733399391174316
1696610187.0718336,0.2701389193534851,0.051635630428791046,-2.074880361557007
1696610187.104903,0.2707670331001282,0.051963672041893005,-2.074014902114868
1696610187.1386101,0.27089035511016846,0.05240113288164139,-2.0732200145721436
1696610187.171704,0.27043673396110535,0.05288279056549072,-2.073187828063965
1696610187.204743,0.2689162492752075,0.05252791568636894,-2.0738394260406494
1696610187.2381566,0.2667871117591858,0.05141332745552063,-2.074979543685913
1696610187.2711806,0.26465481519699097,0.05000770092010498,-2.0752007961273193
1696610187.3043375,0.26214835047721863,0.050082430243492126,-2.0732927322387695
1696610187.3405144,0.25927209854125977,0.05147191137075424,-2.068138837814331
1696610187.3730857,0.25702810287475586,0.052535850554704666,-2.0619008541107178
1696610187.4048474,0.2558959722518921,0.052302051335573196,-2.0553293228149414
1696610187.4385774,0.2549012303352356,0.05299351364374161,-2.047494649887085
1696610187.4736905,0.2553304433822632,0.052319854497909546,-2.0421669483184814
1696610187.5047827,0.25527364015579224,0.04798869788646698,-2.0405614376068115
1696610187.5400712,0.2556912302970886,0.04432132840156555,-2.0367300510406494
1696610187.5888243,0.2558937072753906,0.0406336672604084,-2.035700559616089
1696610187.6318495,0.2579211890697479,0.04003987833857536,-2.033738613128662
1696610187.675787,0.26072457432746887,0.041768237948417664,-2.0322835445404053
1696610187.719776,0.2671433389186859,0.04067491367459297,-2.0310184955596924
1696610187.7648664,0.2701379656791687,0.040780290961265564,-2.037019729614258
1696610187.794912,0.2727225124835968,0.041274625808000565,-2.043663501739502
1696610187.8259833,0.2749146819114685,0.042929016053676605,-2.0503151416778564
1696610187.856311,0.27595868706703186,0.0458909273147583,-2.0572409629821777
1696610187.8878577,0.2749544680118561,0.05086071416735649,-2.0617759227752686
1696610187.9179099,0.27283045649528503,0.05549852177500725,-2.067326068878174
1696610187.9499617,0.2682918906211853,0.05908394604921341,-2.0719428062438965
1696610187.9821043,0.262132465839386,0.06088950112462044,-2.077179431915283
1696610188.0136735,0.25546544790267944,0.06080222502350807,-2.080548048019409
1696610188.0457673,0.2494927942752838,0.05879928916692734,-2.082594871520996
1696610188.0752902,0.24391277134418488,0.0549004003405571,-2.0846543312072754
1696610188.1084704,0.23882126808166504,0.051177769899368286,-2.0862467288970947
1696610188.14305,0.23516139388084412,0.04711665213108063,-2.0852246284484863
1696610188.1760886,0.23338916897773743,0.04320260137319565,-2.0815441608428955
1696610188.211804,0.23336535692214966,0.042094167321920395,-2.0753772258758545
1696610188.2543416,0.2357189953327179,0.04235481098294258,-2.0675692558288574
1696610188.2858953,0.23958158493041992,0.04383215308189392,-2.0599606037139893
1696610188.3166847,0.2429347187280655,0.04377840831875801,-2.0563693046569824
1696610188.3480253,0.2462148517370224,0.042512740939855576,-2.054379940032959
1696610188.3780794,0.24949245154857635,0.041211072355508804,-2.0540146827697754
1696610188.4086516,0.2531048059463501,0.041000284254550934,-2.0543298721313477
1696610188.4435177,0.2555806636810303,0.04023800790309906,-2.0553200244903564
1696610188.477125,0.2577691972255707,0.040973007678985596,-2.0563855171203613
1696610188.5110767,0.25954726338386536,0.04158179461956024,-2.05679988861084
1696610188.5447123,0.2616702616214752,0.04224122688174248,-2.0555636882781982
1696610188.5768452,0.2647519111633301,0.043453894555568695,-2.053293466567993
1696610188.6117733,0.26793795824050903,0.04456395283341408,-2.051114082336426
1696610188.644834,0.26827913522720337,0.04282470792531967,-2.0516486167907715
A coordinates: 0.21225646 0.3409502
B coordinates: -0.07109994 0.032267313
Center: 0.270414 0.054059315
metaphor: pull
guidance_approach: two_tactor
intensity: zone
layout: vertical
Target location: [-0.02957114 -0.0867983 ]
Theta: 117.49793362127885
1696610208.1729186,0.2522338926792145,0.0402919240295887,-2.089320182800293
1696610208.2421975,0.2509121894836426,0.03994659334421158,-2.0824646949768066
1696610208.3039396,0.26963070034980774,0.0487714447081089,-2.0714406967163086
1696610208.3655717,0.26422205567359924,0.04734101891517639,-2.072718381881714
1696610208.4292734,0.2587405741214752,0.049037858843803406,-2.076336622238159
1696610208.4979243,0.2559233009815216,0.0518370047211647,-2.0788986682891846
1696610208.5643415,0.25450071692466736,0.049609601497650146,-2.079533100128174
1696610208.6084273,0.2542515993118286,0.0467059463262558,-2.0821895599365234
1696610208.6510448,0.25486111640930176,0.0423959344625473,-2.0844337940216064
1696610208.6962578,0.255429744720459,0.041713450103998184,-2.0877485275268555
1696610208.7411275,0.25711145997047424,0.041203975677490234,-2.0874342918395996
1696610208.7846885,0.25968697667121887,0.0388297513127327,-2.0851314067840576
1696610208.8254583,0.261524498462677,0.0374155193567276,-2.0825107097625732
1696610208.8680966,0.2612074315547943,0.03907112777233124,-2.081106185913086
1696610208.913178,0.25998198986053467,0.04170658066868782,-2.0813405513763428
1696610208.956266,0.2591705620288849,0.04709997773170471,-2.0798277854919434
1696610208.997751,0.25763651728630066,0.05189801752567291,-2.0802340507507324
1696610209.0414753,0.25518888235092163,0.056698624044656754,-2.0804409980773926
1696610209.0855367,0.25272947549819946,0.05938059464097023,-2.0794873237609863
1696610209.1281528,0.25124022364616394,0.05652499943971634,-2.0787265300750732
1696610209.1708033,0.2515490651130676,0.04974830523133278,-2.0795817375183105
1696610209.2098625,0.2520482838153839,0.039332520216703415,-2.0828564167022705
1696610209.253984,0.2469767928123474,0.016479860991239548,-2.0925405025482178
1696610209.298026,0.24257034063339233,0.0026010358706116676,-2.099006414413452
1696610209.341007,0.24098831415176392,-0.007585445418953896,-2.0994269847869873
1696610209.3842773,0.24004220962524414,-0.016876284033060074,-2.0991227626800537
1696610209.4254563,0.23437753319740295,-0.03778426721692085,-2.1015279293060303
1696610209.470817,0.23347947001457214,-0.050391554832458496,-2.103628635406494
1696610209.5112314,0.2315049171447754,-0.061709046363830566,-2.1050913333892822
1696610209.554104,0.22639943659305573,-0.07861872017383575,-2.1072731018066406
1696610209.5971766,0.22513625025749207,-0.08692017197608948,-2.107707977294922
1696610209.6408787,0.22327139973640442,-0.09445111453533173,-2.1084256172180176
1696610209.6819437,0.22145842015743256,-0.1030377671122551,-2.114583730697632
1696610209.725166,0.22028987109661102,-0.1218753531575203,-2.117116928100586
1696610209.767236,0.22077350318431854,-0.13584832847118378,-2.1256489753723145
1696610209.8128896,0.22259169816970825,-0.15073537826538086,-2.139735698699951
1696610209.8555264,0.22615131735801697,-0.17278309166431427,-2.1649506092071533
1696610209.9000256,0.22764047980308533,-0.18398398160934448,-2.1843700408935547
1696610209.9407616,0.23138928413391113,-0.19204911589622498,-2.183878183364868
1696610209.9832149,0.2337532341480255,-0.19879546761512756,-2.1732430458068848
1696610210.025481,0.23418226838111877,-0.21060460805892944,-2.157428741455078
1696610210.069053,0.23052658140659332,-0.20878197252750397,-2.143998861312866
1696610210.1111245,0.22576875984668732,-0.20635005831718445,-2.1367592811584473
1696610210.1559422,0.21688787639141083,-0.20515012741088867,-2.1371614933013916
1696610210.1969705,0.21039673686027527,-0.19800134003162384,-2.134270429611206
1696610210.239277,0.20375843346118927,-0.1905166208744049,-2.128854990005493
1696610210.2817836,0.19830581545829773,-0.18419064581394196,-2.1228291988372803
1696610210.3241293,0.18833211064338684,-0.17979620397090912,-2.12023663520813
1696610210.3648663,0.1828998476266861,-0.17974255979061127,-2.1187736988067627
1696610210.4067369,0.1800524741411209,-0.18091373145580292,-2.115967273712158
1696610210.4498174,0.17806322872638702,-0.18360988795757294,-2.1161258220672607
1696610210.4914274,0.17090874910354614,-0.18662101030349731,-2.1198134422302246
1696610210.533341,0.16464871168136597,-0.18615123629570007,-2.120466947555542
1696610210.5754137,0.15955840051174164,-0.18400341272354126,-2.1209568977355957
1696610210.618287,0.15374445915222168,-0.1807994544506073,-2.120882272720337
1696610210.6599708,0.14210587739944458,-0.1680162250995636,-2.1170852184295654
1696610210.7031803,0.1374526023864746,-0.15909001231193542,-2.1168174743652344
1696610210.743911,0.13221123814582825,-0.14929097890853882,-2.118844985961914
1696610210.7885435,0.1274593621492386,-0.13843239843845367,-2.1203598976135254
1696610210.8301198,0.11296310275793076,-0.1126154214143753,-2.126925230026245
1696610210.8740637,0.10506278276443481,-0.09446559101343155,-2.1333863735198975
1696610210.9150383,0.09877610206604004,-0.07748421281576157,-2.1434807777404785
1696610210.956749,0.0944552943110466,-0.06145187467336655,-2.1489572525024414
1696610210.9974637,0.08854487538337708,-0.03583139926195145,-2.1505331993103027
1696610211.0412574,0.08567674458026886,-0.02655348740518093,-2.1468000411987305
1696610211.0843189,0.08216787874698639,-0.01902342587709427,-2.14465069770813
1696610211.1249986,0.081234872341156,-0.0030775023624300957,-2.1364991664886475
1696610211.1681752,0.08551308512687683,0.002957121469080448,-2.1297802925109863
1696610211.2092063,0.09049652516841888,0.009437156841158867,-2.1258420944213867
1696610211.2509913,0.09591719508171082,0.016020549461245537,-2.124075412750244
1696610211.2935517,0.1055435836315155,0.029960835352540016,-2.1265594959259033
1696610211.3347921,0.11203067004680634,0.0328938327729702,-2.1301138401031494
1696610211.3638227,0.11705448478460312,0.03396196290850639,-2.1324472427368164
1696610211.3939016,0.12053745985031128,0.03405452519655228,-2.133798122406006
1696610211.4229693,0.1238207072019577,0.032577697187662125,-2.1337778568267822
1696610211.4580848,0.12702211737632751,0.030302811414003372,-2.133898973464966
1696610211.491821,0.12899714708328247,0.028192861005663872,-2.1337475776672363
1696610211.5238721,0.12879431247711182,0.025282420217990875,-2.1411938667297363
1696610211.557898,0.1258583813905716,0.02131790667772293,-2.1559696197509766
1696610211.5909736,0.1237470954656601,0.017681196331977844,-2.159442901611328
1696610211.6240883,0.12161895632743835,0.01186574250459671,-2.1575124263763428
1696610211.657203,0.11872132122516632,0.0038795815780758858,-2.152092456817627
1696610211.690831,0.11446216702461243,-0.00550893135368824,-2.1472835540771484
1696610211.724896,0.10833998024463654,-0.015230514109134674,-2.141991376876831
1696610211.7571251,0.100248783826828,-0.02597830258309841,-2.1391842365264893
1696610211.7920918,0.0919027328491211,-0.03631491959095001,-2.1359200477600098
1696610211.8231676,0.08619630336761475,-0.04608459025621414,-2.1349034309387207
1696610211.8589258,0.08141957223415375,-0.05387008935213089,-2.1355385780334473
1696610211.8914788,0.07567955553531647,-0.05823254585266113,-2.1352903842926025
1696610211.9250064,0.07081028819084167,-0.05922921001911163,-2.134145736694336
1696610211.9582925,0.06719553470611572,-0.056398291140794754,-2.131880760192871
1696610211.992844,0.06464708596467972,-0.04994909092783928,-2.1282601356506348
1696610212.0250545,0.06321422755718231,-0.04161135479807854,-2.1238272190093994
1696610212.058663,0.06319539248943329,-0.033970024436712265,-2.1205742359161377
1696610212.093293,0.06462739408016205,-0.02889154851436615,-2.119206190109253
1696610212.1258233,0.06878498196601868,-0.028636405244469643,-2.117419481277466
1696610212.1599946,0.07540439069271088,-0.032868050038814545,-2.1149086952209473
1696610212.1935515,0.08046621084213257,-0.040271587669849396,-2.114710569381714
1696610212.2251065,0.08355900645256042,-0.049553342163562775,-2.1151740550994873
1696610212.2600124,0.08840861916542053,-0.060797128826379776,-2.116574287414551
1696610212.294033,0.09331025183200836,-0.07179553061723709,-2.1160550117492676
1696610212.3267121,0.09517453610897064,-0.08273983746767044,-2.1164886951446533
1696610212.3609078,0.09348678588867188,-0.09416455775499344,-2.1180484294891357
1696610212.3934724,0.0887656956911087,-0.10439160466194153,-2.1198248863220215
1696610212.4278193,0.08367931842803955,-0.11418890953063965,-2.1206183433532715
1696610212.4598346,0.07957226037979126,-0.12283512949943542,-2.1189892292022705
1696610212.4949353,0.07654924690723419,-0.13041287660598755,-2.1174368858337402
1696610212.5284555,0.0754823312163353,-0.13682767748832703,-2.1156086921691895
1696610212.5620117,0.07569500803947449,-0.14209038019180298,-2.1148455142974854
1696610212.5940926,0.077058345079422,-0.14668910205364227,-2.116533041000366
1696610212.627157,0.07951134443283081,-0.14844869077205658,-2.11688494682312
1696610212.6608553,0.08154632151126862,-0.14681653678417206,-2.1171791553497314
1696610212.6944232,0.08024407178163528,-0.14318819344043732,-2.1205713748931885
1696610212.7280865,0.07706509530544281,-0.1368693709373474,-2.1260032653808594
1696610212.7619345,0.0746731385588646,-0.12980814278125763,-2.1294219493865967
1696610212.7950835,0.07286545634269714,-0.12351948767900467,-2.1326003074645996
1696610212.8291504,0.07207663357257843,-0.11804105341434479,-2.137233018875122
1696610212.8607924,0.07220858335494995,-0.11525306105613708,-2.139883518218994
1696610212.8952165,0.07440104335546494,-0.11405298113822937,-2.1410973072052
1696610212.9280963,0.07706116884946823,-0.1138032078742981,-2.1414637565612793
1696610212.9616838,0.07910105586051941,-0.11302949488162994,-2.1416690349578857
1696610212.995238,0.08003383129835129,-0.11255037039518356,-2.141801118850708
1696610213.0307863,0.07968086004257202,-0.11128371953964233,-2.1426639556884766
1696610213.0639,0.07844310998916626,-0.10964319109916687,-2.1445071697235107
1696610213.096002,0.0752762034535408,-0.10588245093822479,-2.1454620361328125
1696610213.1291232,0.07068730890750885,-0.0998692438006401,-2.144861936569214
1696610213.1656506,0.06394147872924805,-0.0927477478981018,-2.1448702812194824
1696610213.1991725,0.05736826732754707,-0.08595111966133118,-2.1466169357299805
1696610213.2316322,0.051481056958436966,-0.08044342696666718,-2.149095296859741
1696610213.2651353,0.04607096686959267,-0.074440136551857,-2.1504456996917725
1696610213.297659,0.03998703137040138,-0.06930658966302872,-2.149569034576416
1696610213.3343062,0.03399544209241867,-0.06507391482591629,-2.1473543643951416
1696610213.3678484,0.03027714416384697,-0.060713738203048706,-2.144458770751953
1696610213.4009235,0.028162989765405655,-0.05517326667904854,-2.1415722370147705
1696610213.4326816,0.027173075824975967,-0.05016632005572319,-2.139279365539551
1696610213.4661026,0.02756064385175705,-0.04504670947790146,-2.1361684799194336
1696610213.5002172,0.029185175895690918,-0.039203256368637085,-2.1321659088134766
1696610213.5322957,0.03101789578795433,-0.03346281871199608,-2.1284666061401367
1696610213.5775158,0.03188679739832878,-0.0303720161318779,-2.1268868446350098
1696610213.6232464,0.031788211315870285,-0.030288521200418472,-2.1275980472564697
1696610213.6657789,0.030769191682338715,-0.032702501863241196,-2.129429578781128
1696610213.7083714,0.026227932423353195,-0.03805793076753616,-2.1355762481689453
1696610213.7514472,0.02266545221209526,-0.042432159185409546,-2.138305425643921
1696610213.79422,0.0194607675075531,-0.0448077917098999,-2.138087034225464
1696610213.838386,0.01543407142162323,-0.046441368758678436,-2.1360154151916504
1696610213.8812442,0.014146208763122559,-0.046653181314468384,-2.1341915130615234
1696610213.9237916,0.013939686119556427,-0.04703570157289505,-2.134251594543457
1696610213.969905,0.013175349682569504,-0.04770854115486145,-2.1331231594085693
1696610214.0116274,0.013116132467985153,-0.049702826887369156,-2.134321451187134
1696610214.0547943,0.013704359531402588,-0.052550338208675385,-2.135730743408203
1696610214.0964656,0.01386384665966034,-0.05606847628951073,-2.1378533840179443
1696610214.141559,0.014094341546297073,-0.057751767337322235,-2.135568618774414
1696610214.1832483,0.014494374394416809,-0.05764508247375488,-2.1316330432891846
1696610214.2262902,0.01392439752817154,-0.05797065049409866,-2.1271796226501465
1696610214.2709572,0.012583430856466293,-0.05998174846172333,-2.1212363243103027
1696610214.3111799,0.012703653424978256,-0.06120358407497406,-2.1179399490356445
1696610214.3545763,0.012509554624557495,-0.060821592807769775,-2.1182475090026855
1696610214.3952005,0.012689940631389618,-0.060486145317554474,-2.1202616691589355
1696610214.4373758,0.013143740594387054,-0.060526419430971146,-2.1261684894561768
1696610214.4784064,0.014094296842813492,-0.06272803992033005,-2.1287248134613037
1696610214.520958,0.013560537248849869,-0.06607230007648468,-2.131279468536377
1696610214.5620995,0.011851269751787186,-0.06870420277118683,-2.1320252418518066
1696610214.6053066,0.0067513249814510345,-0.07299192994832993,-2.1315505504608154
1696610214.6478937,0.0030801519751548767,-0.07584637403488159,-2.129711627960205
1696610214.6897724,0.0013593286275863647,-0.0773792415857315,-2.12809419631958
Time to target: 6.560601234436035 s
----
----
metaphor: pull
guidance_approach: two_tactor
intensity: zone
layout: vertical
Target location: [0.13993574 0.32467258]
Theta: 11.994283780980062
1696610217.7345228,0.28425630927085876,0.04207930713891983,-2.0157675743103027
1696610217.807171,0.28784769773483276,0.04040594398975372,-2.0423920154571533
1696610217.8838377,0.28824740648269653,0.04764212295413017,-2.057101249694824
1696610217.950103,0.2850855588912964,0.05024535581469536,-2.064561367034912
1696610217.9977221,0.28429320454597473,0.04937516525387764,-2.067939519882202
1696610218.0420809,0.28228580951690674,0.04923544451594353,-2.0706937313079834
1696610218.0881486,0.28016743063926697,0.04794341325759888,-2.0731048583984375
1696610218.1305518,0.27897369861602783,0.04701348394155502,-2.0740294456481934
1696610218.1730902,0.27766773104667664,0.04620606452226639,-2.074735641479492
1696610218.2152216,0.2768591344356537,0.04537888243794441,-2.075181007385254
1696610218.258762,0.2763809263706207,0.041187722235918045,-2.076306104660034
1696610218.3030064,0.2778029143810272,0.03765375167131424,-2.075139284133911
1696610218.3452725,0.27926671504974365,0.034010760486125946,-2.074397325515747
1696610218.388991,0.2750111520290375,0.03062177449464798,-2.0789616107940674
1696610218.4320576,0.26996901631355286,0.030184537172317505,-2.0839743614196777
1696610218.474135,0.2672143578529358,0.02925315499305725,-2.0863497257232666
1696610218.5152025,0.2665439248085022,0.0279383584856987,-2.087064743041992
1696610218.5585754,0.26386240124702454,0.022493429481983185,-2.0903828144073486
1696610218.6031396,0.26438525319099426,0.018824443221092224,-2.0907974243164062
1696610218.646118,0.26511287689208984,0.017012111842632294,-2.090505599975586
1696610218.688255,0.2662810683250427,0.015776406973600388,-2.088235855102539
1696610218.7311385,0.2667689919471741,0.01603730022907257,-2.0869288444519043
1696610218.7757664,0.26662522554397583,0.01455382164567709,-2.08785343170166
1696610218.8188384,0.26665306091308594,0.01226243656128645,-2.0877838134765625
1696610218.8622303,0.2637366056442261,0.0053508467972278595,-2.0917370319366455
1696610218.9069695,0.2597157061100006,0.0036729732528328896,-2.09403920173645
1696610218.950087,0.2577512264251709,0.0039974600076675415,-2.0921518802642822
1696610218.9953442,0.2612049877643585,0.014497638680040836,-2.086763620376587
1696610219.0404277,0.2708720862865448,0.02776515856385231,-2.0748507976531982
1696610219.081477,0.27952703833580017,0.04308728501200676,-2.062577486038208
1696610219.1230247,0.29084691405296326,0.07042896002531052,-2.048891305923462
1696610219.1653636,0.2950940430164337,0.08453258126974106,-2.0472636222839355
1696610219.207952,0.2941199839115143,0.09388671815395355,-2.0535342693328857
1696610219.2510161,0.29677754640579224,0.09929144382476807,-2.0569865703582764
1696610219.2948253,0.2937029302120209,0.10399657487869263,-2.063488483428955
1696610219.3379424,0.2866833209991455,0.1104065552353859,-2.0673747062683105
1696610219.378513,0.27960604429244995,0.12471778690814972,-2.069185495376587
1696610219.4226727,0.2664240896701813,0.1604030728340149,-2.0711307525634766
1696610219.4642484,0.259814977645874,0.18026183545589447,-2.0715932846069336
1696610219.5078666,0.2555617094039917,0.1953973025083542,-2.0711348056793213
1696610219.5515318,0.25359758734703064,0.2061508148908615,-2.0708611011505127
1696610219.596187,0.2516120374202728,0.22542168200016022,-2.070106029510498
1696610219.6398454,0.25372743606567383,0.23077283799648285,-2.0676612854003906
1696610219.681227,0.25562232732772827,0.23548436164855957,-2.0651614665985107
1696610219.736779,0.255519837141037,0.24682307243347168,-2.060845136642456
1696610219.7778397,0.2567940652370453,0.2490912526845932,-2.056725025177002
1696610219.8199048,0.25679510831832886,0.2533559203147888,-2.0554020404815674
1696610219.8608494,0.2513884902000427,0.24962985515594482,-2.0555129051208496
1696610219.9029853,0.24912430346012115,0.242509126663208,-2.0563738346099854
1696610219.9430737,0.2473011463880539,0.23397277295589447,-2.0570240020751953
1696610219.9888172,0.24583621323108673,0.22771573066711426,-2.058234691619873
1696610220.032102,0.2446519434452057,0.2210381031036377,-2.0584051609039307
1696610220.0736365,0.24793392419815063,0.22414173185825348,-2.0573527812957764
1696610220.118815,0.2516898512840271,0.23108512163162231,-2.055712938308716
1696610220.1615267,0.2535342574119568,0.2377605140209198,-2.0537028312683105
1696610220.2042427,0.2537635266780853,0.24428701400756836,-2.052640438079834
1696610220.2478747,0.2512270212173462,0.2487623393535614,-2.054208278656006
1696610220.2887216,0.24952834844589233,0.25418713688850403,-2.0557894706726074
1696610220.330631,0.2462420016527176,0.2624715268611908,-2.061455726623535
1696610220.3731825,0.2446022927761078,0.2666931748390198,-2.065309524536133
1696610220.414224,0.24384939670562744,0.27011895179748535,-2.0678775310516357
1696610220.454814,0.24318352341651917,0.271122545003891,-2.068531036376953
1696610220.496868,0.24118684232234955,0.2723754346370697,-2.0655930042266846
1696610220.5400996,0.24019232392311096,0.2714104652404785,-2.061406135559082
1696610220.5821853,0.23841801285743713,0.2718958258628845,-2.059274911880493
1696610220.6262748,0.2357650250196457,0.27794256806373596,-2.0595264434814453
1696610220.6679983,0.23483148217201233,0.28414401412010193,-2.0618340969085693
1696610220.7105439,0.23517435789108276,0.28957077860832214,-2.0641322135925293
1696610220.7522228,0.2360471934080124,0.2947338819503784,-2.0662639141082764
1696610220.7948463,0.2376626431941986,0.30413734912872314,-2.069531202316284
1696610220.838049,0.23945970833301544,0.30912715196609497,-2.071152925491333
1696610220.8791058,0.24102303385734558,0.3131769597530365,-2.0715572834014893
1696610220.921181,0.24236157536506653,0.31625550985336304,-2.07112193107605
1696610220.961742,0.24261589348316193,0.32179388403892517,-2.06858229637146
1696610221.0036554,0.2407684177160263,0.32209184765815735,-2.06721568107605
1696610221.045456,0.23848722875118256,0.32048529386520386,-2.064316987991333
1696610221.0865364,0.23546360433101654,0.3191101551055908,-2.063591241836548
1696610221.1275282,0.23184116184711456,0.30972039699554443,-2.0602030754089355
1696610221.1691842,0.22651955485343933,0.29960209131240845,-2.060608386993408
1696610221.2092385,0.21835049986839294,0.2925433814525604,-2.0651185512542725
1696610221.2538693,0.20939776301383972,0.28757381439208984,-2.071164131164551
1696610221.2932167,0.20064285397529602,0.2827526032924652,-2.0791285037994385
1696610221.338157,0.18756258487701416,0.28090131282806396,-2.094909906387329
1696610221.36832,0.1825820952653885,0.28063294291496277,-2.0997557640075684
1696610221.3978698,0.17866215109825134,0.27892589569091797,-2.103543758392334
1696610221.4289103,0.17457357048988342,0.27648571133613586,-2.1049153804779053
1696610221.4587002,0.1705280840396881,0.2731538712978363,-2.10475754737854
1696610221.4912682,0.16637171804904938,0.27032431960105896,-2.1028921604156494
1696610221.5261757,0.1618719846010208,0.26767510175704956,-2.0986969470977783
1696610221.5588772,0.15732650458812714,0.2654900848865509,-2.095188856124878
1696610221.5920827,0.15274402499198914,0.2637406289577484,-2.0926973819732666
1696610221.6251595,0.14932392537593842,0.26231062412261963,-2.0890848636627197
1696610221.6591692,0.14761140942573547,0.26008838415145874,-2.083674907684326
1696610221.6922421,0.14745590090751648,0.2584902346134186,-2.077022075653076
1696610221.7282996,0.14739692211151123,0.2571033835411072,-2.0725386142730713
1696610221.7598026,0.14627400040626526,0.25465142726898193,-2.070979595184326
1696610221.793345,0.14581440389156342,0.25258705019950867,-2.0704588890075684
1696610221.826244,0.14568018913269043,0.2516789734363556,-2.071854829788208
1696610221.8591897,0.1453172266483307,0.25092440843582153,-2.0750651359558105
1696610221.8950574,0.14484938979148865,0.2503588795661926,-2.07930588722229
1696610221.926137,0.1436663419008255,0.25026214122772217,-2.083794355392456
1696610221.9592383,0.14122550189495087,0.25033342838287354,-2.088510751724243
1696610221.9939134,0.13985420763492584,0.2500552535057068,-2.09120774269104
1696610222.02846,0.13950695097446442,0.2507609724998474,-2.0923972129821777
1696610222.0600023,0.1395464688539505,0.25297725200653076,-2.093000888824463
1696610222.0940373,0.13892506062984467,0.25687146186828613,-2.0941572189331055
1696610222.1272256,0.13756012916564941,0.2615991234779358,-2.094602108001709
1696610222.1621273,0.13588368892669678,0.26526880264282227,-2.0943820476531982
1696610222.1962802,0.13463087379932404,0.26911455392837524,-2.0936338901519775
1696610222.2288032,0.13347841799259186,0.2735973298549652,-2.0934462547302246
1696610222.2598832,0.13278381526470184,0.2773546278476715,-2.09202241897583
1696610222.2946417,0.13228678703308105,0.28143763542175293,-2.090041399002075
1696610222.3302178,0.13265807926654816,0.2841276228427887,-2.086226224899292
1696610222.3609889,0.13380198180675507,0.2864435911178589,-2.0815954208374023
1696610222.3961449,0.13418380916118622,0.2875576913356781,-2.0773518085479736
1696610222.428323,0.13355019688606262,0.2884262502193451,-2.07584547996521
1696610222.4628859,0.13177967071533203,0.28938156366348267,-2.075613260269165
1696610222.4954035,0.13092000782489777,0.29104381799697876,-2.0742688179016113
1696610222.5279684,0.13134737312793732,0.2939228415489197,-2.0722570419311523
1696610222.5641413,0.13170123100280762,0.29586371779441833,-2.070711374282837
Time to target: 4.86074161529541 s
----
----
metaphor: pull
guidance_approach: two_tactor
intensity: zone
layout: vertical
Target location: [-0.06376058  0.11711601]
Theta: 72.38055132558738
1696610225.4189615,0.269863098859787,0.04484112188220024,-2.102816104888916
1696610225.482047,0.2751386761665344,0.04077441245317459,-2.105766534805298
1696610225.5526032,0.28460150957107544,0.04964938014745712,-2.101022958755493
1696610225.6200113,0.27796801924705505,0.05101379007101059,-2.1037442684173584
1696610225.6891649,0.2778804898262024,0.04906576871871948,-2.1023740768432617
1696610225.765864,0.27794888615608215,0.048534538596868515,-2.1037659645080566
1696610225.8113966,0.2764436602592468,0.047312892973423004,-2.102710247039795
1696610225.8571498,0.2758294641971588,0.0479469932615757,-2.100008487701416
1696610225.9036896,0.2753414809703827,0.04851140081882477,-2.0977656841278076
1696610225.9499686,0.2740885615348816,0.04947039112448692,-2.092573642730713
1696610225.9960246,0.27354398369789124,0.05028512328863144,-2.0905418395996094
1696610226.039275,0.27301347255706787,0.050707750022411346,-2.087887763977051
1696610226.085192,0.2725188732147217,0.050578996539115906,-2.0841317176818848
1696610226.1272225,0.27270451188087463,0.05002475157380104,-2.0827698707580566
1696610226.172877,0.2720348834991455,0.04949622228741646,-2.0821571350097656
1696610226.2178814,0.2737773358821869,0.05225701630115509,-2.079803466796875
1696610226.2609317,0.27640360593795776,0.055219076573848724,-2.0792765617370605
1696610226.3065317,0.27957868576049805,0.05912748724222183,-2.0788021087646484
1696610226.3502047,0.2827853262424469,0.0679415911436081,-2.0800561904907227
1696610226.394499,0.2804666757583618,0.07225044816732407,-2.0845296382904053
1696610226.4382746,0.275621235370636,0.07479741424322128,-2.0898947715759277
1696610226.4821765,0.27127858996391296,0.07864563167095184,-2.091609477996826
1696610226.5276873,0.2716182768344879,0.0813935399055481,-2.088498592376709
1696610226.5719035,0.27281907200813293,0.0852648913860321,-2.0841941833496094
1696610226.6151686,0.27759164571762085,0.09381522238254547,-2.0762438774108887
1696610226.6603913,0.27888089418411255,0.09664861857891083,-2.0745224952697754
1696610226.7054281,0.28129473328590393,0.09920993447303772,-2.0726945400238037
1696610226.7490966,0.2888604998588562,0.10469205677509308,-2.067643165588379
1696610226.7921453,0.2925083637237549,0.10696388781070709,-2.0619382858276367
1696610226.8361702,0.2948225736618042,0.10916894674301147,-2.0589871406555176
1696610226.878399,0.2992762625217438,0.11238040030002594,-2.0597927570343018
1696610226.92215,0.297656774520874,0.11551391333341599,-2.0584306716918945
1696610226.9640243,0.2914845645427704,0.11552944779396057,-2.0594847202301025
1696610227.007905,0.28779587149620056,0.116051584482193,-2.0598723888397217
1696610227.0510519,0.2784793972969055,0.12057450413703918,-2.0606372356414795
1696610227.094096,0.27210116386413574,0.12510867416858673,-2.0620675086975098
1696610227.1388865,0.26827991008758545,0.13050627708435059,-2.063063859939575
1696610227.1816804,0.2648416757583618,0.1314304620027542,-2.0609471797943115
1696610227.2237108,0.2675885856151581,0.12851309776306152,-2.0593483448028564
1696610227.2653437,0.26950353384017944,0.12573371827602386,-2.060138702392578
1696610227.307011,0.26994016766548157,0.12291647493839264,-2.060157299041748
1696610227.3491,0.27487289905548096,0.11938822269439697,-2.0608904361724854
1696610227.3927596,0.28082606196403503,0.1180199608206749,-2.0571579933166504
1696610227.4357953,0.2883060574531555,0.11772763729095459,-2.0455851554870605
1696610227.476853,0.29398757219314575,0.11781062185764313,-2.034935235977173
1696610227.5224376,0.29566821455955505,0.1177356168627739,-2.028510570526123
1696610227.5645554,0.2894611060619354,0.11912895739078522,-2.039376974105835
1696610227.6076334,0.28800538182258606,0.12044721096754074,-2.0443060398101807
1696610227.6476946,0.286469966173172,0.12262648344039917,-2.0433413982391357
1696610227.689258,0.2805108428001404,0.12440468370914459,-2.047955274581909
1696610227.7347858,0.2784511148929596,0.12487638741731644,-2.049525737762451
1696610227.7779198,0.2801821827888489,0.1241149976849556,-2.0420515537261963
1696610227.8214848,0.28329169750213623,0.12217560410499573,-2.023374557495117
1696610227.8648226,0.2830624580383301,0.12152275443077087,-2.018598794937134
1696610227.9054923,0.280649870634079,0.12232788652181625,-2.0205674171447754
1696610227.9478014,0.27786320447921753,0.12395986914634705,-2.0293259620666504
1696610227.9909313,0.2735167145729065,0.1246575117111206,-2.0431618690490723
1696610228.0319936,0.27100232243537903,0.12468789517879486,-2.052309989929199
1696610228.074921,0.27056217193603516,0.1242556944489479,-2.057435989379883
1696610228.1151729,0.27231070399284363,0.12284950166940689,-2.06180477142334
1696610228.1577349,0.2576673626899719,0.13428351283073425,-2.0782907009124756
1696610228.1988163,0.25211066007614136,0.13672100007534027,-2.083684206008911
1696610228.241382,0.24942411482334137,0.13413728773593903,-2.0846915245056152
1696610228.2814267,0.2472173422574997,0.12938353419303894,-2.08475399017334
1696610228.322997,0.23087303340435028,0.13479658961296082,-2.094710111618042
1696610228.365255,0.2286924421787262,0.13362598419189453,-2.0924832820892334
1696610228.4078531,0.23316723108291626,0.1287735551595688,-2.0875024795532227
1696610228.4485323,0.23848864436149597,0.12403583526611328,-2.0828511714935303
1696610228.4930677,0.25021904706954956,0.11403721570968628,-2.079704523086548
1696610228.534253,0.2571536600589752,0.1073458269238472,-2.080371856689453
1696610228.5783525,0.26029443740844727,0.10252540558576584,-2.08402156829834
1696610228.622888,0.27355796098709106,0.0956413522362709,-2.0723085403442383
1696610228.6650074,0.2808728516101837,0.09365016222000122,-2.0606822967529297
1696610228.7073278,0.29318416118621826,0.09007738530635834,-2.043153762817383
1696610228.7647736,0.2978556454181671,0.08961201459169388,-2.035740375518799
1696610228.8078127,0.3016276955604553,0.08923813700675964,-2.0301742553710938
1696610228.8478858,0.30051732063293457,0.09093964844942093,-2.0305466651916504
1696610228.892271,0.2960221469402313,0.09662750363349915,-2.0391688346862793
1696610228.9341996,0.2852725684642792,0.10452082753181458,-2.0530319213867188
1696610228.9729447,0.2744552493095398,0.11280979216098785,-2.063249111175537
1696610229.014952,0.25784656405448914,0.1313379555940628,-2.075251817703247
1696610229.060553,0.2312159687280655,0.16675254702568054,-2.091979503631592
1696610229.1017282,0.21713632345199585,0.1826789826154709,-2.1010332107543945
1696610229.144836,0.2074388563632965,0.18686263263225555,-2.107903003692627
1696610229.1904082,0.2015894651412964,0.17141085863113403,-2.111138343811035
1696610229.23148,0.21253280341625214,0.14090828597545624,-2.0995261669158936
1696610229.273041,0.23082196712493896,0.10975781828165054,-2.0876243114471436
1696610229.3142185,0.2473032921552658,0.08336526155471802,-2.083373785018921
1696610229.3579676,0.2719570994377136,0.05084706097841263,-2.069375514984131
1696610229.3985145,0.2811642289161682,0.03701208159327507,-2.0694878101348877
1696610229.440564,0.283393532037735,0.026170112192630768,-2.0801570415496826
1696610229.482948,0.28020185232162476,0.01825874298810959,-2.0916860103607178
1696610229.5261319,0.2686641812324524,0.0064026350155472755,-2.1046555042266846
1696610229.5552037,0.2542975842952728,0.0039520664140582085,-2.1150314807891846
1696610229.5892751,0.24281449615955353,0.0037677492946386337,-2.1218791007995605
1696610229.6208258,0.23367109894752502,0.003244263119995594,-2.1323158740997314
1696610229.655921,0.2254941761493683,0.0020285099744796753,-2.150794506072998
1696610229.6879606,0.2181423306465149,-0.000997156836092472,-2.1749088764190674
1696610229.7201955,0.21223528683185577,-0.005782622843980789,-2.202004909515381
1696610229.7562308,0.2090320587158203,-0.009891480207443237,-2.220649003982544
1696610229.788783,0.20708920061588287,-0.012437147088348866,-2.2271907329559326
1696610229.8218627,0.20428232848644257,-0.01424609124660492,-2.2312803268432617
1696610229.856009,0.19939076900482178,-0.01549785491079092,-2.2393929958343506
1696610229.8885663,0.19368694722652435,-0.016782820224761963,-2.2558093070983887
1696610229.9236093,0.1876164674758911,-0.016778502613306046,-2.2798051834106445
1696610229.9552042,0.18304979801177979,-0.017119206488132477,-2.3105921745300293
1696610229.9884992,0.1810462325811386,-0.014963401481509209,-2.2996931076049805
1696610230.0230975,0.1802021712064743,-0.01501847617328167,-2.3224997520446777
1696610230.0577207,0.1806928664445877,-0.01429589744657278,-2.348010301589966
1696610230.0902271,0.18226638436317444,-0.01281823217868805,-2.366504192352295
1696610230.1238794,0.18398593366146088,-0.010257014073431492,-2.3793461322784424
1696610230.1569529,0.1806880235671997,-0.004373219795525074,-2.346205711364746
1696610230.1885421,0.178140789270401,0.0018019629642367363,-2.292412042617798
1696610230.2229986,0.17823904752731323,0.008375492878258228,-2.2361433506011963
1696610230.2552285,0.16970610618591309,0.013276181183755398,-2.267169713973999
1696610230.2903101,0.1684015691280365,0.01889299973845482,-2.2481160163879395
1696610230.3238668,0.16622838377952576,0.024362679570913315,-2.2322402000427246
1696610230.3579042,0.16595053672790527,0.029658742249011993,-2.203967809677124
1696610230.3919363,0.16498103737831116,0.03420069441199303,-2.1822257041931152
1696610230.4249842,0.16227522492408752,0.03904228284955025,-2.167640209197998
1696610230.458078,0.16130201518535614,0.0426013208925724,-2.1499264240264893
1696610230.4921467,0.1586843580007553,0.04791908338665962,-2.1358141899108887
1696610230.5247014,0.15578487515449524,0.05370760336518288,-2.122575283050537
1696610230.557397,0.15107539296150208,0.06000266596674919,-2.1122303009033203
1696610230.594162,0.1458250731229782,0.0648520439863205,-2.1049671173095703
1696610230.6256948,0.14216166734695435,0.06747563928365707,-2.1019644737243652
1696610230.6587157,0.13817310333251953,0.06733885407447815,-2.1022372245788574
1696610230.6917999,0.13249383866786957,0.06519834697246552,-2.105018377304077
1696610230.72487,0.12372514605522156,0.06193790212273598,-2.106637716293335
1696610230.7579043,0.11375841498374939,0.05872087925672531,-2.109921455383301
1696610230.7919855,0.10190388560295105,0.05638766288757324,-2.1175377368927
1696610230.8261147,0.08777507394552231,0.05534099414944649,-2.128079891204834
1696610230.8591669,0.07411430031061172,0.055052001029253006,-2.136169910430908
1696610230.8929522,0.062228746712207794,0.05851365625858307,-2.142400026321411
1696610230.9250555,0.05163564160466194,0.06438732892274857,-2.1446948051452637
1696610230.9577205,0.041176170110702515,0.0706227719783783,-2.146385669708252
1696610230.9937823,0.03182481601834297,0.07583266496658325,-2.1476082801818848
1696610231.0263114,0.02302737906575203,0.07864135503768921,-2.147203207015991
1696610231.0609283,0.012967895716428757,0.08093558251857758,-2.146824359893799
1696610231.0929692,0.0028952956199645996,0.0819455161690712,-2.1444876194000244
1696610231.126116,-0.006071507930755615,0.08152563124895096,-2.1410627365112305
1696610231.1587503,-0.012966018170118332,0.07910210639238358,-2.1361701488494873
1696610231.1932497,-0.018914636224508286,0.07688489556312561,-2.131039619445801
1696610231.2273588,-0.024959173053503036,0.07764913141727448,-2.1183764934539795
1696610231.2608795,-0.03179485350847244,0.07760337740182877,-2.115054130554199
1696610231.2944176,-0.038805652409791946,0.08054009079933167,-2.10748291015625
1696610231.327979,-0.04595290869474411,0.0828862115740776,-2.1066811084747314
1696610231.3746037,-0.04978303238749504,0.0856243297457695,-2.1026108264923096
1696610231.4202967,-0.05245447903871536,0.08841124176979065,-2.097691297531128
Time to target: 6.044483423233032 s
----
----
