1700166187.8110578,0.22286008298397064,-0.22370724380016327,-1.9842015504837036
1700166187.897221,0.2524145841598511,-0.20584933459758759,-1.9831379652023315
1700166188.0118542,0.2826612591743469,-0.19474729895591736,-2.0236480236053467
1700166188.0972967,0.31116583943367004,-0.21050994098186493,-2.0609450340270996
1700166188.1712298,0.25513267517089844,-0.23197482526302338,-2.053917646408081
1700166188.2022927,0.22805294394493103,-0.22571277618408203,-2.044691562652588
1700166188.2348337,0.20948320627212524,-0.22123342752456665,-2.0400028228759766
1700166188.2644384,0.19522815942764282,-0.21659795939922333,-2.0411086082458496
1700166188.2940624,0.18210774660110474,-0.2104436457157135,-2.0440633296966553
1700166188.3211434,0.17458006739616394,-0.20811130106449127,-2.0487964153289795
1700166188.3518562,0.17085754871368408,-0.2003466933965683,-2.0485916137695312
1700166188.3823912,0.1704498827457428,-0.18832005560398102,-2.0428831577301025
1700166188.4119365,0.18475550413131714,-0.18249446153640747,-2.0245065689086914
1700166188.4451041,0.198019340634346,-0.1768476516008377,-2.0093493461608887
1700166188.4771721,0.20884056389331818,-0.17318397760391235,-1.997188687324524
1700166188.5127208,0.2128269374370575,-0.17439554631710052,-1.9973859786987305
1700166188.5464206,0.21665990352630615,-0.17530573904514313,-1.9877889156341553
1700166188.5754938,0.21927854418754578,-0.17865850031375885,-1.9742650985717773
1700166188.610045,0.22420018911361694,-0.18196101486682892,-1.97062349319458
1700166188.6426184,0.22624221444129944,-0.1858428716659546,-1.9676815271377563
1700166188.6766918,0.22756992280483246,-0.18972845375537872,-1.9656329154968262
1700166188.7092981,0.22861117124557495,-0.19367550313472748,-1.9634946584701538
1700166188.7418525,0.22915375232696533,-0.1965446174144745,-1.9605636596679688
1700166188.7761002,0.22916169464588165,-0.19837579131126404,-1.9567313194274902
1700166188.8101737,0.22870054841041565,-0.199238583445549,-1.9520883560180664
1700166188.844249,0.22784727811813354,-0.19931764900684357,-1.94681715965271
1700166188.8801408,0.2260727882385254,-0.19877667725086212,-1.9438042640686035
1700166188.904201,0.2236536741256714,-0.198261097073555,-1.942574381828308
1700166188.9368756,0.22081208229064941,-0.19749049842357635,-1.9427242279052734
1700166188.9704318,0.2176903784275055,-0.19651757180690765,-1.9438438415527344
1700166189.003995,0.22507290542125702,-0.19171294569969177,-1.8906779289245605
1700166189.0432258,0.21966753900051117,-0.17098486423492432,-1.9850077629089355
1700166189.079202,0.2043696939945221,-0.1520312875509262,-1.978677749633789
1700166189.1110957,0.19911089539527893,-0.13415910303592682,-1.9912822246551514
1700166189.1467462,0.1988854706287384,-0.12240070104598999,-1.9897887706756592
1700166189.1790488,0.2023068368434906,-0.11345012485980988,-1.9995707273483276
1700166189.2116349,0.20293422043323517,-0.10265086591243744,-2.0138885974884033
1700166189.245664,0.20181076228618622,-0.09089568257331848,-2.0275659561157227
1700166189.2782664,0.20036771893501282,-0.08368426561355591,-2.039424419403076
1700166189.3128183,0.2000497579574585,-0.0758008286356926,-2.0475142002105713
1700166189.3433359,0.20048370957374573,-0.07066096365451813,-2.0510270595550537
1700166189.3778932,0.20223644375801086,-0.06894506514072418,-2.0541493892669678
1700166189.4131074,0.20334020256996155,-0.06863964349031448,-2.05485463142395
1700166189.445701,0.20402050018310547,-0.0698927715420723,-2.054381847381592
1700166189.4792576,0.20448297262191772,-0.07230910658836365,-2.0534238815307617
1700166189.5128498,0.20493030548095703,-0.07551342993974686,-2.0521671772003174
1700166189.5459402,0.20543591678142548,-0.07915280759334564,-2.050807237625122
1700166189.5795038,0.2060251533985138,-0.08294536918401718,-2.049565553665161
1700166189.6130874,0.20695631206035614,-0.08701658993959427,-2.04779314994812
1700166189.6391447,0.20816773176193237,-0.09113317728042603,-2.045684814453125
1700166189.6726935,0.20959286391735077,-0.09462366998195648,-2.0433692932128906
1700166189.7057526,0.21113814413547516,-0.09742452949285507,-2.040952682495117
1700166189.7399223,0.21372587978839874,-0.10100024938583374,-2.037829637527466
1700166189.8069127,0.21553876996040344,-0.10267707705497742,-2.0348758697509766
1700166189.8386102,0.19913442432880402,-0.11055563390254974,-1.9275987148284912
1700166189.881711,0.2085542380809784,-0.11878551542758942,-1.9195795059204102
1700166189.9132764,0.2164669930934906,-0.12531480193138123,-1.9139506816864014
1700166189.946059,0.222887322306633,-0.13042518496513367,-1.9100745916366577
1700166189.9826252,0.22787146270275116,-0.13437461853027344,-1.907594919204712
1700166190.0156803,0.23359602689743042,-0.11775992810726166,-1.9241703748703003
1700166190.0497274,0.23971819877624512,-0.11003953963518143,-1.9291049242019653
1700166190.0822625,0.23545803129673004,-0.14224940538406372,-1.9380683898925781
1700166190.1163337,0.23043832182884216,-0.17397212982177734,-1.9563686847686768
1700166190.1509008,0.2253793329000473,-0.20405305922031403,-1.9751602411270142
1700166190.1844618,0.22303757071495056,-0.2238813042640686,-1.9866806268692017
1700166190.218529,0.22186414897441864,-0.2316700667142868,-1.998079776763916
1700166190.2526186,0.22339393198490143,-0.23968353867530823,-2.0025458335876465
1700166190.2841978,0.22090454399585724,-0.24296651780605316,-2.000483512878418
1700166190.3192399,0.2203226387500763,-0.23735356330871582,-1.9918158054351807
1700166190.351275,0.22089025378227234,-0.2271871268749237,-1.974898099899292
1700166190.3828533,0.21938805282115936,-0.21582889556884766,-1.9570742845535278
1700166190.4198062,0.21542832255363464,-0.2079157829284668,-1.93865966796875
1700166190.449849,0.21192267537117004,-0.21022289991378784,-1.9465467929840088
1700166190.4843836,0.20325569808483124,-0.21502554416656494,-1.945733904838562
1700166190.5185804,0.1993880569934845,-0.21471785008907318,-1.940645456314087
1700166190.5526938,0.19999444484710693,-0.22542719542980194,-1.9457145929336548
1700166190.5857887,0.20902201533317566,-0.22000375390052795,-1.944676399230957
1700166190.6173315,0.21995259821414948,-0.21654485166072845,-1.954672932624817
1700166190.6523767,0.2326444685459137,-0.2122691422700882,-1.9594494104385376
1700166190.685443,0.24140135943889618,-0.20361435413360596,-1.967573881149292
1700166190.7180028,0.24833786487579346,-0.19063985347747803,-1.9758169651031494
1700166190.751056,0.25057730078697205,-0.17514781653881073,-1.9790539741516113
1700166190.7851498,0.2535005807876587,-0.15838178992271423,-1.9847049713134766
1700166190.8196802,0.2541898190975189,-0.14189545810222626,-1.9885799884796143
1700166190.852713,0.24998071789741516,-0.13218022882938385,-1.9864726066589355
1700166190.8884857,0.24490618705749512,-0.12713471055030823,-1.9858397245407104
1700166190.920024,0.242560476064682,-0.1213005930185318,-1.9909920692443848
1700166190.9540913,0.23690839111804962,-0.1204214096069336,-1.9894214868545532
1700166190.9871712,0.2283397614955902,-0.12792085111141205,-1.9829676151275635
1700166191.0197072,0.2174159288406372,-0.13723886013031006,-1.976719856262207
1700166191.0543098,0.20648884773254395,-0.14953656494617462,-1.9786728620529175
1700166191.087677,0.19470825791358948,-0.16145147383213043,-1.9873685836791992
1700166191.1202254,0.18392911553382874,-0.17244599759578705,-1.9924640655517578
1700166191.1542704,0.17552930116653442,-0.18166646361351013,-2.011809825897217
1700166191.1883307,0.16721686720848083,-0.18920612335205078,-2.031280040740967
1700166191.2198615,0.16157060861587524,-0.19471140205860138,-2.056532859802246
1700166191.2544222,0.15628620982170105,-0.19693954288959503,-2.0779099464416504
1700166191.2879837,0.15141749382019043,-0.1976223737001419,-2.0960779190063477
1700166191.321517,0.147135928273201,-0.19873489439487457,-2.1114625930786133
1700166191.3551104,0.14159607887268066,-0.19964560866355896,-2.1218531131744385
1700166191.388651,0.13622809946537018,-0.19974106550216675,-2.130922317504883
1700166191.42121,0.14170880615711212,-0.1780834197998047,-2.11049747467041
1700166191.4557874,0.1476355642080307,-0.14910322427749634,-2.0896334648132324
1700166191.4903429,0.15288905799388885,-0.12199373543262482,-2.067037343978882
1700166191.5228786,0.15928532183170319,-0.09815266728401184,-2.052427053451538
1700166191.5554528,0.16636991500854492,-0.07885829359292984,-2.0460312366485596
1700166191.5880005,0.17150302231311798,-0.06629163771867752,-2.039590358734131
1700166191.6225595,0.17397402226924896,-0.05527721345424652,-2.0297911167144775
1700166191.656129,0.17591989040374756,-0.04438494145870209,-2.019528865814209
1700166191.6896603,0.17565466463565826,-0.03343753516674042,-2.008976936340332
1700166191.7222228,0.1766107827425003,-0.02648565173149109,-2.0126917362213135
1700166191.7554605,0.17092104256153107,-0.03225191682577133,-2.023832082748413
1700166191.8562486,0.15723584592342377,-0.05201467126607895,-2.0120441913604736
1700166191.8887904,0.15138854086399078,-0.0707172229886055,-2.016606092453003
1700166191.923338,0.14911049604415894,-0.08540010452270508,-2.0227441787719727
1700166191.9589233,0.14556220173835754,-0.0927581936120987,-2.0238571166992188
1700166191.9914658,0.1428592950105667,-0.09607622772455215,-2.025146007537842
1700166192.0255053,0.133639395236969,-0.10852275043725967,-2.009660482406616
1700166192.0595822,0.13186316192150116,-0.11595115065574646,-2.019551992416382
1700166192.0921307,0.13274739682674408,-0.12226639688014984,-2.024165153503418
1700166192.126218,0.13376744091510773,-0.1231435090303421,-2.0286409854888916
1700166192.159289,0.1346791833639145,-0.12316633015871048,-2.031492233276367
1700166192.191851,0.1356644630432129,-0.12335462123155594,-2.033766746520996
1700166192.2259426,0.13670095801353455,-0.12395459413528442,-2.0350210666656494
1700166192.2579997,0.13758835196495056,-0.12509183585643768,-2.0345139503479004
1700166192.2925582,0.13827680051326752,-0.12676209211349487,-2.032064199447632
1700166192.3246174,0.13898660242557526,-0.12871681153774261,-2.0279150009155273
1700166192.3596926,0.1398252695798874,-0.1307975798845291,-2.0233120918273926
1700166192.3862214,0.21185050904750824,-0.3151908218860626,-2.3732497692108154
1700166192.4282913,0.3615247905254364,-0.40453454852104187,-2.4871928691864014
1700166192.4698508,0.5638915300369263,-0.43550175428390503,-2.539790153503418
1700166192.502236,0.7283146977424622,-0.4322470426559448,-2.5053439140319824
1700166192.5332968,0.8377889394760132,-0.414970725774765,-2.4358668327331543
1700166192.565336,0.9333315491676331,-0.4065486192703247,-2.466026782989502
1700166192.5974066,0.9760836958885193,-0.38949981331825256,-2.4078118801116943
1700166192.6303449,0.9994511008262634,-0.37536120414733887,-2.3635785579681396
1700166192.6609466,1.0127317905426025,-0.3645051121711731,-2.335198402404785
1700166192.6960406,1.0213356018066406,-0.35639262199401855,-2.320157289505005
1700166192.7275908,1.027204155921936,-0.3506232500076294,-2.316054582595825
1700166192.7616801,1.0311118364334106,-0.3468089699745178,-2.319797992706299
1700166192.796756,1.0322877168655396,-0.34482961893081665,-2.330845594406128
1700166192.822804,1.0648199319839478,-0.34743282198905945,-2.266728401184082
1700166192.8623476,1.0848419666290283,-0.34027817845344543,-2.3152971267700195
1700166192.8964143,1.0913156270980835,-0.33646106719970703,-2.367645502090454
1700166192.9289396,1.086575984954834,-0.33608901500701904,-2.4177086353302
1700166209.7616513,0.9606190919876099,-0.38195765018463135,-2.5634758472442627
1700166209.8334303,-0.1559855043888092,0.16589884459972382,-1.9983124732971191
1700166209.9032722,-0.1611027866601944,0.16784842312335968,-2.002702236175537
1700166209.9768133,-0.16239173710346222,0.170435830950737,-2.0020759105682373
1700166210.0217261,-0.16437089443206787,0.17185840010643005,-2.003314733505249
1700166210.066389,-0.164926677942276,0.17339535057544708,-2.0003044605255127
1700166210.1104763,-0.16323402523994446,0.17183493077754974,-1.9978183507919312
1700166210.1542792,-0.16484075784683228,0.17174755036830902,-1.9989097118377686
1700166210.1983347,-0.16272713243961334,0.1666879951953888,-1.9969037771224976
1700166210.2426925,-0.16290295124053955,0.16470547020435333,-1.997533917427063
1700166210.2862475,-0.16452130675315857,0.16364049911499023,-1.9999048709869385
1700166210.3303883,-0.1686929315328598,0.1628076285123825,-2.0025126934051514
1700166210.369476,-0.1687706708908081,0.16212081909179688,-1.9986251592636108
1700166210.415324,-0.16800427436828613,0.16058626770973206,-1.9933863878250122
1700166210.4557192,-0.1669657677412033,0.1597888022661209,-1.988352656364441
1700166210.4994042,-0.16778290271759033,0.15908360481262207,-1.986311912536621
1700166210.5429144,-0.17009501159191132,0.16095833480358124,-1.9864091873168945
1700166210.585473,-0.17128925025463104,0.16222262382507324,-1.9880222082138062
1700166210.627201,-0.1709626019001007,0.16472919285297394,-1.9878321886062622
1700166210.6704695,-0.1707993745803833,0.16596545279026031,-1.9868366718292236
1700166210.7135515,-0.1703079342842102,0.1663549542427063,-1.9849175214767456
1700166210.755589,-0.16967050731182098,0.16678112745285034,-1.9843875169754028
1700166210.7976918,-0.16843372583389282,0.16845794022083282,-1.9847586154937744
1700166210.8383374,-0.16510048508644104,0.1682608425617218,-1.9849261045455933
1700166210.882911,-0.16317042708396912,0.16808158159255981,-1.9861313104629517
1700166210.9233568,-0.1608131378889084,0.16695170104503632,-1.9860727787017822
1700166210.9681299,-0.15949846804141998,0.1654285192489624,-1.9858094453811646
1700166211.012193,-0.16250202059745789,0.16596919298171997,-1.9851915836334229
1700166211.0545437,-0.16493584215641022,0.16620144248008728,-1.983730673789978
1700166211.0995333,-0.16981728374958038,0.16751499474048615,-1.9849863052368164
1700166211.1401453,-0.17409533262252808,0.1686139851808548,-1.9864537715911865
1700166211.1822042,-0.17711758613586426,0.17013555765151978,-1.9876518249511719
1700166211.2224271,-0.1790352761745453,0.17229333519935608,-1.9898912906646729
1700166211.2641077,-0.1759416162967682,0.1728038638830185,-1.9909952878952026
1700166211.3094597,-0.173814058303833,0.17093674838542938,-1.9901045560836792
1700166211.3572192,-0.17269212007522583,0.169266477227211,-1.9894399642944336
1700166211.4034874,-0.1735377013683319,0.16875043511390686,-1.9900686740875244
1700166211.4430478,-0.17442233860492706,0.17023488879203796,-1.9921337366104126
1700166211.4853363,-0.17513996362686157,0.17138972878456116,-1.9952421188354492
1700166211.5274577,-0.1770724207162857,0.17442692816257477,-2.001417398452759
1700166211.5705776,-0.1761271357536316,0.17477597296237946,-2.002514123916626
1700166211.6096141,-0.17589746415615082,0.17455923557281494,-2.003758430480957
1700166211.6526835,-0.1731567680835724,0.17303651571273804,-2.0027475357055664
1700166211.6943882,-0.1702655553817749,0.17237429320812225,-2.0018794536590576
1700166211.7370796,-0.16682471334934235,0.16900719702243805,-1.99827241897583
1700166211.7653136,-0.16498436033725739,0.17119809985160828,-1.9963953495025635
1700166211.7948258,-0.1631312370300293,0.1735011339187622,-1.9974217414855957
1700166211.8265235,-0.16059201955795288,0.17737318575382233,-1.9975440502166748
1700166211.8581214,-0.15817998349666595,0.18218852579593658,-1.9983255863189697
1700166211.8990295,-0.15686017274856567,0.18648859858512878,-1.9991599321365356
1700166211.9315689,-0.1562989205121994,0.18951354920864105,-2.0000932216644287
1700166211.9626186,-0.15565955638885498,0.19132302701473236,-2.0007219314575195
1700166211.993204,-0.15607592463493347,0.19272680580615997,-2.0013248920440674
1700166212.030245,-0.15690022706985474,0.19281521439552307,-2.0011298656463623
1700166212.060281,-0.15860962867736816,0.1914222240447998,-1.9999572038650513
1700166212.0943415,-0.1613936573266983,0.19016286730766296,-1.9988540410995483
1700166212.125264,-0.16313831508159637,0.1897791028022766,-1.9983333349227905
1700166212.1593878,-0.16390439867973328,0.18989598751068115,-1.998100757598877
1700166212.19346,-0.16448965668678284,0.19076885282993317,-1.9985939264297485
1700166212.2263525,-0.16501262784004211,0.1919553279876709,-1.9973088502883911
1700166212.25978,-0.16524848341941833,0.19303524494171143,-1.9969861507415771
1700166212.2968192,-0.16499052941799164,0.19300015270709991,-1.996053695678711
1700166212.3303497,-0.1645364612340927,0.19290904700756073,-1.9960755109786987
1700166212.360769,-0.16377609968185425,0.1931191384792328,-1.996856451034546
1700166212.393353,-0.163037970662117,0.19254170358181,-1.9970426559448242
1700166212.427589,-0.1625697910785675,0.19205300509929657,-1.9975757598876953
1700166212.4626172,-0.16229169070720673,0.19173172116279602,-1.9981135129928589
1700166212.4956641,-0.16178469359874725,0.19121214747428894,-1.9989691972732544
1700166212.526382,-0.16152696311473846,0.19122634828090668,-2.0001375675201416
1700166212.5665503,-0.16152654588222504,0.19127488136291504,-2.0017104148864746
1700166212.5960686,-0.16198250651359558,0.1907692402601242,-2.002878427505493
1700166212.6285906,-0.1630682498216629,0.1902066022157669,-2.0042123794555664
1700166212.6597447,-0.16428300738334656,0.18916435539722443,-2.0048680305480957
1700166212.6931279,-0.16566814482212067,0.1876373291015625,-2.004758834838867
1700166212.7273526,-0.1675451546907425,0.1870691329240799,-2.0048656463623047
1700166212.7599745,-0.1687907725572586,0.18611657619476318,-2.0046427249908447
1700166212.793438,-0.16956093907356262,0.18452800810337067,-2.0046277046203613
1700166212.8273818,-0.17056453227996826,0.18436355888843536,-2.0053837299346924
1700166212.8611288,-0.1712861955165863,0.1849229484796524,-2.004909038543701
1700166212.8971534,-0.17125073075294495,0.18522387742996216,-2.002617120742798
1700166212.9287274,-0.17126932740211487,0.1857428401708603,-1.9981526136398315
1700166212.9627903,-0.17286674678325653,0.18750569224357605,-1.9959217309951782
1700166212.9973938,-0.1738395094871521,0.18933239579200745,-1.9945142269134521
1700166213.0294085,-0.17383074760437012,0.190276637673378,-1.9935778379440308
1700166213.0613563,-0.17270058393478394,0.1897280365228653,-1.993362545967102
1700166213.096261,-0.17109721899032593,0.1885952651500702,-1.9937747716903687
1700166213.128795,-0.17000235617160797,0.1872810423374176,-1.995500087738037
1700166213.16267,-0.16833104193210602,0.18686999380588531,-1.9948930740356445
1700166213.1974075,-0.16593587398529053,0.18620049953460693,-1.9936809539794922
1700166213.230533,-0.16572007536888123,0.1853979229927063,-1.9957334995269775
1700166213.262528,-0.16435150802135468,0.1854456067085266,-1.99666166305542
1700166213.2956076,-0.16268707811832428,0.1852145493030548,-1.9977713823318481
1700166213.329889,-0.1613539606332779,0.18515360355377197,-1.99910569190979
1700166213.3645084,-0.16037559509277344,0.18549787998199463,-2.0005383491516113
1700166213.3975396,-0.15944963693618774,0.18550068140029907,-1.9998929500579834
1700166213.4314544,-0.16009928286075592,0.18447934091091156,-1.9996289014816284
1700166213.463441,-0.16078868508338928,0.18416088819503784,-1.9988741874694824
1700166213.497659,-0.16108648478984833,0.1832064986228943,-1.9978554248809814
1700166213.5312033,-0.16152742505073547,0.18353386223316193,-1.9971182346343994
1700166213.576051,-0.16159483790397644,0.18242059648036957,-1.9959397315979004
1700166213.6163292,-0.16155214607715607,0.18198497593402863,-1.9948103427886963
1700166213.6559496,-0.16267576813697815,0.18300685286521912,-1.99465012550354
1700166213.7006578,-0.16328302025794983,0.18279783427715302,-1.9943403005599976
1700166213.7403388,-0.16281576454639435,0.18244430422782898,-1.993765115737915
1700166213.7698576,-0.1609163135290146,0.18110473453998566,-1.992680549621582
1700166213.7995846,-0.15989649295806885,0.18140830099582672,-1.9933661222457886
1700166213.8326645,-0.15849916636943817,0.1808510571718216,-1.9926879405975342
1700166213.865136,-0.15769724547863007,0.18124574422836304,-1.9919770956039429
1700166213.8991833,-0.15725643932819366,0.18099313974380493,-1.9916008710861206
1700166213.935238,-0.156299889087677,0.18037982285022736,-1.9907158613204956
1700166213.9663122,-0.15643036365509033,0.18060626089572906,-1.9916067123413086
1700166213.9996655,-0.15702244639396667,0.18138566613197327,-1.99315345287323
1700166214.0324044,-0.15864811837673187,0.18349288403987885,-1.994278907775879
1700166214.0659926,-0.16069108247756958,0.1852225661277771,-1.9959138631820679
1700166214.1005995,-0.16215097904205322,0.18636664748191833,-1.9970452785491943
1700166214.1351922,-0.1625330150127411,0.18680265545845032,-1.9972246885299683
1700166214.1662734,-0.16302451491355896,0.18824587762355804,-1.9991134405136108
1700166214.2003665,-0.16248807311058044,0.18959467113018036,-1.9999353885650635
1700166214.2324886,-0.1623084545135498,0.19039255380630493,-2.0009407997131348
1700166214.2676194,-0.1614818572998047,0.19041720032691956,-2.001194715499878
1700166214.3011503,-0.16038614511489868,0.18972155451774597,-2.001298427581787
1700166214.3362312,-0.15957020223140717,0.1891692876815796,-2.001976490020752
1700166214.3692703,-0.15852579474449158,0.18896788358688354,-2.0018820762634277
1700166214.4023414,-0.1582508385181427,0.18902060389518738,-2.0011258125305176
1700166214.43544,-0.15765969455242157,0.1897236704826355,-1.9999356269836426
1700166214.4705927,-0.1571301519870758,0.1900814175605774,-1.999056100845337
1700166214.5021865,-0.15682260692119598,0.1902962327003479,-1.9976452589035034
1700166214.5351985,-0.15683647990226746,0.1901758909225464,-1.9962234497070312
1700166214.5682683,-0.1582874059677124,0.19021859765052795,-1.9961402416229248
1700166214.6023555,-0.15998469293117523,0.19031989574432373,-1.996455430984497
1700166214.6364062,-0.16181761026382446,0.1908247172832489,-1.9979372024536133
1700166214.6681638,-0.16322533786296844,0.1910378783941269,-1.9995932579040527
1700166214.701522,-0.16428609192371368,0.19097019731998444,-2.0009264945983887
1700166214.735574,-0.16489958763122559,0.1914496123790741,-2.0026612281799316
1700166214.768864,-0.16457051038742065,0.19158338010311127,-2.0035667419433594
1700166214.801538,-0.16433599591255188,0.19137972593307495,-2.004438638687134
1700166214.8351545,-0.16395831108093262,0.19122277200222015,-2.0048828125
1700166214.8692663,-0.1638733297586441,0.1903429925441742,-2.005265474319458
1700166226.8327105,-0.40498316287994385,-0.16229164600372314,-1.8996821641921997
1700166226.907508,-0.40725839138031006,-0.16693806648254395,-1.890244483947754
1700166226.9664114,-0.4087843596935272,-0.024529211223125458,-2.0623533725738525
1700166227.0250115,-0.40213102102279663,-0.023932378739118576,-2.0659737586975098
1700166227.0881712,-0.4003470540046692,-0.02637414261698723,-2.0589020252227783
1700166227.156971,-0.40009570121765137,-0.025351915508508682,-2.064014196395874
1700166227.2030354,-0.4001791477203369,-0.026276815682649612,-2.065617561340332
1700166227.2462745,-0.40020954608917236,-0.027069073170423508,-2.0637593269348145
1700166227.2878528,-0.39927637577056885,-0.029298897832632065,-2.058736562728882
1700166227.3330421,-0.3957981765270233,-0.03185969963669777,-2.0516791343688965
1700166227.375266,-0.39257320761680603,-0.03486833721399307,-2.0478873252868652
1700166227.4195392,-0.39267030358314514,-0.03936881572008133,-2.0440948009490967
1700166227.4631348,-0.39647331833839417,-0.03802644461393356,-2.04489803314209
1700166227.5062733,-0.3994380533695221,-0.03653062880039215,-2.0455830097198486
1700166227.547889,-0.40153229236602783,-0.03521466627717018,-2.047673225402832
1700166227.5922782,-0.39985498785972595,-0.03310512378811836,-2.050426483154297
1700166227.6364288,-0.3981204628944397,-0.03235982730984688,-2.051985263824463
1700166227.6779659,-0.39697736501693726,-0.032388657331466675,-2.0551633834838867
1700166227.7206974,-0.3940563499927521,-0.035377345979213715,-2.056089401245117
1700166227.7632916,-0.3930203914642334,-0.04030318930745125,-2.0512828826904297
1700166227.8053653,-0.39401787519454956,-0.04544355347752571,-2.0482428073883057
1700166227.849447,-0.3944862484931946,-0.05062893405556679,-2.043203115463257
1700166227.891755,-0.39618879556655884,-0.05551663786172867,-2.0408504009246826
1700166227.940348,-0.3974515497684479,-0.05447427183389664,-2.040518283843994
1700166227.984422,-0.3969721496105194,-0.053348515182733536,-2.039361000061035
1700166228.0265162,-0.39608147740364075,-0.0514032244682312,-2.0383167266845703
1700166228.069688,-0.39600321650505066,-0.04862654209136963,-2.039553642272949
1700166228.1161716,-0.3948248326778412,-0.046338628977537155,-2.039379358291626
1700166228.15799,-0.3915800452232361,-0.043733108788728714,-2.0389328002929688
1700166228.2007306,-0.38840538263320923,-0.042086824774742126,-2.039517641067505
1700166228.2423964,-0.38677269220352173,-0.04239165037870407,-2.041079521179199
1700166228.2855341,-0.38613709807395935,-0.04249349236488342,-2.043743133544922
1700166228.3285997,-0.3869490921497345,-0.04166742414236069,-2.050938367843628
1700166228.3696225,-0.3892166316509247,-0.04125319793820381,-2.057466983795166
1700166228.4112027,-0.39129671454429626,-0.041521452367305756,-2.0615227222442627
1700166228.4512572,-0.39310529828071594,-0.042485568672418594,-2.064659357070923
1700166228.496253,-0.39659807085990906,-0.044376593083143234,-2.067758083343506
1700166228.5400617,-0.397516131401062,-0.04572838917374611,-2.0670788288116455
1700166228.582607,-0.39663609862327576,-0.0474405437707901,-2.064213991165161
1700166228.6234262,-0.3938916027545929,-0.048341911286115646,-2.062495708465576
1700166228.6654947,-0.3918890655040741,-0.04756588861346245,-2.061666965484619
1700166228.7068212,-0.3900243043899536,-0.04711788892745972,-2.061384439468384
1700166228.75088,-0.38758859038352966,-0.0458197183907032,-2.062304973602295
1700166228.7914321,-0.3832814395427704,-0.040426887571811676,-2.064870595932007
1700166228.834511,-0.3842915892601013,-0.03555195778608322,-2.067028284072876
1700166228.8733943,-0.3850431740283966,-0.032719776034355164,-2.0674335956573486
1700166228.9174643,-0.38587337732315063,-0.03148853778839111,-2.067441940307617
1700166228.9586074,-0.38842225074768066,-0.031028397381305695,-2.0677056312561035
1700166229.0026445,-0.3900035321712494,-0.03134314343333244,-2.0664618015289307
1700166229.0428972,-0.3919856548309326,-0.031852614134550095,-2.063957691192627
1700166229.084503,-0.3936060070991516,-0.03407394886016846,-2.058778762817383
1700166229.1267343,-0.39634469151496887,-0.03747212886810303,-2.0534465312957764
1700166229.1617997,-0.3962819576263428,-0.03845728561282158,-2.051356554031372
1700166229.1923466,-0.39822930097579956,-0.03828452154994011,-2.0507659912109375
1700166229.2214146,-0.40122708678245544,-0.037446651607751846,-2.050825595855713
1700166229.2526371,-0.40338122844696045,-0.03745131194591522,-2.0496842861175537
1700166229.2875853,-0.40434205532073975,-0.03746731951832771,-2.0484986305236816
1700166229.3205981,-0.4032791256904602,-0.03670179098844528,-2.0478315353393555
1700166229.353608,-0.4008924961090088,-0.03602023795247078,-2.0484745502471924
1700166229.3875866,-0.3985678553581238,-0.03510642796754837,-2.050154447555542
1700166229.420115,-0.3932682275772095,-0.03578854724764824,-2.049354314804077
1700166229.4546614,-0.3893924355506897,-0.036410070955753326,-2.050508499145508
1700166229.4872048,-0.3855192959308624,-0.03647150844335556,-2.051863670349121
1700166229.5203784,-0.3825300633907318,-0.03561296686530113,-2.0556752681732178
1700166229.55368,-0.3822098672389984,-0.035121578723192215,-2.059196710586548
1700166229.5864065,-0.3838437795639038,-0.035057976841926575,-2.0603511333465576
1700166229.6194904,-0.3864380717277527,-0.03475697711110115,-2.0607972145080566
1700166229.6531513,-0.38982874155044556,-0.03460884094238281,-2.0617868900299072
1700166229.6881208,-0.3925601840019226,-0.03476860374212265,-2.061779499053955
1700166229.7260447,-0.3931151032447815,-0.03466999530792236,-2.061622142791748
1700166229.7600994,-0.3922315537929535,-0.03436870500445366,-2.0609359741210938
1700166229.7886388,-0.3909160792827606,-0.03386075049638748,-2.060683012008667
1700166229.8231647,-0.3908939063549042,-0.033176910132169724,-2.0620837211608887
1700166229.8545983,-0.3905479609966278,-0.03208077698945999,-2.0641138553619385
1700166229.8900182,-0.39101284742355347,-0.03190406411886215,-2.0660860538482666
1700166229.9250581,-0.39095959067344666,-0.032123226672410965,-2.067039728164673
1700166229.9893677,-0.39197635650634766,-0.03217126801609993,-2.065321445465088
1700166230.0215662,-0.3941841423511505,-0.032171983271837234,-2.0647499561309814
1700166230.0561018,-0.3962051272392273,-0.032662369310855865,-2.063241720199585
1700166230.0905952,-0.3981151282787323,-0.03249482437968254,-2.0630645751953125
1700166230.1227214,-0.3997458517551422,-0.03165852278470993,-2.0631754398345947
1700166230.1583443,-0.3992859721183777,-0.03149169683456421,-2.0623881816864014
1700166230.190875,-0.39917367696762085,-0.03177877515554428,-2.0608885288238525
1700166230.2244518,-0.3991087079048157,-0.032505422830581665,-2.0583345890045166
1700166230.2585967,-0.3990141451358795,-0.033426687121391296,-2.055840253829956
1700166230.290692,-0.397792786359787,-0.03442339599132538,-2.052593231201172
1700166230.3247502,-0.3964214622974396,-0.03550972789525986,-2.050011157989502
1700166230.3583112,-0.3943399488925934,-0.03709328547120094,-2.047776937484741
1700166230.3894098,-0.39344313740730286,-0.0370660163462162,-2.0477333068847656
1700166230.4259984,-0.3935870826244354,-0.035406485199928284,-2.050734519958496
1700166230.4575367,-0.3944021463394165,-0.0332401879131794,-2.055276870727539
1700166230.491596,-0.39521679282188416,-0.0309077687561512,-2.0600032806396484
1700166230.5229685,-0.39387860894203186,-0.029929351061582565,-2.0624232292175293
1700166230.5586343,-0.39351886510849,-0.02892490103840828,-2.066287040710449
1700166230.5920649,-0.3939075469970703,-0.02791973203420639,-2.067906618118286
1700166230.625632,-0.39452221989631653,-0.02843993529677391,-2.0674426555633545
1700166230.6582332,-0.3950954079627991,-0.029988091439008713,-2.0666208267211914
1700166230.6924531,-0.39661315083503723,-0.031742364168167114,-2.066351890563965
1700166230.7249079,-0.39832061529159546,-0.03326096758246422,-2.0655627250671387
1700166230.7591224,-0.3992561399936676,-0.03332153335213661,-2.0655150413513184
1700166230.7914689,-0.3984522223472595,-0.03400546312332153,-2.064812421798706
1700166230.8264854,-0.3968546986579895,-0.034937337040901184,-2.06449031829834
1700166230.8580544,-0.39626771211624146,-0.03442407771945,-2.065366744995117
1700166230.893077,-0.39670199155807495,-0.033024780452251434,-2.066723108291626
1700166230.9261189,-0.3962169289588928,-0.032376598566770554,-2.0664522647857666
1700166230.971206,-0.39675775170326233,-0.03259335830807686,-2.0661792755126953
1700166231.0142105,-0.39564067125320435,-0.03276533633470535,-2.0653491020202637
1700166231.0576005,-0.39389094710350037,-0.033361393958330154,-2.064520835876465
1700166231.0997982,-0.3900754153728485,-0.03443614020943642,-2.06245493888855
1700166231.1428282,-0.38835373520851135,-0.03439761698246002,-2.0617198944091797
1700166231.174512,-0.38924330472946167,-0.033435456454753876,-2.062143087387085
1700166231.2046,-0.3908415734767914,-0.031290628015995026,-2.0623674392700195
1700166231.2332044,-0.3924516439437866,-0.029266953468322754,-2.0628535747528076
1700166231.264304,-0.39368003606796265,-0.027403175830841064,-2.064546823501587
1700166231.2928724,-0.3950497508049011,-0.026260439306497574,-2.066856861114502
1700166231.3279557,-0.3954530954360962,-0.027189236134290695,-2.065988540649414
1700166231.361474,-0.3950050473213196,-0.029811512678861618,-2.0629723072052
1700166231.395535,-0.3950442969799042,-0.03248237818479538,-2.0609488487243652
1700166231.42887,-0.3947693407535553,-0.035305701196193695,-2.058462381362915
1700166231.461412,-0.3941061794757843,-0.03741242736577988,-2.056037187576294
1700166231.4943469,-0.39391806721687317,-0.0386493019759655,-2.054348945617676
1700166231.5280726,-0.3938486874103546,-0.03972300887107849,-2.052672863006592
1700166231.5606544,-0.3946414589881897,-0.03912395238876343,-2.051279067993164
1700166231.5967507,-0.3945315182209015,-0.039406273514032364,-2.0499961376190186
1700166231.6276953,-0.39411452412605286,-0.03896049037575722,-2.050981044769287
1700166231.662566,-0.3933008313179016,-0.037745412439107895,-2.054955244064331
1700166231.6963131,-0.39186519384384155,-0.03664234280586243,-2.057796001434326
1700166231.7284083,-0.38978758454322815,-0.03616694360971451,-2.0591955184936523
1700166231.7609951,-0.388657808303833,-0.03628269582986832,-2.060525894165039
1700166231.7961175,-0.38758039474487305,-0.03631270304322243,-2.0619382858276367
1700166231.8305104,-0.3882284462451935,-0.035995207726955414,-2.0628318786621094
1700166231.8620672,-0.3891889452934265,-0.03560950234532356,-2.0635805130004883
1700166231.895732,-0.3905208706855774,-0.03458595275878906,-2.0637943744659424
1700166231.929903,-0.39077284932136536,-0.034055210649967194,-2.0627386569976807
1700166237.9367855,0.0011314582079648972,-0.3012888431549072,-2.0664172172546387
1700166238.0067804,0.0029494203627109528,-0.30251845717430115,-2.0599143505096436
1700166238.0727508,0.014143133535981178,-0.3118138611316681,-2.0631396770477295
1700166238.1383624,0.01704348251223564,-0.30138641595840454,-2.063917398452759
1700166238.200384,0.012794500216841698,-0.30183470249176025,-2.052032232284546
1700166238.262234,0.0064291153103113174,-0.3015194535255432,-2.042109966278076
1700166238.3249316,0.0021693874150514603,-0.30150753259658813,-2.04008150100708
1700166238.373497,0.00037666410207748413,-0.30164647102355957,-2.041903018951416
1700166238.4166453,-0.0033367909491062164,-0.3032866418361664,-2.0461668968200684
1700166238.4582858,-0.006035935133695602,-0.30412331223487854,-2.054095506668091
1700166238.5010977,-0.0058159492909908295,-0.3048365116119385,-2.0592520236968994
1700166238.5418816,-0.005082130432128906,-0.3053068518638611,-2.063014030456543
1700166238.583623,-0.0039878468960523605,-0.30565327405929565,-2.0658209323883057
1700166238.6259067,-0.002161923795938492,-0.3059603273868561,-2.0704872608184814
1700166238.6676667,-0.0005709733814001083,-0.3064006567001343,-2.0708439350128174
1700166238.7017553,0.0004960056394338608,-0.3069812059402466,-2.0709075927734375
1700166238.7364666,0.0012200530618429184,-0.30731910467147827,-2.0707311630249023
1700166238.7726896,-0.013590287417173386,-0.30697065591812134,-2.063924551010132
1700166238.8170948,-0.013213789090514183,-0.3096938133239746,-2.0627310276031494
1700166238.8576965,-0.01248059794306755,-0.3137208819389343,-2.0597879886627197
1700166238.9023497,-0.012002179399132729,-0.3169094920158386,-2.06435489654541
1700166238.9434605,-0.010754819959402084,-0.31813985109329224,-2.064866542816162
1700166238.9846098,-0.009673694148659706,-0.31922897696495056,-2.0624892711639404
1700166239.02459,-0.009207971394062042,-0.3209463059902191,-2.058084011077881
1700166239.0681427,-0.008818341419100761,-0.32010263204574585,-2.0535888671875
1700166239.109293,-0.007617909461259842,-0.3163216710090637,-2.0486207008361816
1700166239.152347,-0.006723012775182724,-0.31390413641929626,-2.0450148582458496
1700166239.192902,-0.00530635192990303,-0.31287136673927307,-2.04360294342041
1700166239.2345345,-0.005888650193810463,-0.3127831816673279,-2.0462517738342285
1700166239.2730737,-0.0055752042680978775,-0.3109651505947113,-2.0456488132476807
1700166239.317561,-0.0023969318717718124,-0.3032894432544708,-2.0493807792663574
1700166239.359376,0.0042412057518959045,-0.2988525629043579,-2.044724941253662
1700166239.4008546,0.004398565739393234,-0.3023819029331207,-2.044144630432129
1700166239.4422247,0.00687619112432003,-0.30027368664741516,-2.047722339630127
1700166239.4830823,0.00529853068292141,-0.3026384711265564,-2.0475852489471436
1700166239.5231514,0.004370700567960739,-0.3072929382324219,-2.0485191345214844
1700166239.5642502,0.002539459615945816,-0.31514599919319153,-2.05208683013916
1700166239.6070805,0.0024314969778060913,-0.31808537244796753,-2.0491385459899902
1700166239.65024,0.0012417826801538467,-0.32206809520721436,-2.0533969402313232
1700166239.6893811,-0.014991972595453262,-0.32206016778945923,-2.055504083633423
1700166239.7315562,-0.011989830061793327,-0.3244621753692627,-2.052851438522339
1700166239.7631567,-0.008438250049948692,-0.3218870460987091,-2.0476737022399902
1700166239.7916982,-0.006125954911112785,-0.31945163011550903,-2.045825958251953
1700166239.824253,-0.004152989014983177,-0.3166681230068207,-2.0435898303985596
1700166239.8583207,-0.0027026887983083725,-0.3158347010612488,-2.0432183742523193
1700166239.8914328,-0.002073042094707489,-0.31447380781173706,-2.0431108474731445
1700166239.925081,-0.0013690795749425888,-0.31422320008277893,-2.0440151691436768
1700166239.9583015,-0.0007457379251718521,-0.3150596022605896,-2.0448596477508545
1700166239.9918618,-4.065968096256256e-05,-0.31636616587638855,-2.046323537826538
1700166240.0244384,0.0001750551164150238,-0.31747281551361084,-2.047269105911255
1700166240.0585902,0.0033615604043006897,-0.3123170733451843,-2.049434185028076
1700166240.091591,0.0056465994566679,-0.3056732416152954,-2.052415132522583
1700166240.1255877,0.006699921563267708,-0.3007116913795471,-2.0549590587615967
1700166240.1599681,0.006711138412356377,-0.2991310656070709,-2.0566887855529785
1700166240.195029,0.005797317251563072,-0.30383893847465515,-2.0536835193634033
1700166240.226622,0.004647141322493553,-0.3115697205066681,-2.044224977493286
1700166240.2597115,0.0008526444435119629,-0.3200656771659851,-2.040645122528076
1700166240.2917833,-0.0032520592212677,-0.32668814063072205,-2.0387465953826904
1700166240.3243535,-0.007148662582039833,-0.330709308385849,-2.037065029144287
1700166240.3601449,-0.010342191904783249,-0.3324712812900543,-2.0356221199035645
1700166240.3945498,-0.013003945350646973,-0.3325055241584778,-2.0344343185424805
1700166240.4273715,-0.015085900202393532,-0.3312138020992279,-2.0335323810577393
1700166240.4601235,-0.016592666506767273,-0.3292022943496704,-2.032897472381592
1700166240.4991736,-0.017708882689476013,-0.32646727561950684,-2.0322604179382324
1700166240.5230227,-0.01822802424430847,-0.32384592294692993,-2.031557083129883
1700166240.5532386,-0.018320634961128235,-0.321575790643692,-2.0309319496154785
1700166240.5878086,-0.0181338582187891,-0.31974947452545166,-2.03045654296875
1700166240.6193943,-0.01770845614373684,-0.31836143136024475,-2.0300745964050293
1700166240.6546345,-0.01685463823378086,-0.31759703159332275,-2.029602289199829
1700166240.6873193,-0.0160420723259449,-0.31716179847717285,-2.0292909145355225
1700166240.720448,-0.01518767699599266,-0.316980242729187,-2.029008150100708
1700166240.7546632,-0.014263881370425224,-0.3169977068901062,-2.028698682785034
1700166240.7866693,-0.01320420578122139,-0.31737020611763,-2.0283901691436768
1700166240.820234,-0.0094364695250988,-0.2962184548377991,-2.0873420238494873
1700166240.8616,-0.010553406551480293,-0.2935243248939514,-2.071497917175293
1700166240.8931832,-0.014482341706752777,-0.2963482141494751,-2.0629794597625732
1700166240.9275022,-0.014606060460209846,-0.29819372296333313,-2.0673370361328125
1700166240.9611382,-0.012568838894367218,-0.3002382516860962,-2.0675182342529297
1700166241.0031176,-0.008962428197264671,-0.30225422978401184,-2.0643527507781982
1700166241.0326502,-0.004289589822292328,-0.3041045069694519,-2.0596108436584473
1700166241.064351,0.0008654054254293442,-0.3056328296661377,-2.054288148880005
1700166241.0943863,0.006088268011808395,-0.30672451853752136,-2.048975944519043
1700166241.127967,0.01103164628148079,-0.3073371946811676,-2.0439908504486084
1700166241.1595466,0.01543942466378212,-0.307624489068985,-2.0398404598236084
1700166241.1873176,0.019163379445672035,-0.30758199095726013,-2.0364975929260254
1700166241.220881,0.02207176759839058,-0.30726009607315063,-2.033895254135132
1700166241.2534096,0.02483445405960083,-0.32439324259757996,-2.0130226612091064
1700166241.2965405,0.023595772683620453,-0.3328016698360443,-2.013535499572754
1700166241.3280978,0.01834655925631523,-0.3390507400035858,-2.018195629119873
1700166241.3620384,0.010047664865851402,-0.34546780586242676,-2.0279128551483154
1700166241.3957427,0.001365726813673973,-0.3496702313423157,-2.037621259689331
1700166241.4302742,-0.006968274712562561,-0.35209909081459045,-2.047125816345215
1700166241.4634442,-0.01691495254635811,-0.35385003685951233,-2.0568008422851562
1700166241.497586,-0.031632840633392334,-0.3505578935146332,-2.06376314163208
1700166241.5301328,-0.027994440868496895,-0.3411814570426941,-2.066863775253296
1700166241.5632806,-0.02254873886704445,-0.3314479887485504,-2.070267677307129
1700166241.5973303,-0.020822059363126755,-0.32432761788368225,-2.0704879760742188
1700166241.6320448,-0.020645197480916977,-0.3228535056114197,-2.071828603744507
1700166241.6646214,-0.02106885053217411,-0.3246636390686035,-2.0738158226013184
1700166241.695756,-0.021182667464017868,-0.3200414180755615,-2.076643943786621
1700166241.7323146,-0.01984878070652485,-0.3146922290325165,-2.0794761180877686
1700166241.7643814,-0.017816614359617233,-0.3102569282054901,-2.0821268558502197
1700166241.800417,-0.01535477302968502,-0.3071914315223694,-2.084277629852295
1700166241.8309493,-0.01268305815756321,-0.30554887652397156,-2.0854153633117676
1700166241.8630154,-0.009901158511638641,-0.30497661232948303,-2.0854883193969727
1700166241.8981173,-0.007087051868438721,-0.30513447523117065,-2.084547996520996
1700166241.9306715,-0.004387686029076576,-0.30552759766578674,-2.0829296112060547
1700166241.9722462,-0.0019066762179136276,-0.3060398995876312,-2.080886125564575
1700166242.00628,0.0014666132628917694,-0.3069917857646942,-2.0780882835388184
1700166242.0706885,0.0033971555531024933,-0.3077598810195923,-2.074413537979126
1700166242.104772,0.004850873723626137,-0.30811893939971924,-2.0713884830474854
1700166242.1383357,0.005943072959780693,-0.3083384931087494,-2.0688588619232178
1700166242.172409,0.0066998787224292755,-0.3085010051727295,-2.066772937774658
1700166242.2087076,0.007195349782705307,-0.3083827495574951,-2.065108060836792
1700166242.2447317,0.0074654314666986465,-0.3082493245601654,-2.063737630844116
1700166242.2843118,0.007541855797171593,-0.30785703659057617,-2.0626776218414307
1700166242.3178954,0.007494678720831871,-0.3074818253517151,-2.06182599067688
1700166242.3515494,0.00730019249022007,-0.30711132287979126,-2.0611722469329834
1700166242.384644,0.007037382572889328,-0.30686327815055847,-2.060678005218506
1700166242.4197333,0.006723925471305847,-0.3065653443336487,-2.0603339672088623
1700166242.4522562,0.00631340965628624,-0.30627021193504333,-2.0601518154144287
1700166242.4859421,0.005887471139431,-0.30582594871520996,-2.060274600982666
1700166242.5195746,0.005470817908644676,-0.3056296706199646,-2.0605533123016357
1700166242.5521758,0.005090093240141869,-0.30560463666915894,-2.060899019241333
1700166242.5867226,0.004746416583657265,-0.305708646774292,-2.061411142349243
1700166242.6202726,0.004441786557435989,-0.30583521723747253,-2.061941623687744
1700166242.6543713,0.004188841208815575,-0.30585336685180664,-2.06242299079895
1700166242.690397,0.0039986781775951385,-0.30583834648132324,-2.0627849102020264
1700166242.7249758,0.003863474354147911,-0.30586791038513184,-2.063025951385498
1700166242.7490304,0.0204464104026556,-0.31939366459846497,-2.0150656700134277
1700166242.7781072,0.023777445778250694,-0.32806727290153503,-2.008727788925171
1700166242.8056343,0.020189115777611732,-0.3350052237510681,-2.0097312927246094
1700166242.834273,0.01334240473806858,-0.3393699526786804,-2.014813184738159
1700166242.866861,0.00580974854528904,-0.3411356806755066,-2.021585702896118
1700166242.9023855,-0.0013247095048427582,-0.34164318442344666,-2.0275726318359375
1700166242.934461,-0.007034078240394592,-0.34289583563804626,-2.034074068069458
1700166242.9653883,-0.011086570098996162,-0.34369367361068726,-2.0405869483947754
1700166242.9999282,-0.013671796768903732,-0.34379881620407104,-2.046553611755371
1700166243.0344787,-0.020203473046422005,-0.34686702489852905,-2.0617516040802
1700166243.0670972,-0.02551587112247944,-0.34636440873146057,-2.0694234371185303
1700166243.10065,-0.029082925990223885,-0.34512096643447876,-2.073935031890869
1700166248.5133176,-0.10573776066303253,-0.015770073980093002,-2.015122652053833
1700166248.5964782,-0.08844548463821411,-0.0121945571154356,-2.007981538772583
1700166248.662897,-0.07600273191928864,-0.009222365915775299,-2.0317938327789307
1700166248.7264469,-0.0804043635725975,-0.011150152422487736,-2.0313336849212646
1700166248.7624755,-0.08025481551885605,-0.011051170527935028,-2.03254771232605
1700166248.8065245,-0.08053937554359436,-0.011758118867874146,-2.0330283641815186
1700166248.8515549,-0.08073846995830536,-0.01210480835288763,-2.0327181816101074
1700166248.8945699,-0.08225938677787781,-0.012685100547969341,-2.032884120941162
1700166248.9381044,-0.08836305886507034,-0.016319584101438522,-2.0427722930908203
1700166248.982088,-0.09271849691867828,-0.019902218133211136,-2.0545127391815186
1700166249.0230875,-0.09593256562948227,-0.022637825459241867,-2.065646171569824
1700166249.0656009,-0.09506309777498245,-0.02040843293070793,-2.06262469291687
1700166249.1073506,-0.08959251642227173,-0.01745300367474556,-2.0570826530456543
1700166249.1497042,-0.08497442305088043,-0.01548694632947445,-2.053255558013916
1700166249.1922796,-0.08132585138082504,-0.013786803930997849,-2.050971269607544
1700166249.2353432,-0.07685970515012741,-0.01025982666760683,-2.047593355178833
1700166249.2774847,-0.07471360266208649,-0.008663229644298553,-2.047377586364746
1700166249.3194978,-0.07252679765224457,-0.007396507076919079,-2.04697322845459
1700166249.3605597,-0.07152771949768066,-0.006276891566812992,-2.046985149383545
1700166249.4043224,-0.06833083182573318,-0.006374228745698929,-2.0450541973114014
1700166249.4486609,-0.06769497692584991,-0.007634952664375305,-2.0447795391082764
1700166249.491201,-0.06576928496360779,-0.008411740884184837,-2.044070243835449
1700166249.5347345,-0.06454752385616302,-0.00802878849208355,-2.0458643436431885
1700166249.5755794,-0.06562083959579468,-0.006910869851708412,-2.0494561195373535
1700166249.6181748,-0.0679423063993454,-0.006441950798034668,-2.053208827972412
1700166249.6595376,-0.06961870193481445,-0.006013154052197933,-2.0563862323760986
1700166249.703041,-0.07064489275217056,-0.005685461685061455,-2.059788227081299
1700166249.747772,-0.07031974196434021,-0.004938852041959763,-2.062485694885254
1700166249.7893627,-0.07625280320644379,-0.007882180623710155,-2.0723817348480225
1700166249.83041,-0.08686726540327072,-0.01582321897149086,-2.09818434715271
1700166249.8754787,-0.0931825116276741,-0.01977365091443062,-2.1081719398498535
1700166249.9175384,-0.09217675030231476,-0.018294382840394974,-2.1049306392669678
1700166249.9606214,-0.08822466433048248,-0.015757661312818527,-2.095698833465576
1700166250.0025733,-0.08265440165996552,-0.013378960080444813,-2.0789730548858643
1700166250.0436695,-0.07570136338472366,-0.010737728327512741,-2.0665628910064697
1700166250.0877094,-0.07074954360723495,-0.008413448929786682,-2.0605356693267822
1700166250.1308684,-0.0647888034582138,-0.004797150380909443,-2.0533370971679688
1700166250.1720335,-0.06215890496969223,-0.002804744988679886,-2.053128957748413
1700166250.217328,-0.06038878858089447,-0.0015213210135698318,-2.053049087524414
1700166250.2574685,-0.059284988790750504,-4.187319427728653e-05,-2.053253412246704
1700166250.3014095,-0.05737437307834625,0.0018221018835902214,-2.0550222396850586
1700166250.3445077,-0.058134958148002625,0.0013264138251543045,-2.0566697120666504
1700166250.3745918,-0.05867134779691696,0.0006663231179118156,-2.05810809135437
1700166250.40464,-0.05882915109395981,-9.994860738515854e-05,-2.058228015899658
1700166250.4347923,-0.058846525847911835,-0.0005880454555153847,-2.0585274696350098
1700166250.4628522,-0.0644690990447998,-0.0036849481984972954,-2.0655534267425537
1700166250.495385,-0.06671245396137238,-0.004608016461133957,-2.0667178630828857
1700166250.528112,-0.06749093532562256,-0.004305179230868816,-2.0661797523498535
1700166250.5612729,-0.06791191548109055,-0.003301379270851612,-2.0660548210144043
1700166250.5955908,-0.0679977685213089,-0.00215913075953722,-2.06549334526062
1700166250.628131,-0.06772027909755707,-0.000865565612912178,-2.0647599697113037
1700166250.661044,-0.06674565374851227,0.00030966848134994507,-2.064652442932129
1700166250.692773,-0.06593199819326401,0.0009377859532833099,-2.0655224323272705
1700166250.7278519,-0.06911362707614899,-0.0021283552050590515,-2.0707812309265137
1700166250.7614038,-0.0691656619310379,-0.0036215856671333313,-2.072540283203125
1700166250.793621,-0.0672140121459961,-0.004931516945362091,-2.071714162826538
1700166250.834375,-0.06937921792268753,-0.008750761859118938,-2.0752015113830566
1700166250.8644123,-0.07173734903335571,-0.01287821028381586,-2.080294370651245
1700166250.8954458,-0.07007093727588654,-0.013542537577450275,-2.078448534011841
1700166250.9300106,-0.07143247872591019,-0.014942189678549767,-2.080326795578003
1700166250.9615602,-0.06890790909528732,-0.013361884281039238,-2.075371265411377
1700166250.997472,-0.07012105733156204,-0.013414779677987099,-2.0758349895477295
1700166251.030567,-0.07244257628917694,-0.01480504684150219,-2.079160690307617
1700166251.061619,-0.07410632818937302,-0.01651749201118946,-2.0837173461914062
1700166251.0975935,-0.07179968059062958,-0.015056761913001537,-2.0824387073516846
1700166251.1297653,-0.0681559145450592,-0.012371833436191082,-2.0795795917510986
1700166251.1629598,-0.06432700157165527,-0.009376239031553268,-2.0748255252838135
1700166251.1965396,-0.0651806965470314,-0.009220062755048275,-2.074591875076294
1700166251.2306068,-0.062042079865932465,-0.007730995304882526,-2.0698747634887695
1700166251.2646558,-0.05882752314209938,-0.006084431894123554,-2.064967393875122
1700166251.2964716,-0.055681511759757996,-0.005021403543651104,-2.0595054626464844
1700166251.3305638,-0.05801426246762276,-0.006748510524630547,-2.0597243309020996
1700166251.3636794,-0.057270996272563934,-0.006794687360525131,-2.05694580078125
1700166251.398532,-0.05596555396914482,-0.006362760439515114,-2.052586793899536
1700166251.430555,-0.05432230979204178,-0.005425960756838322,-2.0484156608581543
1700166251.4631133,-0.0574633814394474,-0.007134182378649712,-2.0525095462799072
1700166251.4977975,-0.05699440464377403,-0.007008016109466553,-2.053938388824463
1700166251.5323548,-0.05537834018468857,-0.005958558991551399,-2.0552256107330322
1700166251.56293,-0.0535835325717926,-0.004901758395135403,-2.0564613342285156
1700166251.6005008,-0.05211542174220085,-0.0038494709879159927,-2.058049440383911
1700166251.630087,-0.05070578306913376,-0.0023196255788207054,-2.059821128845215
1700166251.666987,-0.04962628334760666,-0.0014949087053537369,-2.061241388320923
1700166251.6985822,-0.05463908240199089,-0.0034894365817308426,-2.068512439727783
1700166251.7327673,-0.055490486323833466,-0.0042428988963365555,-2.0710792541503906
1700166251.7648482,-0.06024010479450226,-0.007599412463605404,-2.078050374984741
1700166251.7978559,-0.06200020760297775,-0.008699694648385048,-2.078737735748291
1700166251.8324041,-0.06299138069152832,-0.008911418728530407,-2.0774707794189453
1700166251.8636754,-0.06212034076452255,-0.008721531368792057,-2.0741522312164307
1700166251.8991704,-0.06570275872945786,-0.011224662885069847,-2.0768494606018066
1700166251.93271,-0.06447022408246994,-0.01103375107049942,-2.073904514312744
1700166251.964795,-0.06152799725532532,-0.009609022177755833,-2.0695948600769043
1700166251.9993238,-0.058383509516716,-0.008120834827423096,-2.0659282207489014
1700166252.0345635,-0.06088961660861969,-0.00979787390679121,-2.069120407104492
1700166252.0655496,-0.06466816365718842,-0.010751473717391491,-2.0767323970794678
1700166252.0996666,-0.06278067827224731,-0.008681518025696278,-2.0747947692871094
1700166252.1331983,-0.0591665618121624,-0.006218846887350082,-2.071462631225586
1700166252.1804771,-0.05508600175380707,-0.00450575165450573,-2.0676164627075195
1700166252.2230542,-0.05141475051641464,-0.003409605473279953,-2.0641562938690186
1700166252.2655966,-0.04905283451080322,-0.0018847780302166939,-2.060654640197754
1700166252.3061278,-0.04761909320950508,6.586406379938126e-05,-2.0531251430511475
1700166252.3487625,-0.04838909953832626,0.0006168810650706291,-2.0502545833587646
1700166252.38893,-0.04892192780971527,0.0017180051654577255,-2.0482304096221924
1700166252.4316084,-0.04931514710187912,0.00320479366928339,-2.047581911087036
1700166252.4726913,-0.06244228035211563,-0.002400590106844902,-2.067154884338379
1700166252.5146382,-0.06674813479185104,-0.003955535590648651,-2.0722978115081787
1700166252.5577745,-0.0669848769903183,-0.004049753770232201,-2.072666645050049
1700166252.6003323,-0.0660281628370285,-0.0036249393597245216,-2.0714612007141113
1700166252.6422012,-0.07539546489715576,-0.009802274405956268,-2.0897538661956787
1700166252.685237,-0.07524062693119049,-0.009145110845565796,-2.0895307064056396
1700166252.7260938,-0.07297246158123016,-0.006817465648055077,-2.0859427452087402
1700166252.7676978,-0.07634401321411133,-0.0077797770500183105,-2.0891590118408203
1700166252.810343,-0.07446765899658203,-0.005577182397246361,-2.079580307006836
1700166252.8525958,-0.07662555575370789,-0.00613368209451437,-2.0797016620635986
1700166252.8937123,-0.07389402389526367,-0.004990754649043083,-2.0731513500213623
1700166252.9357247,-0.07564133405685425,-0.005846422165632248,-2.0727155208587646
1700166252.977173,-0.06939518451690674,-0.0029987189918756485,-2.062653064727783
1700166253.0190904,-0.06386300921440125,-0.0002725999802350998,-2.0577752590179443
1700166253.057644,-0.060358136892318726,0.00198447797447443,-2.05527400970459
1700166253.1004102,-0.06418052315711975,0.00012870412319898605,-2.0621914863586426
1700166253.1413105,-0.07188140600919724,-0.006393757648766041,-2.080392837524414
1700166253.1825469,-0.0783761739730835,-0.01190956961363554,-2.0926568508148193
1700166253.221668,-0.08215589821338654,-0.015401028096675873,-2.100534677505493
1700166253.264747,-0.0793144702911377,-0.014074965380132198,-2.096991539001465
1700166253.3065314,-0.0751766562461853,-0.012032884173095226,-2.0920591354370117
1700166253.3477218,-0.06960514187812805,-0.01070607453584671,-2.083683490753174
1700166253.3918839,-0.07043551653623581,-0.012590250000357628,-2.081768751144409
1700166253.4347773,-0.06787879765033722,-0.013280858285725117,-2.07594895362854
1700166253.4755979,-0.06186410039663315,-0.014011836610734463,-2.0635297298431396
1700166253.522639,-0.06425684690475464,-0.015041406266391277,-2.065016746520996
1700166253.5533743,-0.06757549941539764,-0.016672682017087936,-2.0709357261657715
1700166253.5824814,-0.0657186508178711,-0.014649170450866222,-2.0705740451812744
1700166253.6126256,-0.06252403557300568,-0.010957969352602959,-2.068112373352051
1700166253.6431885,-0.06360889226198196,-0.009851161390542984,-2.071437358856201
1700166253.673214,-0.06127658486366272,-0.007558044977486134,-2.0704543590545654
1700166253.707289,-0.058896999806165695,-0.005637389607727528,-2.067814826965332
A coordinates: -0.16354477 0.18260731
B coordinates: -0.3939647 -0.033805367
