1700166292.143762,0.3067305088043213,-0.38533148169517517,-2.166130781173706
1700166292.3257172,0.30930253863334656,-0.38415443897247314,-2.1683120727539062
1700166292.3482554,0.3120567798614502,-0.3853699564933777,-2.1732888221740723
1700166292.36982,0.31189608573913574,-0.38517293334007263,-2.1798653602600098
1700166292.4008577,0.3125426471233368,-0.3859170377254486,-2.184863567352295
1700166292.4418864,0.3135773837566376,-0.38414737582206726,-2.1864402294158936
1700166292.4749753,0.31329983472824097,-0.3850212097167969,-2.1817409992218018
1700166292.5071456,0.31352663040161133,-0.3852103650569916,-2.184450387954712
1700166292.5411727,0.3118772506713867,-0.3859539031982422,-2.2008864879608154
1700166292.5732234,0.3100923001766205,-0.3874700367450714,-2.2106213569641113
1700166292.6087773,0.30689123272895813,-0.3875655233860016,-2.2064363956451416
1700166292.6413643,0.3018285036087036,-0.38847070932388306,-2.2076265811920166
1700166292.6759841,0.2984906733036041,-0.3879753649234772,-2.211829662322998
1700166292.7071042,0.29412591457366943,-0.3880462646484375,-2.2042124271392822
1700166292.7582052,0.290499746799469,-0.3881314992904663,-2.1963608264923096
1700166292.789263,0.2891031503677368,-0.3871843218803406,-2.187948226928711
1700166292.8208005,0.2892366945743561,-0.38628950715065,-2.1774935722351074
1700166292.854798,0.29115039110183716,-0.3841792345046997,-2.1759917736053467
1700166292.882524,0.29183995723724365,-0.3818998336791992,-2.1726787090301514
1700166292.9140673,0.2922811508178711,-0.3802010118961334,-2.1731598377227783
1700166292.9456267,0.2910500764846802,-0.3813605010509491,-2.169656276702881
1700166292.9786606,0.29110586643218994,-0.3812175393104553,-2.1760778427124023
1700166293.0091147,0.29127758741378784,-0.38182687759399414,-2.18023943901062
1700166293.0406926,0.2926260232925415,-0.38222646713256836,-2.1818575859069824
1700166293.0771637,0.2932853698730469,-0.3830651640892029,-2.1816964149475098
1700166293.1107142,0.29426565766334534,-0.3827378451824188,-2.1818182468414307
1700166293.1424572,0.29445528984069824,-0.38160353899002075,-2.1808860301971436
1700166293.177249,0.294744610786438,-0.3800464868545532,-2.179471969604492
1700166293.2107742,0.29338538646698,-0.3794267177581787,-2.1782803535461426
1700166293.2437708,0.2912050783634186,-0.3799879550933838,-2.1722233295440674
1700166293.2768414,0.2903287708759308,-0.37998947501182556,-2.1720023155212402
1700166293.3093135,0.2884177565574646,-0.3815542757511139,-2.171769380569458
1700166293.3443425,0.28675276041030884,-0.3826553225517273,-2.1726481914520264
1700166293.376718,0.28621912002563477,-0.3839649558067322,-2.173955202102661
1700166293.4116366,0.28787294030189514,-0.3846361041069031,-2.1802289485931396
1700166293.4436746,0.287556916475296,-0.38594117760658264,-2.17897367477417
1700166293.4777882,0.28762325644493103,-0.38729846477508545,-2.178438425064087
1700166293.509674,0.28988516330718994,-0.386913537979126,-2.1836161613464355
1700166293.5437596,0.2900867760181427,-0.3867010176181793,-2.179273843765259
1700166293.576443,0.29027146100997925,-0.38585835695266724,-2.181464910507202
1700166293.611027,0.288600891828537,-0.38512474298477173,-2.1802873611450195
1700166293.6437697,0.2848985195159912,-0.38528621196746826,-2.175457715988159
1700166293.6788247,0.28153032064437866,-0.3862227499485016,-2.1737682819366455
1700166293.7093108,0.2799761891365051,-0.38718360662460327,-2.1752843856811523
1700166293.7449336,0.2789604067802429,-0.3884824514389038,-2.1746411323547363
1700166293.779035,0.2792518436908722,-0.38903769850730896,-2.1837921142578125
1700166293.8111324,0.27976351976394653,-0.3889843821525574,-2.1895101070404053
1700166293.8436732,0.2799495756626129,-0.3902912139892578,-2.1860315799713135
1700166293.8811028,0.2830544114112854,-0.39064788818359375,-2.1941118240356445
1700166293.9131498,0.28572848439216614,-0.3912985920906067,-2.1875202655792236
1700166293.944351,0.28895875811576843,-0.3918602168560028,-2.197521686553955
1700166293.979031,0.29120317101478577,-0.3917681574821472,-2.201347827911377
1700166294.0107787,0.29282432794570923,-0.3919873535633087,-2.204158306121826
1700166294.0453334,0.29453977942466736,-0.3915528953075409,-2.2087364196777344
1700166294.0793798,0.2946624159812927,-0.390704870223999,-2.20725417137146
1700166294.113485,0.2931920886039734,-0.3893376886844635,-2.2036824226379395
1700166294.1486337,0.29264599084854126,-0.38808488845825195,-2.2006332874298096
1700166294.1811583,0.2916632294654846,-0.3867526352405548,-2.195876359939575
1700166294.2166953,0.29066401720046997,-0.38527393341064453,-2.1925790309906006
1700166294.2481024,0.2897337079048157,-0.3840920627117157,-2.1914963722229004
1700166294.280013,0.28961819410324097,-0.38358715176582336,-2.1916730403900146
1700166294.31673,0.28908786177635193,-0.3832378387451172,-2.195164203643799
1700166294.3496337,0.28676390647888184,-0.38333660364151,-2.198753595352173
1700166294.383383,0.28600406646728516,-0.3838101923465729,-2.2002370357513428
1700166294.4139009,0.28593870997428894,-0.38379985094070435,-2.2044689655303955
1700166294.4479523,0.28592151403427124,-0.3837282061576843,-2.209192991256714
1700166294.4818473,0.28639915585517883,-0.3846721649169922,-2.2090468406677246
1700166294.5153832,0.2873010039329529,-0.3855774402618408,-2.2093443870544434
1700166294.5490363,0.288389652967453,-0.384863018989563,-2.2089712619781494
1700166294.5831811,0.28798389434814453,-0.3852422833442688,-2.2032217979431152
1700166294.6162522,0.2884836196899414,-0.3840489685535431,-2.1999387741088867
1700166294.6499398,0.2864648997783661,-0.3837413787841797,-2.192619562149048
1700166294.6821535,0.2822036147117615,-0.38219088315963745,-2.185123920440674
1700166294.7187943,0.2790102958679199,-0.3806160092353821,-2.1833958625793457
1700166294.7498605,0.2738356590270996,-0.3792864680290222,-2.1743712425231934
1700166294.7859056,0.269571989774704,-0.3781372010707855,-2.170013666152954
1700166294.8184648,0.26566246151924133,-0.3774545192718506,-2.166348457336426
1700166294.8510036,0.2626311779022217,-0.3772119879722595,-2.167367935180664
1700166294.8831127,0.2588776648044586,-0.37701255083084106,-2.1706700325012207
1700166294.9176626,0.2583079934120178,-0.37632980942726135,-2.182203531265259
1700166294.9512892,0.25885024666786194,-0.3764355480670929,-2.192580223083496
1700166294.9842193,0.2591603994369507,-0.37721264362335205,-2.200493812561035
1700166295.0163372,0.2598371207714081,-0.3785739243030548,-2.2081496715545654
1700166295.049887,0.2622124254703522,-0.37961727380752563,-2.214249610900879
1700166295.0837958,0.26553064584732056,-0.38043466210365295,-2.217299699783325
1700166295.1188421,0.2695640027523041,-0.3808494508266449,-2.220362901687622
1700166295.151053,0.2733100354671478,-0.3814905285835266,-2.2221999168395996
1700166295.1852546,0.2757275104522705,-0.38160762190818787,-2.2226672172546387
1700166295.2188206,0.2772204577922821,-0.38143062591552734,-2.2215778827667236
1700166295.2515235,0.27733296155929565,-0.3813183903694153,-2.2206125259399414
1700166295.2870924,0.27576524019241333,-0.3817899227142334,-2.216308832168579
1700166295.3191764,0.2757589519023895,-0.3826206624507904,-2.2131996154785156
1700166295.3517659,0.27742356061935425,-0.3833787143230438,-2.211718797683716
1700166295.3853066,0.2798515558242798,-0.38556867837905884,-2.21014666557312
1700166295.4208565,0.28359711170196533,-0.38693225383758545,-2.2130768299102783
1700166295.4615693,0.2871064841747284,-0.38846760988235474,-2.213578939437866
1700166295.4920971,0.2898313105106354,-0.39019522070884705,-2.210092782974243
1700166295.52264,0.29148945212364197,-0.390619158744812,-2.2090113162994385
1700166295.5537326,0.2917008399963379,-0.3904866576194763,-2.2091715335845947
1700166295.5857127,0.29066625237464905,-0.38954219222068787,-2.209456443786621
1700166295.6200995,0.28957074880599976,-0.3884303867816925,-2.2128264904022217
1700166295.6541913,0.2875645160675049,-0.38778823614120483,-2.2096006870269775
1700166295.685741,0.2861402630805969,-0.3873160779476166,-2.2066903114318848
1700166295.7211545,0.28498750925064087,-0.3874194920063019,-2.20479679107666
1700166295.7544122,0.283784419298172,-0.38705313205718994,-2.203404188156128
1700166295.7861023,0.2831477224826813,-0.38728952407836914,-2.2019712924957275
1700166295.8213594,0.28304433822631836,-0.3875688910484314,-2.2006919384002686
1700166295.8541381,0.2828309237957001,-0.38801267743110657,-2.196019172668457
1700166295.88819,0.28265759348869324,-0.38758033514022827,-2.193807601928711
1700166295.9217288,0.28233444690704346,-0.3876342177391052,-2.192077398300171
1700166295.9548893,0.2805447578430176,-0.3882177770137787,-2.189540147781372
1700166295.989261,0.28007185459136963,-0.3881721794605255,-2.193362236022949
1700166296.0229056,0.28123709559440613,-0.38807207345962524,-2.1969685554504395
1700166296.054471,0.2824746370315552,-0.38846278190612793,-2.2005507946014404
1700166296.089023,0.28267982602119446,-0.3891041874885559,-2.201907157897949
1700166296.1228392,0.28379353880882263,-0.3893086314201355,-2.2034671306610107
1700166296.1562078,0.2850680351257324,-0.3886979818344116,-2.2031617164611816
1700166296.1877613,0.2826433479785919,-0.3879595100879669,-2.1955831050872803
1700166296.2221377,0.2836076021194458,-0.3857991397380829,-2.197036027908325
1700166296.2561579,0.2842637002468109,-0.38412949442863464,-2.1991755962371826
1700166296.289259,0.28531405329704285,-0.3819970488548279,-2.205496311187744
1700166296.322321,0.28600338101387024,-0.38045787811279297,-2.208113670349121
1700166296.3584075,0.2862353026866913,-0.37935805320739746,-2.208768844604492
1700166296.38966,0.2861703038215637,-0.378558874130249,-2.2085649967193604
1700166296.4217305,0.2859078645706177,-0.37794339656829834,-2.2075352668762207
1700166296.4571097,0.28552407026290894,-0.3775067925453186,-2.206245183944702
1700166296.4892743,0.2850720286369324,-0.3771689832210541,-2.2044904232025146
1700166296.5238454,0.28457969427108765,-0.37696319818496704,-2.203108310699463
1700166296.5630214,0.28411880135536194,-0.37687262892723083,-2.2020084857940674
1700166296.602306,0.28372082114219666,-0.37696319818496704,-2.2012648582458496
1700166296.6364648,0.2834111750125885,-0.37717968225479126,-2.2008252143859863
1700166296.6730404,0.28318876028060913,-0.377360075712204,-2.20063853263855
1700166296.7081873,0.28306639194488525,-0.3776531219482422,-2.2006452083587646
1700166296.7452545,0.28302034735679626,-0.37804415822029114,-2.2007791996002197
1700166296.7842624,0.2830415368080139,-0.37824803590774536,-2.201033353805542
1700166296.8176966,0.28310319781303406,-0.3783934712409973,-2.201341390609741
1700166296.850973,0.2831979990005493,-0.3785638213157654,-2.2016589641571045
1700166296.8860807,0.2833009958267212,-0.37865614891052246,-2.2019898891448975
1700166296.92001,0.28342482447624207,-0.37870076298713684,-2.2022902965545654
1700166296.9531631,0.2835485339164734,-0.3788088262081146,-2.202543258666992
1700166296.986692,0.28366702795028687,-0.3787889778614044,-2.202784776687622
1700166297.020126,0.35788658261299133,-0.40601545572280884,-2.1574385166168213
1700166297.0601597,0.37640082836151123,-0.4101819097995758,-2.151618242263794
1700166297.1031625,0.39345791935920715,-0.4163636565208435,-2.081530809402466
1700166297.1431205,0.41275396943092346,-0.4229790270328522,-2.055748224258423
1700166303.4267883,-0.12435107678174973,0.2347760796546936,-2.071225166320801
1700166303.497819,-0.1178111881017685,0.22657938301563263,-2.0743677616119385
1700166303.5721717,-0.1175888180732727,0.226760134100914,-2.0704879760742188
1700166303.6431532,-0.11663556098937988,0.22870507836341858,-2.070580244064331
1700166303.710819,-0.1159561276435852,0.22925712168216705,-2.0714685916900635
1700166303.7739744,-0.11783024668693542,0.23317287862300873,-2.07326340675354
1700166303.8391337,-0.11957788467407227,0.234846830368042,-2.0725436210632324
1700166303.9021668,-0.11978922039270401,0.24127458035945892,-2.076812267303467
1700166303.9471185,-0.11956435441970825,0.24503181874752045,-2.0801138877868652
1700166303.9897423,-0.1187250018119812,0.2498636543750763,-2.082392692565918
1700166304.0354548,-0.1176442801952362,0.2514907121658325,-2.081777811050415
1700166304.0787084,-0.11676246672868729,0.2516869306564331,-2.0800576210021973
1700166304.1244545,-0.11552166193723679,0.2520124614238739,-2.0779623985290527
1700166304.1676257,-0.11496852338314056,0.2519284784793854,-2.077479124069214
1700166304.2108119,-0.1150679960846901,0.2521648406982422,-2.0767412185668945
1700166304.255175,-0.11578843742609024,0.2531166970729828,-2.0755746364593506
1700166304.3011072,-0.11707489937543869,0.25167810916900635,-2.074239492416382
1700166304.3648229,-0.11729587614536285,0.25012126564979553,-2.0727314949035645
1700166304.4067028,-0.11785212904214859,0.2494458109140396,-2.0728275775909424
1700166304.4512186,-0.11800409108400345,0.2498755156993866,-2.0738041400909424
1700166304.493793,-0.11663678288459778,0.2506471276283264,-2.0748403072357178
1700166304.537284,-0.11589300632476807,0.2511676847934723,-2.07513689994812
1700166304.5839183,-0.11612890660762787,0.2521200180053711,-2.0753142833709717
1700166304.6271775,-0.1163870319724083,0.25546956062316895,-2.078205108642578
1700166304.669737,-0.11659660190343857,0.2584090530872345,-2.081264019012451
1700166304.71329,-0.11586706340312958,0.26084333658218384,-2.0833916664123535
1700166304.7546597,-0.11402224749326706,0.26463812589645386,-2.0859012603759766
1700166304.7973976,-0.11311021447181702,0.2651008665561676,-2.085630416870117
1700166304.8402042,-0.112679623067379,0.2660231590270996,-2.0863900184631348
1700166304.88492,-0.11234511435031891,0.2660466730594635,-2.08624529838562
1700166304.9294636,-0.11215801537036896,0.2646714448928833,-2.0836009979248047
1700166304.974517,-0.11294396221637726,0.26367244124412537,-2.0831246376037598
1700166305.0191183,-0.11298498511314392,0.26321667432785034,-2.083782434463501
1700166305.0616932,-0.11286497861146927,0.2642715275287628,-2.0858070850372314
1700166305.107121,-0.11166327446699142,0.2655104696750641,-2.0869762897491455
1700166305.152125,-0.11162740737199783,0.2664894759654999,-2.0876893997192383
1700166305.1982508,-0.11174940317869186,0.26700708270072937,-2.088376998901367
1700166305.2392838,-0.11118559539318085,0.2668432593345642,-2.088395595550537
1700166305.2828934,-0.11081947386264801,0.2666204571723938,-2.0886292457580566
1700166305.3259695,-0.11049604415893555,0.26747214794158936,-2.0900073051452637
1700166305.3709767,-0.11106406152248383,0.2673933506011963,-2.0896856784820557
1700166305.4131632,-0.11138898134231567,0.2669985294342041,-2.0889360904693604
1700166305.458678,-0.11148248612880707,0.265188068151474,-2.0864310264587402
1700166305.5052388,-0.11223644018173218,0.2640726566314697,-2.0850870609283447
1700166305.5491483,-0.1124562919139862,0.2631725072860718,-2.0839693546295166
1700166305.5887856,-0.11283570528030396,0.2620851993560791,-2.083115816116333
1700166305.6333668,-0.11302198469638824,0.26076751947402954,-2.0814573764801025
1700166305.6737876,-0.11241815239191055,0.26064378023147583,-2.081451177597046
1700166305.7150867,-0.11192233860492706,0.2600781321525574,-2.08087420463562
1700166305.7496173,-0.11086034029722214,0.259858101606369,-2.0801382064819336
1700166305.7811673,-0.11038818955421448,0.2594289183616638,-2.0795822143554688
1700166305.8133025,-0.11023491621017456,0.2589331567287445,-2.0798096656799316
1700166305.8438208,-0.1102299764752388,0.25821220874786377,-2.0796210765838623
1700166305.8731196,-0.11028071492910385,0.25760120153427124,-2.078855037689209
1700166305.9033208,-0.11102098226547241,0.2566797733306885,-2.0781564712524414
1700166305.9328594,-0.11243044584989548,0.25615325570106506,-2.0780467987060547
1700166305.9632425,-0.11342271417379379,0.2556467354297638,-2.0781943798065186
1700166305.9948397,-0.11308622360229492,0.25546061992645264,-2.0768303871154785
1700166306.0228844,-0.11251731216907501,0.25505751371383667,-2.0764987468719482
1700166306.0543702,-0.11137346923351288,0.2553092837333679,-2.076631784439087
1700166306.0893154,-0.10965745896100998,0.25602394342422485,-2.0766122341156006
1700166306.122685,-0.1077166497707367,0.2565540671348572,-2.075415849685669
1700166306.1557784,-0.10627622157335281,0.25682762265205383,-2.0743024349212646
1700166306.1898727,-0.10552650690078735,0.25721317529678345,-2.0739240646362305
1700166306.2239075,-0.10556547343730927,0.2579767405986786,-2.074291706085205
1700166306.2567167,-0.10572290420532227,0.25902146100997925,-2.0760109424591064
1700166306.290743,-0.10652489215135574,0.26042020320892334,-2.0780889987945557
1700166306.3251207,-0.10808165371417999,0.2614098787307739,-2.079317808151245
1700166306.3567188,-0.10957957059144974,0.261398047208786,-2.0790531635284424
1700166306.3926277,-0.11114596575498581,0.26019468903541565,-2.078003406524658
1700166306.4262097,-0.11215460300445557,0.2579459547996521,-2.076162576675415
1700166306.4559734,-0.11242371052503586,0.2555355131626129,-2.0743539333343506
1700166306.491937,-0.1124018132686615,0.2524685859680176,-2.072279453277588
1700166306.5251343,-0.11218006908893585,0.25004351139068604,-2.070985794067383
1700166306.5567517,-0.1115412786602974,0.2480098158121109,-2.0695183277130127
1700166306.592572,-0.11071226000785828,0.24710288643836975,-2.069282293319702
1700166306.6231308,-0.11061710119247437,0.24612461030483246,-2.0688436031341553
1700166306.6583633,-0.1113431453704834,0.24638912081718445,-2.070070266723633
1700166306.6895201,-0.112177275121212,0.2464383840560913,-2.0707147121429443
1700166306.7247944,-0.11251930892467499,0.24619369208812714,-2.0704498291015625
1700166306.7568214,-0.11292622238397598,0.2460780292749405,-2.0704586505889893
1700166306.7907584,-0.11245329678058624,0.24620914459228516,-2.070974349975586
1700166306.8243291,-0.11219856142997742,0.24558061361312866,-2.0708680152893066
1700166306.8565197,-0.11181069165468216,0.24479642510414124,-2.0703165531158447
1700166306.8918273,-0.11177963018417358,0.24473042786121368,-2.069911003112793
1700166306.9241211,-0.1122293770313263,0.24514156579971313,-2.070356607437134
1700166306.9586945,-0.11200235784053802,0.24582427740097046,-2.0696752071380615
1700166306.9907706,-0.11192373931407928,0.24714888632297516,-2.069385528564453
1700166307.024299,-0.11246988922357559,0.248825341463089,-2.0709729194641113
1700166307.0591288,-0.11256109923124313,0.25001031160354614,-2.071354627609253
1700166307.0918138,-0.11259959638118744,0.25117671489715576,-2.0731709003448486
1700166307.1265874,-0.11213932931423187,0.2526206374168396,-2.0736312866210938
1700166307.1598587,-0.1118675172328949,0.25349777936935425,-2.0728344917297363
1700166307.1921558,-0.11146850883960724,0.25333061814308167,-2.0713701248168945
1700166307.226481,-0.1114666685461998,0.25228849053382874,-2.069727897644043
1700166307.260149,-0.11139140278100967,0.25142526626586914,-2.068404197692871
1700166307.2938168,-0.11140087246894836,0.2502443790435791,-2.0672671794891357
1700166307.3281307,-0.11158210039138794,0.2478807419538498,-2.0653183460235596
1700166307.3593478,-0.11252786219120026,0.24482391774654388,-2.063340187072754
1700166307.3927922,-0.11392267048358917,0.2416408658027649,-2.061732530593872
1700166307.4263484,-0.11562103778123856,0.23955553770065308,-2.0605416297912598
1700166307.462162,-0.11670172214508057,0.23774495720863342,-2.0585758686065674
1700166307.4942138,-0.11654381453990936,0.23658312857151031,-2.056680202484131
1700166307.5267358,-0.1153736487030983,0.23610982298851013,-2.0549747943878174
1700166307.5621424,-0.11513431370258331,0.2369915097951889,-2.0572144985198975
1700166307.595743,-0.11448672413825989,0.2378842979669571,-2.057783603668213
1700166307.628848,-0.11403688043355942,0.23862650990486145,-2.0567829608917236
1700166307.6611433,-0.11426551640033722,0.24033403396606445,-2.057964563369751
1700166307.6957407,-0.11482290178537369,0.24240703880786896,-2.060044050216675
1700166307.7292514,-0.11539853364229202,0.24539881944656372,-2.0641591548919678
1700166307.762315,-0.1153608113527298,0.2482258379459381,-2.0667083263397217
1700166307.7958686,-0.11443351954221725,0.24904578924179077,-2.0663883686065674
1700166307.8292782,-0.11336120963096619,0.24895089864730835,-2.064859628677368
1700166307.86287,-0.11319688707590103,0.24925407767295837,-2.065141439437866
1700166307.894923,-0.11385633796453476,0.24909861385822296,-2.0659544467926025
1700166307.9291103,-0.11480820178985596,0.24928590655326843,-2.0676016807556152
1700166307.963638,-0.11618329584598541,0.25001761317253113,-2.070101261138916
1700166307.995836,-0.11793290078639984,0.25074502825737,-2.0715584754943848
1700166308.0318663,-0.11926402896642685,0.2516216039657593,-2.072329521179199
1700166308.0628107,-0.12050385028123856,0.252805233001709,-2.07248592376709
1700166308.0958502,-0.12134821712970734,0.2548651397228241,-2.073319435119629
1700166308.129412,-0.12167629599571228,0.25789034366607666,-2.0753753185272217
1700166308.1640046,-0.12254169583320618,0.26085782051086426,-2.0777170658111572
1700166308.196541,-0.12336082756519318,0.2627674639225006,-2.079026699066162
1700166308.2310948,-0.12350171059370041,0.2638428211212158,-2.0784921646118164
1700166308.264144,-0.12342461198568344,0.2633311450481415,-2.0768463611602783
1700166308.296211,-0.12311851978302002,0.26277753710746765,-2.0761852264404297
1700166308.3321645,-0.1227727085351944,0.261825293302536,-2.075836420059204
1700166308.3656461,-0.12254730612039566,0.260545551776886,-2.074978828430176
1700166308.3991966,-0.12202990800142288,0.26003777980804443,-2.0751683712005615
1700166308.4310935,-0.12213309854269028,0.2602429986000061,-2.0759799480438232
1700166308.464375,-0.12256228923797607,0.2607070505619049,-2.0763206481933594
1700166308.4989338,-0.12286287546157837,0.2619076669216156,-2.076874017715454
1700166308.5341146,-0.12294925004243851,0.2631071209907532,-2.0774309635162354
1700166323.5550032,-0.4020790457725525,-0.0347602479159832,-2.0563130378723145
1700166323.6181962,-0.4037493169307709,-0.034623727202415466,-2.058624029159546
1700166323.6797912,-0.40011438727378845,-0.034835293889045715,-2.0510857105255127
1700166323.745897,-0.402260959148407,-0.03451526165008545,-2.054908514022827
1700166323.8091414,-0.40266990661621094,-0.03427576273679733,-2.0556819438934326
1700166323.8738408,-0.40365463495254517,-0.03453798592090607,-2.056865692138672
1700166323.9378855,-0.40570759773254395,-0.03580862283706665,-2.05806827545166
1700166323.9832103,-0.40647900104522705,-0.036515459418296814,-2.0592455863952637
1700166324.0252361,-0.4091843366622925,-0.03823474049568176,-2.0609912872314453
1700166324.0692637,-0.4096241295337677,-0.03837139531970024,-2.0594873428344727
1700166324.111254,-0.41270917654037476,-0.03650015592575073,-2.059277296066284
1700166324.152965,-0.41651150584220886,-0.03406583517789841,-2.059887409210205
1700166324.197542,-0.4217972755432129,-0.030680494382977486,-2.059565544128418
1700166324.2385418,-0.42119503021240234,-0.030324295163154602,-2.0572383403778076
1700166324.2812576,-0.41848570108413696,-0.03092288412153721,-2.0557286739349365
1700166324.3239238,-0.4145919382572174,-0.033234819769859314,-2.055302858352661
1700166324.3642926,-0.41164329648017883,-0.03521165996789932,-2.0556817054748535
1700166324.4061239,-0.409607470035553,-0.03540261834859848,-2.056702136993408
1700166324.451268,-0.40793129801750183,-0.03472546115517616,-2.057853937149048
1700166324.4953816,-0.40593937039375305,-0.034668296575546265,-2.058734178543091
1700166324.536446,-0.40611645579338074,-0.03489097207784653,-2.0594184398651123
1700166324.5780056,-0.405343621969223,-0.03593849390745163,-2.0590972900390625
1700166324.6200356,-0.40527576208114624,-0.03684616833925247,-2.058833599090576
1700166324.6627603,-0.40601176023483276,-0.03784538060426712,-2.0581490993499756
1700166324.706321,-0.40719202160835266,-0.03787131607532501,-2.0584843158721924
1700166324.7491267,-0.4080759286880493,-0.03807462006807327,-2.0590431690216064
1700166324.7936854,-0.40901055932044983,-0.03824996203184128,-2.0580387115478516
1700166324.8362586,-0.4103720188140869,-0.039041370153427124,-2.0584559440612793
1700166324.8768172,-0.4112880527973175,-0.03891652822494507,-2.058016538619995
1700166324.9222858,-0.4119308888912201,-0.038685690611600876,-2.057321310043335
1700166324.966107,-0.413300096988678,-0.0385545939207077,-2.0553674697875977
1700166325.009418,-0.413160502910614,-0.03814876079559326,-2.054248809814453
1700166325.0520728,-0.4137130677700043,-0.03771531954407692,-2.054321765899658
1700166325.0946567,-0.4162019193172455,-0.034629687666893005,-2.053710460662842
1700166325.1363673,-0.4180123805999756,-0.03289089351892471,-2.0554587841033936
1700166325.1781414,-0.418118953704834,-0.03281834349036217,-2.0552425384521484
1700166325.2208726,-0.4189569652080536,-0.03269282728433609,-2.0553154945373535
1700166325.2622643,-0.42048966884613037,-0.03252307325601578,-2.0560851097106934
1700166325.304861,-0.420915424823761,-0.03217945992946625,-2.0551528930664062
1700166325.34698,-0.41866326332092285,-0.033472940325737,-2.053633213043213
1700166325.3880982,-0.4172760248184204,-0.03425285220146179,-2.052769422531128
1700166325.433039,-0.4137537479400635,-0.03679082915186882,-2.0512189865112305
1700166325.472561,-0.41138410568237305,-0.038071829825639725,-2.049969434738159
1700166325.5162816,-0.40986984968185425,-0.039410047233104706,-2.0483858585357666
1700166325.5563262,-0.4094562530517578,-0.04002745449542999,-2.0478036403656006
1700166325.6009102,-0.40974941849708557,-0.039813973009586334,-2.049464702606201
1700166325.644644,-0.4107472002506256,-0.03913278132677078,-2.05021071434021
1700166325.6857278,-0.41109204292297363,-0.03867761418223381,-2.049182176589966
1700166325.7264183,-0.41167792677879333,-0.03867047280073166,-2.0494003295898438
1700166325.7569404,-0.412166953086853,-0.0382908470928669,-2.0509238243103027
1700166325.7860272,-0.4123114049434662,-0.03808238357305527,-2.0534589290618896
1700166325.8141088,-0.41267839074134827,-0.03853248804807663,-2.0561230182647705
1700166325.8427043,-0.41155433654785156,-0.038936324417591095,-2.0564017295837402
1700166325.8722148,-0.41053035855293274,-0.03904067724943161,-2.0572264194488525
1700166325.9022849,-0.4089012145996094,-0.038866255432367325,-2.058065414428711
1700166325.9313014,-0.4067409038543701,-0.03802359849214554,-2.0594043731689453
1700166325.960851,-0.40433403849601746,-0.03735092282295227,-2.0606391429901123
1700166325.993072,-0.4028303027153015,-0.03693276643753052,-2.0621397495269775
1700166326.0251787,-0.4019858241081238,-0.0368175245821476,-2.062584638595581
1700166326.057882,-0.401528924703598,-0.03690994158387184,-2.061479091644287
1700166326.095863,-0.4016888737678528,-0.03743871673941612,-2.061511754989624
1700166326.1343536,-0.40322625637054443,-0.037934526801109314,-2.061851978302002
1700166326.1669157,-0.40379589796066284,-0.03898923099040985,-2.060533285140991
1700166326.1959972,-0.40327197313308716,-0.039970092475414276,-2.0578272342681885
1700166326.2265553,-0.4017002582550049,-0.04027293622493744,-2.0562045574188232
1700166326.261121,-0.39966198801994324,-0.04047365486621857,-2.054105281829834
1700166326.2941706,-0.3978956937789917,-0.040345028042793274,-2.054547071456909
1700166326.327929,-0.3966670334339142,-0.04011144861578941,-2.0546488761901855
1700166326.3612387,-0.3979267477989197,-0.037914834916591644,-2.0562245845794678
1700166326.4289544,-0.4006041884422302,-0.03506862372159958,-2.058596134185791
1700166326.4614556,-0.4030856788158417,-0.0323982872068882,-2.0614166259765625
1700166326.4951313,-0.40233635902404785,-0.0310561154037714,-2.061873197555542
1700166326.528485,-0.40123122930526733,-0.029415126889944077,-2.0608346462249756
1700166326.5600445,-0.40045082569122314,-0.028325311839580536,-2.060732126235962
1700166326.5957968,-0.3980531394481659,-0.0285322442650795,-2.0592739582061768
1700166326.627909,-0.3966870605945587,-0.028974831104278564,-2.0592594146728516
1700166326.6609285,-0.3964676558971405,-0.029249869287014008,-2.0603556632995605
1700166326.6961493,-0.3976813852787018,-0.03011222369968891,-2.062751531600952
1700166326.7293334,-0.3998497426509857,-0.030509185045957565,-2.0649938583374023
1700166326.7611241,-0.4014621078968048,-0.03103899024426937,-2.066504716873169
1700166326.7943206,-0.40253400802612305,-0.03139881789684296,-2.067343235015869
1700166326.8271291,-0.40342116355895996,-0.03166428208351135,-2.067535877227783
1700166326.862291,-0.40430933237075806,-0.03169803321361542,-2.0676820278167725
1700166326.896015,-0.40476128458976746,-0.03154562786221504,-2.067485809326172
1700166326.9285347,-0.40553972125053406,-0.03139874339103699,-2.067844867706299
1700166326.9625936,-0.4057115912437439,-0.0313057005405426,-2.0675830841064453
1700166326.9956372,-0.4044360816478729,-0.03166131675243378,-2.0661537647247314
1700166327.0281913,-0.401956707239151,-0.03217756003141403,-2.064768075942993
1700166327.0632246,-0.40123558044433594,-0.03200472891330719,-2.0641167163848877
1700166327.0949862,-0.3996966779232025,-0.032450951635837555,-2.0620453357696533
1700166327.129121,-0.398689866065979,-0.031347569078207016,-2.0608582496643066
1700166327.1626499,-0.3995550572872162,-0.03005140833556652,-2.0599374771118164
1700166327.196718,-0.4011611044406891,-0.02931171841919422,-2.060373544692993
1700166327.22827,-0.40232861042022705,-0.028407249599695206,-2.0596303939819336
1700166327.2631857,-0.40342792868614197,-0.027901150286197662,-2.0591988563537598
1700166327.297213,-0.40463709831237793,-0.026848267763853073,-2.0587611198425293
1700166327.3287835,-0.40535968542099,-0.025682007893919945,-2.058493137359619
1700166327.3628173,-0.40529853105545044,-0.024467729032039642,-2.057896375656128
1700166327.3964252,-0.40470051765441895,-0.023542428389191628,-2.0574748516082764
1700166327.4300115,-0.40433216094970703,-0.023327549919486046,-2.057340621948242
1700166327.4630737,-0.40465036034584045,-0.023708349093794823,-2.057809352874756
1700166327.4960604,-0.4052099883556366,-0.02491345815360546,-2.0582447052001953
1700166327.5420387,-0.4050736129283905,-0.025600316002964973,-2.057952404022217
1700166327.5842786,-0.40544071793556213,-0.026032915338873863,-2.0577075481414795
1700166327.6249094,-0.405050128698349,-0.025524526834487915,-2.057762861251831
1700166327.6680782,-0.4047583043575287,-0.02500477433204651,-2.0574371814727783
1700166327.7082455,-0.4024140238761902,-0.02669949270784855,-2.0555992126464844
1700166327.7373753,-0.4010002911090851,-0.02792779915034771,-2.0554888248443604
1700166327.7659407,-0.4013150930404663,-0.02903527207672596,-2.055478572845459
1700166327.7998688,-0.39951425790786743,-0.030274508520960808,-2.055363178253174
1700166327.8319163,-0.3986285328865051,-0.029783690348267555,-2.056163787841797
1700166327.8654423,-0.39876943826675415,-0.02927507646381855,-2.0578691959381104
1700166327.898059,-0.39969921112060547,-0.028817301616072655,-2.0597143173217773
1700166327.9325113,-0.4011945426464081,-0.029157793149352074,-2.060709238052368
1700166327.9677017,-0.40298035740852356,-0.029519330710172653,-2.0613930225372314
1700166327.9990458,-0.405447781085968,-0.030812472105026245,-2.0613582134246826
1700166328.0321248,-0.40639060735702515,-0.03306719660758972,-2.0589706897735596
1700166328.0651817,-0.4076472818851471,-0.03499425947666168,-2.0576353073120117
1700166328.1001735,-0.4088433086872101,-0.03604317456483841,-2.0563814640045166
1700166328.1322186,-0.4087931513786316,-0.03716297075152397,-2.054234027862549
1700166328.1652734,-0.40790241956710815,-0.03797857463359833,-2.051835775375366
1700166328.200321,-0.40560704469680786,-0.03823717683553696,-2.048750638961792
1700166328.2339165,-0.402224600315094,-0.038116153329610825,-2.045515537261963
1700166328.2665596,-0.39929646253585815,-0.03836201876401901,-2.04465651512146
1700166328.2996397,-0.39663466811180115,-0.038331419229507446,-2.0437114238739014
1700166328.3338664,-0.3945424258708954,-0.038546137511730194,-2.044640302658081
1700166328.3681211,-0.39477917551994324,-0.036735616624355316,-2.047297954559326
1700166328.400173,-0.39524775743484497,-0.03557728976011276,-2.049057722091675
1700166328.4352634,-0.3969155550003052,-0.033518336713314056,-2.0501739978790283
1700166328.469304,-0.3969321846961975,-0.033213771879673004,-2.050649404525757
1700166328.5008945,-0.3965055048465729,-0.03318023681640625,-2.0503878593444824
1700166328.5344956,-0.3953280448913574,-0.033180322498083115,-2.048769474029541
1700166328.5682917,-0.3946230709552765,-0.03366388380527496,-2.046928644180298
1700166328.6019814,-0.3953137695789337,-0.032246820628643036,-2.046436309814453
1700166328.6333852,-0.39674365520477295,-0.03071863390505314,-2.0463719367980957
1700166328.6684828,-0.39854899048805237,-0.028956452384591103,-2.0472776889801025
1700166328.7031047,-0.3984213173389435,-0.029030529782176018,-2.0475659370422363
1700166328.7358801,-0.39726346731185913,-0.02957814931869507,-2.0471198558807373
1700166335.6983852,-0.013700975105166435,-0.31421780586242676,-2.1039979457855225
1700166335.7722318,-0.008796468377113342,-0.31026116013526917,-2.0867409706115723
1700166335.836663,-0.005280651152133942,-0.3122367560863495,-2.0854928493499756
1700166335.9002533,-0.009884379804134369,-0.3137250244617462,-2.0832936763763428
1700166335.9639423,-0.010371353477239609,-0.29924124479293823,-2.0716214179992676
1700166336.0282125,-0.007611624896526337,-0.290806382894516,-2.0632882118225098
1700166336.0920646,-0.0039178114384412766,-0.2863840162754059,-2.061232805252075
1700166336.13553,-0.006301390007138252,-0.30096879601478577,-2.0528922080993652
1700166336.1762261,-0.012483898550271988,-0.31316620111465454,-2.0512006282806396
1700166336.218192,-0.010891934856772423,-0.31223979592323303,-2.045536518096924
1700166336.2602432,-0.006305921822786331,-0.3093421161174774,-2.0417420864105225
1700166336.304141,-0.006162991747260094,-0.31729209423065186,-2.0451626777648926
1700166336.3458288,-0.005832236260175705,-0.3143077492713928,-2.04587721824646
1700166336.3903942,-0.0058812592178583145,-0.30994945764541626,-2.0462067127227783
1700166336.4331453,-0.01706806942820549,-0.3211617171764374,-2.0515451431274414
1700166336.4771764,-0.02671697363257408,-0.3280218243598938,-2.0596325397491455
1700166336.5222769,-0.03451843187212944,-0.3327435255050659,-2.0657060146331787
1700166336.5660233,-0.0437832809984684,-0.34094810485839844,-2.072197437286377
1700166336.609581,-0.043844074010849,-0.34358909726142883,-2.070716142654419
1700166336.6519685,-0.04116227105259895,-0.3422785699367523,-2.0683939456939697
1700166336.6935375,-0.039833832532167435,-0.3406803011894226,-2.067561388015747
1700166336.735569,-0.0342102013528347,-0.3353347182273865,-2.0674753189086914
1700166336.7802052,-0.028831347823143005,-0.3336578607559204,-2.0683658123016357
1700166336.8202605,-0.02611655741930008,-0.3339340388774872,-2.070934534072876
1700166336.8629277,-0.02307981625199318,-0.33493444323539734,-2.0716216564178467
1700166336.90723,-0.020532621070742607,-0.3349415361881256,-2.0700032711029053
1700166336.9480853,-0.02147398516535759,-0.3336935341358185,-2.068190574645996
1700166336.9882414,-0.015250636264681816,-0.32254093885421753,-2.0588126182556152
1700166337.029969,-0.01300923340022564,-0.31884145736694336,-2.059657096862793
1700166337.0757804,-0.013971149921417236,-0.32090359926223755,-2.0629656314849854
1700166337.1171842,-0.014917772263288498,-0.3248710632324219,-2.0659053325653076
1700166337.159959,-0.014655336737632751,-0.3277868926525116,-2.0682246685028076
1700166337.2013845,-0.01368740014731884,-0.3293246924877167,-2.069265604019165
1700166337.2415824,-0.008841890841722488,-0.3305167257785797,-2.070976734161377
1700166337.2842457,-0.00024064257740974426,-0.3194320499897003,-2.0625498294830322
1700166337.3250577,-2.4341046810150146e-05,-0.31842947006225586,-2.063509941101074
1700166337.36731,-0.0030857976526021957,-0.32202768325805664,-2.065140724182129
1700166337.408635,-0.012331251055002213,-0.33112430572509766,-2.0682029724121094
1700166337.4529455,-0.021571924909949303,-0.33569562435150146,-2.0693681240081787
1700166337.5010276,-0.029661022126674652,-0.338095098733902,-2.069575786590576
1700166337.5310762,-0.03718199208378792,-0.33986133337020874,-2.070416212081909
1700166337.559624,-0.04106135293841362,-0.3390241265296936,-2.069164276123047
1700166337.5901737,-0.038332246243953705,-0.32774296402931213,-2.0599377155303955
1700166337.6187167,-0.038974612951278687,-0.3236687481403351,-2.060020923614502
1700166337.6472528,-0.03966349735856056,-0.3237764537334442,-2.0610389709472656
1700166337.6768093,-0.03923296555876732,-0.32412952184677124,-2.061474561691284
1700166337.7063284,-0.03610258549451828,-0.32517269253730774,-2.0619399547576904
1700166337.737365,-0.03242656588554382,-0.325072705745697,-2.064509153366089
1700166337.7659078,-0.026701269671320915,-0.3232995271682739,-2.0626909732818604
1700166337.7983322,-0.02062229998409748,-0.32050207257270813,-2.0612618923187256
1700166337.834358,-0.016970857977867126,-0.3199232518672943,-2.062744617462158
1700166337.8660445,-0.012599730864167213,-0.3200959861278534,-2.063868761062622
1700166337.899603,-0.008441286161541939,-0.3209336996078491,-2.064777374267578
1700166337.9330614,-0.0022872257977724075,-0.3194957971572876,-2.062055826187134
1700166337.9655077,0.0010536890476942062,-0.3200925290584564,-2.0604941844940186
1700166338.0011363,0.001861710101366043,-0.3226887285709381,-2.061404228210449
1700166338.0345721,0.0032201819121837616,-0.32453179359436035,-2.0596096515655518
1700166338.0726142,0.005266986787319183,-0.3222084641456604,-2.051677942276001
1700166338.1031427,0.004144018515944481,-0.32272690534591675,-2.0508909225463867
1700166338.1352978,0.001978328451514244,-0.32381418347358704,-2.052901029586792
1700166338.1668215,-0.002109309658408165,-0.32486721873283386,-2.0556535720825195
1700166338.202461,-0.006725212559103966,-0.32739800214767456,-2.0587356090545654
1700166338.2340183,-0.012725496664643288,-0.33047813177108765,-2.0620555877685547
1700166338.268394,-0.017057066783308983,-0.33322831988334656,-2.0641283988952637
1700166338.3022232,-0.019708804786205292,-0.33570870757102966,-2.0655858516693115
1700166338.3345954,-0.017990833148360252,-0.3360276222229004,-2.0646603107452393
1700166338.3681388,-0.0173164252191782,-0.33484402298927307,-2.0649924278259277
1700166338.402292,-0.01232239231467247,-0.3237887918949127,-2.0577003955841064
1700166338.435194,-0.005576258525252342,-0.3130672872066498,-2.05073881149292
1700166338.4703681,0.0033941883593797684,-0.3040226399898529,-2.043538808822632
1700166338.5021503,0.0068627409636974335,-0.3007638156414032,-2.041537284851074
1700166338.5351286,0.00675751268863678,-0.305430144071579,-2.0428884029388428
1700166338.5709412,0.005094459280371666,-0.310691773891449,-2.0464558601379395
1700166338.6025019,0.0012499745935201645,-0.3165292739868164,-2.04986310005188
1700166338.6383214,-0.0007856935262680054,-0.3215620815753937,-2.04935884475708
1700166338.6697328,-0.0036821234971284866,-0.3264419138431549,-2.0541279315948486
1700166338.7053354,-0.0023741889744997025,-0.319579154253006,-2.0523738861083984
1700166338.737597,-0.006656849756836891,-0.3201794922351837,-2.0574088096618652
1700166338.7701538,-0.005914080888032913,-0.31539854407310486,-2.0568013191223145
1700166338.802224,-0.005734732374548912,-0.3087848126888275,-2.050657033920288
1700166338.8353496,-0.0033430028706789017,-0.30460119247436523,-2.0513057708740234
1700166338.8701499,0.000904332846403122,-0.3011006712913513,-2.0499801635742188
1700166338.9024029,0.001131957396864891,-0.30437761545181274,-2.0516233444213867
1700166338.9372866,0.003970388323068619,-0.30472248792648315,-2.0491857528686523
1700166338.9713953,0.0065367817878723145,-0.3036985397338867,-2.0465145111083984
1700166339.0049584,0.006513768807053566,-0.30083516240119934,-2.042754650115967
1700166339.038858,0.006295863538980484,-0.2986692786216736,-2.042527914047241
1700166339.0719583,0.001742711290717125,-0.30554571747779846,-2.048204183578491
1700166339.105199,0.001535121351480484,-0.309441477060318,-2.0498828887939453
1700166339.137243,0.0024775806814432144,-0.31127065420150757,-2.0503036975860596
1700166339.1698134,0.0036287587136030197,-0.3114955425262451,-2.050058603286743
1700166339.205053,0.0015669167041778564,-0.3153613209724426,-2.049572706222534
1700166339.2375472,0.0002859868109226227,-0.31369102001190186,-2.0458712577819824
1700166339.2711833,0.0010032709687948227,-0.31038764119148254,-2.0472991466522217
1700166339.3052218,0.0025540050119161606,-0.30763381719589233,-2.0465824604034424
1700166339.339364,0.002629198133945465,-0.3040602207183838,-2.0445165634155273
1700166339.3711245,0.002608098089694977,-0.3015689551830292,-2.041958808898926
1700166339.4061878,0.0017732251435518265,-0.2998083829879761,-2.039344310760498
1700166339.4382627,0.0008277930319309235,-0.2975991368293762,-2.0355851650238037
1700166339.473966,-0.000485055148601532,-0.29598137736320496,-2.031385898590088
1700166339.5060713,-0.007883524522185326,-0.2987748384475708,-2.020418405532837
1700166339.54182,-0.012784479185938835,-0.3011346161365509,-2.020566701889038
1700166339.574368,-0.015166489407420158,-0.3016718626022339,-2.021036386489868
1700166339.6079874,-0.015987573191523552,-0.3019205629825592,-2.0217719078063965
1700166339.6411393,-0.019596051424741745,-0.30626124143600464,-2.0220232009887695
1700166339.6756487,-0.021638156846165657,-0.3073059916496277,-2.0236353874206543
1700166339.7081757,-0.023324865847826004,-0.30629944801330566,-2.025768280029297
1700166339.7394586,-0.02954079769551754,-0.30979788303375244,-2.026322603225708
1700166339.7751644,-0.033687274903059006,-0.3148776888847351,-2.03043270111084
1700166339.8112812,-0.03676333278417587,-0.31925010681152344,-2.0306954383850098
1700166339.8419642,-0.04076983779668808,-0.32367584109306335,-2.0355141162872314
1700166339.876195,-0.042287811636924744,-0.3273710012435913,-2.037770986557007
1700166339.9082625,-0.042430978268384933,-0.33046776056289673,-2.04356050491333
1700166339.9421668,-0.043613482266664505,-0.33285850286483765,-2.049264430999756
1700166339.975689,-0.04471509903669357,-0.33506277203559875,-2.054331064224243
1700166340.0092258,-0.04137076064944267,-0.3276238441467285,-2.0526928901672363
1700166340.0431578,-0.04308648779988289,-0.3264863193035126,-2.0566153526306152
1700166340.0754275,-0.0455247163772583,-0.3285374045372009,-2.060023069381714
1700166340.1099665,-0.0417075976729393,-0.32129278779029846,-2.056273937225342
1700166340.1431472,-0.043016258627176285,-0.32137179374694824,-2.05972957611084
1700166340.1763558,-0.04297719523310661,-0.32463178038597107,-2.0638914108276367
1700166340.2094052,-0.044964998960494995,-0.32907021045684814,-2.067025661468506
1700166340.244469,-0.04822687432169914,-0.33537736535072327,-2.0703582763671875
1700166340.3102467,-0.05104116350412369,-0.3388608694076538,-2.071467876434326
1700166340.3540556,-0.05225161463022232,-0.34118321537971497,-2.072540760040283
1700166340.3959947,-0.04733860120177269,-0.33089131116867065,-2.065206527709961
1700166340.442038,-0.03829260542988777,-0.3141270577907562,-2.0557236671447754
1700166340.4891932,-0.029200106859207153,-0.30384424328804016,-2.047790765762329
1700166340.5327284,-0.02458939328789711,-0.2977088987827301,-2.0438663959503174
1700166340.5731387,-0.021648254245519638,-0.29450082778930664,-2.0401904582977295
1700166340.6172085,-0.025867827236652374,-0.31088054180145264,-2.0425915718078613
1700166340.6591432,-0.024717049673199654,-0.3127382695674896,-2.040182113647461
1700166340.7017038,-0.020708400756120682,-0.30904969573020935,-2.036456823348999
1700166340.7412574,-0.017878247424960136,-0.3045194149017334,-2.03312611579895
1700166340.7872918,-0.023118948563933372,-0.315439373254776,-2.0330872535705566
1700166340.8263314,-0.0290987566113472,-0.32433953881263733,-2.042253017425537
1700166350.018114,-0.08529490977525711,-0.20806552469730377,-2.0050365924835205
1700166350.0889995,-0.06483370810747147,-0.1916598379611969,-1.9924395084381104
1700166350.145083,-0.05445019155740738,-0.4233246147632599,-2.1979494094848633
1700166350.2091734,-0.04871250316500664,-0.4249230623245239,-2.2211833000183105
1700166350.2698972,-0.04888640716671944,-0.4239417314529419,-2.220444917678833
1700166350.3330016,-0.0471346415579319,-0.42534327507019043,-2.220134735107422
1700166350.3773298,-0.04366078972816467,-0.4257012903690338,-2.2201955318450928
1700166350.4194112,-0.04036002606153488,-0.4255186915397644,-2.2246575355529785
1700166350.4632185,-0.038918282836675644,-0.425043523311615,-2.2270431518554688
1700166350.5071173,-0.03950109705328941,-0.425599068403244,-2.2282681465148926
1700166350.5535586,-0.04051732271909714,-0.4256477952003479,-2.226402521133423
1700166350.5977032,-0.04939764738082886,-0.40676194429397583,-2.248504638671875
1700166350.64027,-0.05328620225191116,-0.3921774625778198,-2.271357297897339
1700166350.685202,-0.07029074430465698,-0.38665276765823364,-2.271700382232666
1700166350.728368,-0.06429850310087204,-0.3837364614009857,-2.321608066558838
1700166350.7715359,-0.06071661785244942,-0.3757137954235077,-2.340066432952881
1700166350.8160725,-0.05251003056764603,-0.3613883852958679,-2.3839282989501953
1700166350.860306,-0.04540999233722687,-0.35142797231674194,-2.4067766666412354
1700166350.902602,-0.04737866669893265,-0.35697969794273376,-2.391918420791626
1700166350.9466963,-0.049713265150785446,-0.36834031343460083,-2.3656482696533203
1700166350.9881327,-0.04562468081712723,-0.35803401470184326,-2.3891961574554443
1700166351.0346818,-0.0474017933011055,-0.36719295382499695,-2.368762731552124
1700166351.0779614,-0.05135548859834671,-0.37678393721580505,-2.337735414505005
1700166351.1202338,-0.0579846017062664,-0.3881456255912781,-2.2810633182525635
1700166351.1673632,-0.06263723224401474,-0.3888446092605591,-2.2482223510742188
1700166351.2099848,-0.06491009891033173,-0.38836267590522766,-2.2234411239624023
1700166351.2542493,-0.06925356388092041,-0.3847390115261078,-2.201429843902588
1700166351.294165,-0.07204566150903702,-0.3850207030773163,-2.20298171043396
1700166351.338513,-0.07498133182525635,-0.3841201364994049,-2.2066781520843506
1700166351.3801494,-0.07722261548042297,-0.38439619541168213,-2.212019205093384
1700166351.4232266,-0.06413938105106354,-0.38556626439094543,-2.3010663986206055
1700166351.4669085,-0.06375731527805328,-0.38321492075920105,-2.3295629024505615
1700166351.5090766,-0.06797243654727936,-0.38275495171546936,-2.331737756729126
1700166351.5531085,-0.07348597049713135,-0.38640156388282776,-2.3103322982788086
1700166351.593552,-0.07634521275758743,-0.38782578706741333,-2.282099723815918
1700166351.6362364,-0.07779359072446823,-0.38810300827026367,-2.2583792209625244
1700166351.676671,-0.07461604475975037,-0.3902949094772339,-2.237180233001709
1700166351.7189002,-0.05158699303865433,-0.38965073227882385,-2.2997312545776367
1700166351.7611616,-0.05239451676607132,-0.38756808638572693,-2.3143997192382812
1700166351.8032396,-0.05407963693141937,-0.3880334794521332,-2.308081865310669
1700166351.8458054,-0.05610812082886696,-0.3899262249469757,-2.2935619354248047
1700166351.8865151,-0.058843642473220825,-0.39199718832969666,-2.26513934135437
1700166351.9310713,-0.06001189351081848,-0.39081376791000366,-2.24491286277771
1700166351.9723246,-0.061315324157476425,-0.39049485325813293,-2.2286019325256348
1700166352.0144477,-0.06238829717040062,-0.3887841999530792,-2.215510368347168
1700166352.0565596,-0.06804444640874863,-0.38356301188468933,-2.195406675338745
1700166352.0992029,-0.07181070744991302,-0.3804055154323578,-2.1897947788238525
1700166352.129761,-0.07261643558740616,-0.3791389763355255,-2.188091516494751
1700166352.1592884,-0.07160156965255737,-0.379239022731781,-2.187893867492676
1700166352.1887207,-0.07273577153682709,-0.3794473707675934,-2.1900534629821777
1700166352.2193017,-0.0747191458940506,-0.379747599363327,-2.1914539337158203
1700166352.2513607,-0.07432715594768524,-0.380807101726532,-2.1925089359283447
1700166352.2837558,-0.07387913763523102,-0.38234952092170715,-2.193647861480713
1700166352.3173046,-0.07034221291542053,-0.3854529559612274,-2.1962223052978516
1700166352.3498743,-0.06731852889060974,-0.38822418451309204,-2.199601411819458
1700166352.3846586,-0.0667286068201065,-0.38944011926651,-2.204233169555664
1700166352.420373,-0.06719762831926346,-0.3895946741104126,-2.2072198390960693
1700166352.4559596,-0.06857863068580627,-0.38890770077705383,-2.209683656692505
1700166352.4854965,-0.06678234785795212,-0.3635235130786896,-2.128632068634033
1700166352.520139,-0.06252620369195938,-0.3443939983844757,-2.0850353240966797
1700166352.5512104,-0.05537242442369461,-0.330617755651474,-2.064697742462158
1700166352.5852954,-0.049813177436590195,-0.3242415189743042,-2.0584168434143066
1700166352.6193767,-0.04593214765191078,-0.3243178129196167,-2.0594396591186523
1700166352.65443,-0.04441886767745018,-0.32710155844688416,-2.063544273376465
1700166352.6861556,-0.04579504579305649,-0.33099108934402466,-2.0709593296051025
1700166352.7192197,-0.04668222367763519,-0.3353641927242279,-2.077975034713745
1700166352.7513177,-0.046928733587265015,-0.34002071619033813,-2.08528208732605
1700166352.7864563,-0.047982357442379,-0.3444870114326477,-2.0932366847991943
1700166352.8202348,-0.0499580055475235,-0.34808626770973206,-2.1000900268554688
1700166352.8538258,-0.05255403742194176,-0.35061508417129517,-2.1065564155578613
1700166352.886901,-0.05487552285194397,-0.3523707389831543,-2.1118223667144775
1700166352.919592,-0.0572570376098156,-0.35373666882514954,-2.1159276962280273
1700166352.9552507,-0.059006623923778534,-0.354047566652298,-2.117846965789795
1700166352.9878716,-0.06116965413093567,-0.35332024097442627,-2.1170871257781982
1700166353.0214272,-0.06244867295026779,-0.35190850496292114,-2.1144309043884277
1700166353.0550914,-0.06291894614696503,-0.3512355387210846,-2.110844612121582
1700166353.0891862,-0.062476299703121185,-0.350288450717926,-2.10636568069458
1700166353.1203048,-0.06263339519500732,-0.34928032755851746,-2.1010444164276123
1700166353.1538227,-0.06365932524204254,-0.3476019501686096,-2.0968480110168457
1700166353.1873655,-0.06441735476255417,-0.34574970602989197,-2.0922117233276367
1700166353.222019,-0.06562133133411407,-0.3440519869327545,-2.089963436126709
1700166353.2539427,-0.06513258069753647,-0.34252795577049255,-2.087677478790283
1700166353.2895432,-0.06366497278213501,-0.3413274884223938,-2.0866775512695312
1700166353.3217416,-0.06316114962100983,-0.3402363657951355,-2.0868313312530518
1700166353.3552897,-0.06400717794895172,-0.3392809331417084,-2.0884993076324463
1700166353.386837,-0.06511034071445465,-0.33928200602531433,-2.090283155441284
1700166353.4214208,-0.06455150246620178,-0.3408675491809845,-2.0914132595062256
1700166353.4550705,-0.05968682840466499,-0.3454315960407257,-2.092571973800659
1700166353.4876091,-0.060659557580947876,-0.26275327801704407,-2.0210366249084473
1700166353.5227165,-0.06190093234181404,-0.15952859818935394,-1.9967294931411743
1700166353.55427,-0.060728687793016434,-0.0775463730096817,-2.017301559448242
1700166353.588897,-0.055987559258937836,-0.027545306831598282,-2.0520524978637695
1700166353.6235816,-0.047458283603191376,0.001540742814540863,-2.086139440536499
1700166353.6562738,-0.03833741322159767,0.01746455207467079,-2.1121394634246826
1700166353.6899655,-0.027288218960165977,0.025271836668252945,-2.130247116088867
1700166353.723156,-0.01361139491200447,0.026015274226665497,-2.1429967880249023
1700166353.7567127,0.0005162870511412621,0.023640967905521393,-2.151749610900879
1700166353.7901115,0.011298135854303837,0.01633279025554657,-2.1511523723602295
1700166353.8242636,0.019848594442009926,0.003436511382460594,-2.1482906341552734
1700166353.855384,0.026804190129041672,-0.01319049671292305,-2.1464855670928955
1700166353.8910797,0.033186398446559906,-0.028345011174678802,-2.148138999938965
1700166353.9377248,0.03929496183991432,-0.043901726603507996,-2.1507906913757324
1700166353.9797962,0.04450274258852005,-0.054483793675899506,-2.1517837047576904
1700166354.024107,0.05015069246292114,-0.06734009087085724,-2.1499903202056885
1700166354.0662098,0.051928676664829254,-0.06742264330387115,-2.1630859375
1700166354.1057088,0.04709525778889656,-0.054794907569885254,-2.1699202060699463
1700166354.1382253,0.04280858114361763,-0.03487956523895264,-2.1782119274139404
1700166354.1684773,0.03886443376541138,-0.01298186369240284,-2.188396692276001
1700166354.1990354,0.03481092303991318,0.015668975189328194,-2.198523998260498
1700166354.2296057,0.03312749043107033,0.039860695600509644,-2.212226152420044
1700166354.2591543,0.03167764097452164,0.05831747502088547,-2.2259409427642822
1700166354.2921078,0.03010350465774536,0.0733727365732193,-2.2355797290802
1700166354.3254411,0.02819342538714409,0.08291526138782501,-2.242360830307007
1700166354.3628275,0.052279431372880936,0.06273598968982697,-2.190044641494751
1700166354.3940353,0.08361837267875671,0.036606863141059875,-2.1593759059906006
1700166354.4255795,0.11904723942279816,0.008938832208514214,-2.143784761428833
1700166354.4602323,0.14417998492717743,-0.014333046972751617,-2.1446497440338135
1700166354.492301,0.15960752964019775,-0.031078996136784554,-2.154271125793457
1700166354.5254083,0.17469556629657745,-0.0386580228805542,-2.164720058441162
1700166354.5599484,0.17582039535045624,-0.039290547370910645,-2.1729447841644287
1700166354.5941963,0.1706647127866745,-0.03811371326446533,-2.183349132537842
1700166354.6267424,0.15975646674633026,-0.02991003915667534,-2.1910297870635986
1700166354.659942,0.14820833504199982,-0.018541600555181503,-2.197449207305908
1700166354.6942275,0.13649800419807434,-0.005609104409813881,-2.204329013824463
1700166354.7277832,0.1366335153579712,-0.009676411747932434,-2.209494113922119
1700166354.7598135,0.1360289305448532,-0.018431179225444794,-2.2108123302459717
1700166354.795221,0.13313959538936615,-0.035221781581640244,-2.2118210792541504
1700166354.8280292,0.12841248512268066,-0.04169908165931702,-2.216055393218994
1700166354.8622053,0.12496746331453323,-0.056203119456768036,-2.2194674015045166
1700166354.8952928,0.1145571619272232,-0.06804604083299637,-2.2185778617858887
1700166354.9281354,0.1051807701587677,-0.08044714480638504,-2.215994358062744
1700166354.9617558,0.09549123793840408,-0.08940557390451431,-2.209474802017212
1700166354.9940393,0.08526770770549774,-0.09165874123573303,-2.2030911445617676
1700166355.0282314,0.07551378011703491,-0.08966434001922607,-2.1902780532836914
1700166355.0612733,0.06568421423435211,-0.08289873600006104,-2.18011212348938
1700166355.0942407,0.05884281545877457,-0.07256510853767395,-2.1731932163238525
1700166355.1293797,0.03844812884926796,-0.06285160779953003,-2.1701927185058594
1700166355.1631348,0.019930219277739525,-0.05478542670607567,-2.1700501441955566
A coordinates: -0.11481502 0.25160682
B coordinates: -0.40505096 -0.03528409
