1701114196.7898967,0.574745237827301,-0.39122793078422546,-2.0870354175567627
1701114196.8735034,0.5762811899185181,-0.3943675458431244,-2.0967354774475098
1701114197.1229362,0.7020325064659119,-0.4858528971672058,-2.2229180335998535
1701114197.3253603,0.6235857605934143,-0.5319312810897827,-2.1269690990448
1701114197.3619912,0.6343507170677185,-0.5440888404846191,-2.1258649826049805
1701114197.3995585,0.6588289141654968,-0.5266193747520447,-2.255527973175049
1701114197.4372666,0.6599125862121582,-0.45994630455970764,-2.3803718090057373
1701114197.4868948,0.6463159918785095,-0.422870934009552,-2.4718704223632812
1701114197.530455,0.6411003470420837,-0.4290452301502228,-2.478222131729126
1701114197.5730062,0.6313778162002563,-0.42851191759109497,-2.4965603351593018
1701114197.612833,0.6215212941169739,-0.4250958561897278,-2.5073306560516357
1701114197.652906,0.6066956520080566,-0.3434590697288513,-2.5632386207580566
1701114197.6980207,0.615592896938324,-0.3688204884529114,-2.549328327178955
1701114197.7406445,0.6224186420440674,-0.3927640914916992,-2.5361146926879883
1701114197.778732,0.6300297975540161,-0.4115113914012909,-2.523512125015259
1701114197.8208246,0.6376373767852783,-0.4294655919075012,-2.5122878551483154
1701114197.862684,0.6422378420829773,-0.44615089893341064,-2.5024635791778564
1701114197.9053247,0.6423576474189758,-0.45905569195747375,-2.492541790008545
1701114197.9493394,0.6384218335151672,-0.47314125299453735,-2.4760913848876953
1701114197.990752,0.638611912727356,-0.4772215187549591,-2.4733922481536865
1701114198.0318851,0.6397396922111511,-0.47827839851379395,-2.4727492332458496
1701114198.0735114,0.6386480331420898,-0.48027631640434265,-2.4697036743164062
1701114198.113924,0.63742995262146,-0.4854753017425537,-2.4640920162200928
1701114198.155233,0.6279581785202026,-0.495098739862442,-2.453700065612793
1701114198.1877584,0.6232064366340637,-0.49882838129997253,-2.453392744064331
1701114198.2178612,0.6207492351531982,-0.5006735920906067,-2.455152988433838
1701114198.247343,0.6216843724250793,-0.5020659565925598,-2.459843397140503
1701114198.2799032,0.6206214427947998,-0.5039716362953186,-2.4577927589416504
1701114198.3139293,0.618611216545105,-0.5057952404022217,-2.4563608169555664
1701114198.347986,0.6157065629959106,-0.5062783360481262,-2.45556902885437
1701114198.3802261,0.6131585836410522,-0.5057045817375183,-2.456131935119629
1701114198.4141362,0.6120372414588928,-0.5064058303833008,-2.454761505126953
1701114198.4457529,0.6103116273880005,-0.5084275007247925,-2.455030918121338
1701114198.4818752,0.6079732179641724,-0.5121976137161255,-2.457296848297119
1701114198.5130625,0.6038264036178589,-0.5152011513710022,-2.4527626037597656
1701114198.5477118,0.6005954146385193,-0.5206876993179321,-2.4515573978424072
1701114198.5817926,0.5947746634483337,-0.5255671739578247,-2.4409849643707275
1701114198.6127784,0.5874372720718384,-0.5288976430892944,-2.4297003746032715
1701114198.6483364,0.5857332348823547,-0.5348836779594421,-2.4135377407073975
1701114198.6877646,0.5856149792671204,-0.5409595370292664,-2.3933300971984863
1701114198.7182882,0.5821123123168945,-0.5438506007194519,-2.379843235015869
1701114198.7479062,0.5755575895309448,-0.5445256233215332,-2.3724944591522217
1701114198.781723,0.5742747783660889,-0.5454708337783813,-2.367295265197754
1701114198.815792,0.5773891806602478,-0.5469433069229126,-2.364346742630005
1701114198.849817,0.5764567255973816,-0.4837721586227417,-2.41725754737854
1701114198.8818448,0.5842896699905396,-0.48253995180130005,-2.4182991981506348
1701114198.9149075,0.5908172130584717,-0.4910779297351837,-2.4113807678222656
1701114198.9489381,0.596248209476471,-0.5008615255355835,-2.400315284729004
1701114198.9839876,0.5953671932220459,-0.5095087885856628,-2.3899738788604736
1701114199.0159414,0.5889589190483093,-0.5150319933891296,-2.3810365200042725
1701114199.0489888,0.5856830477714539,-0.4611750841140747,-2.449347972869873
1701114199.0828683,0.5827029943466187,-0.461250901222229,-2.446057081222534
1701114199.1159058,0.5736615657806396,-0.47147202491760254,-2.4302263259887695
1701114199.149952,0.5630305409431458,-0.4842170774936676,-2.4134953022003174
1701114199.1826003,0.5505208969116211,-0.49321550130844116,-2.401529550552368
1701114199.215137,0.5603311061859131,-0.44025328755378723,-2.477081060409546
1701114199.2526057,0.564826488494873,-0.4434913992881775,-2.4794445037841797
1701114199.284721,0.568246066570282,-0.4603055417537689,-2.4644172191619873
1701114199.3147707,0.5705201625823975,-0.48011595010757446,-2.4435575008392334
1701114199.3488185,0.5727052092552185,-0.4958416223526001,-2.4203858375549316
1701114199.3817234,0.5871363282203674,-0.4517066776752472,-2.4883840084075928
1701114199.418971,0.5983226895332336,-0.40424859523773193,-2.535158157348633
1701114199.4526937,0.6061674952507019,-0.36059635877609253,-2.5661745071411133
1701114199.4838302,0.6113874316215515,-0.3216386139392853,-2.5937366485595703
1701114199.516381,0.6174900531768799,-0.29047495126724243,-2.618539571762085
1701114199.5503302,0.6096250414848328,-0.27497395873069763,-2.6055989265441895
1701114199.5844057,0.5996239185333252,-0.2680284380912781,-2.5854601860046387
1701114199.6170433,0.5899415612220764,-0.26438531279563904,-2.5610849857330322
1701114199.6592352,0.5834205746650696,-0.2642255425453186,-2.54836106300354
1701114199.6897876,0.5803579092025757,-0.2624688744544983,-2.537937641143799
1701114199.7193406,0.5772125720977783,-0.26021313667297363,-2.517988681793213
1701114199.7519214,0.5721956491470337,-0.2597559988498688,-2.5063674449920654
1701114199.786449,0.5651347041130066,-0.25752919912338257,-2.4907174110412598
1701114199.8190267,0.5587977766990662,-0.25615400075912476,-2.473560333251953
1701114199.851706,0.5503105521202087,-0.2533271908760071,-2.4595110416412354
1701114199.887273,0.5410497188568115,-0.24896733462810516,-2.4464690685272217
1701114199.9188542,0.5471183657646179,-0.2346685528755188,-2.4619483947753906
1701114199.9528947,0.5592992901802063,-0.220327228307724,-2.504483699798584
1701114199.9874089,0.5734227895736694,-0.20857343077659607,-2.5557620525360107
1701114200.019837,0.5851168036460876,-0.19895915687084198,-2.5946900844573975
1701114200.0533924,0.5955927968025208,-0.1900143325328827,-2.62030291557312
1701114200.0889144,0.60528564453125,-0.18266423046588898,-2.6385138034820557
1701114200.1218336,0.6166583299636841,-0.17631298303604126,-2.662963390350342
1701114200.1530595,0.6274420619010925,-0.17212986946105957,-2.685800075531006
1701114200.1886165,0.6333333253860474,-0.1677933782339096,-2.693678855895996
1701114200.219192,0.637491762638092,-0.1671002209186554,-2.699289083480835
1701114200.2547436,0.6400404572486877,-0.1669793725013733,-2.701878786087036
1701114200.290727,0.6415505409240723,-0.16769035160541534,-2.703850030899048
1701114200.3209677,0.6418691277503967,-0.16973522305488586,-2.7045631408691406
1701114200.356495,0.6389319896697998,-0.17423115670681,-2.69712495803833
1701114200.3867407,0.6324295997619629,-0.1808948814868927,-2.685120105743408
1701114200.4217274,0.6287484169006348,-0.18596257269382477,-2.685637950897217
1701114200.4558184,0.6175010800361633,-0.19362503290176392,-2.6688461303710938
1701114200.489892,0.6148936152458191,-0.1974312961101532,-2.6751708984375
1701114200.5229495,0.6158854961395264,-0.2040756791830063,-2.6816654205322266
1701114200.5540235,0.6194406747817993,-0.2104973942041397,-2.6862449645996094
1701114200.5871117,0.6238794326782227,-0.2143237143754959,-2.6976068019866943
1701114200.6246953,0.6296703219413757,-0.21962343156337738,-2.719574451446533
1701114200.6577837,0.6340803503990173,-0.2256895750761032,-2.731501579284668
1701114200.6909292,0.6356411576271057,-0.23047833144664764,-2.7409231662750244
1701114200.7227752,0.6360042095184326,-0.2327171266078949,-2.7410855293273926
1701114200.7610478,0.6321395039558411,-0.2384858876466751,-2.7208516597747803
1701114200.8003259,0.6209827065467834,-0.24605676531791687,-2.6714160442352295
1701114200.8425317,0.6125004887580872,-0.25594812631607056,-2.6261343955993652
1701114200.8830812,0.5973211526870728,-0.26470115780830383,-2.5699868202209473
1701114200.9242508,0.5825668573379517,-0.2732105553150177,-2.5275959968566895
1701114200.966802,0.5646651983261108,-0.29284000396728516,-2.480433464050293
1701114201.0108464,0.5576630234718323,-0.29845601320266724,-2.473269462585449
1701114201.0509639,0.5486195683479309,-0.298599511384964,-2.4584805965423584
1701114201.092108,0.5352942943572998,-0.2964302897453308,-2.4382307529449463
1701114201.1338828,0.5320767164230347,-0.2938445210456848,-2.432865619659424
1701114201.1779122,0.5326680541038513,-0.2911476492881775,-2.438524007797241
1701114201.2208626,0.5318549275398254,-0.2875325381755829,-2.4468023777008057
1701114201.263238,0.5330790281295776,-0.28346583247184753,-2.4477274417877197
1701114201.3063545,0.5373051166534424,-0.282376229763031,-2.4437599182128906
1701114201.3469276,0.5416692495346069,-0.27976280450820923,-2.4411542415618896
1701114201.3891249,0.5454860925674438,-0.2789187431335449,-2.436767578125
1701114201.432145,0.5507959127426147,-0.2807190418243408,-2.4331958293914795
1701114201.4762635,0.5611252784729004,-0.2735466957092285,-2.443784475326538
1701114201.5173078,0.5630310773849487,-0.27274447679519653,-2.44116473197937
1701114201.559874,0.5660122632980347,-0.27021583914756775,-2.443753480911255
1701114201.6008291,0.5804635286331177,-0.2645971179008484,-2.468998908996582
1701114201.642873,0.5853108763694763,-0.2619754374027252,-2.4766530990600586
1701114201.6847916,0.587565541267395,-0.3257899880409241,-2.455331802368164
1701114201.72787,0.5876607894897461,-0.3788410723209381,-2.434849500656128
1701114201.7710414,0.5864261388778687,-0.42333608865737915,-2.426362991333008
1701114201.814145,0.5855364799499512,-0.44019845128059387,-2.4249491691589355
1701114201.8586981,0.5846765041351318,-0.45287448167800903,-2.4250380992889404
1701114201.900356,0.5942836999893188,-0.4647749364376068,-2.4327139854431152
1701114201.9409392,0.600520133972168,-0.463398277759552,-2.4386980533599854
1701114212.4219522,0.04756755381822586,0.06383619457483292,-2.496901750564575
1701114212.4947994,0.02422073483467102,0.0647699236869812,-2.4143824577331543
1701114212.5578692,0.01935984194278717,0.06408771872520447,-2.385068893432617
1701114212.6199648,0.01876731961965561,0.060346879065036774,-2.375763177871704
1701114212.693348,0.01792149245738983,0.05402800813317299,-2.3536295890808105
1701114212.7618165,0.02078082412481308,0.04624272137880325,-2.34220027923584
1701114212.8052104,0.022839892655611038,0.04203442111611366,-2.3364193439483643
1701114212.8509614,0.02568705379962921,0.0371771864593029,-2.3399603366851807
1701114212.893294,0.029019098728895187,0.03573815897107124,-2.355823040008545
1701114212.9378765,0.03994175046682358,0.03897933289408684,-2.400176763534546
1701114212.9805028,0.042635105550289154,0.040867626667022705,-2.4070818424224854
1701114213.024107,0.05213228240609169,0.04368995875120163,-2.4314281940460205
1701114213.0669363,0.054127685725688934,0.04604008048772812,-2.430799961090088
1701114213.1106577,0.0542386919260025,0.0488651841878891,-2.4283456802368164
1701114213.155721,0.05205157399177551,0.05101307854056358,-2.421867847442627
1701114213.1973245,0.049387503415346146,0.05193442478775978,-2.4133644104003906
1701114213.241861,0.05006691813468933,0.05050046369433403,-2.4114692211151123
1701114213.2851026,0.05351699888706207,0.04919271171092987,-2.416149139404297
1701114213.3287652,0.05561099573969841,0.04905843362212181,-2.4189536571502686
1701114213.375844,0.05495069548487663,0.0509255975484848,-2.4157137870788574
1701114213.4189196,0.052424896508455276,0.053221963346004486,-2.4117798805236816
1701114213.4649298,0.05179853364825249,0.05361318960785866,-2.4077208042144775
1701114213.5099711,0.04833978787064552,0.05670107156038284,-2.399819850921631
1701114213.5530596,0.04910442978143692,0.05886514484882355,-2.3946354389190674
1701114213.5952554,0.048194658011198044,0.05891580879688263,-2.394777536392212
1701114213.6413047,0.047176215797662735,0.05935567617416382,-2.3856749534606934
1701114213.6837375,0.04672463610768318,0.05855948477983475,-2.383396863937378
1701114213.7278106,0.04886340722441673,0.05543059855699539,-2.383525848388672
1701114213.770888,0.05214196816086769,0.05334857478737831,-2.37375545501709
1701114213.8165343,0.05626997351646423,0.04743420332670212,-2.3717148303985596
1701114213.8603375,0.05868913605809212,0.044731542468070984,-2.366231918334961
1701114213.9054859,0.061890289187431335,0.0443301722407341,-2.353280782699585
1701114213.9500983,0.06249716132879257,0.04426095634698868,-2.3408970832824707
1701114213.99084,0.06445726007223129,0.0380730926990509,-2.339139699935913
1701114214.0477688,0.0632123351097107,0.03122125007212162,-2.3365540504455566
1701114214.093301,0.06421470642089844,0.026187939569354057,-2.341744899749756
1701114214.135309,0.0634857714176178,0.0160908754914999,-2.324272871017456
1701114214.1830168,0.06133820861577988,0.011253446340560913,-2.3013362884521484
1701114214.2257133,0.0608745701611042,0.009594511240720749,-2.2835817337036133
1701114214.2729447,0.058936454355716705,0.012221915647387505,-2.2640111446380615
1701114214.3159766,0.05626910924911499,0.020652756094932556,-2.2619009017944336
1701114214.36017,0.07338809967041016,0.018947606906294823,-2.1886181831359863
1701114214.4018798,0.10081105679273605,0.06444481760263443,-2.1392157077789307
1701114214.4441113,0.13488174974918365,0.15085551142692566,-2.135119915008545
1701114214.48476,0.15137264132499695,0.1974257230758667,-2.1816277503967285
1701114214.5808794,0.14453966915607452,0.19286958873271942,-2.1884374618530273
1701114214.6231966,0.14097949862480164,0.19058960676193237,-2.1883721351623535
1701114214.665784,0.13913649320602417,0.18662817776203156,-2.1847879886627197
1701114214.7098072,0.13616731762886047,0.18506231904029846,-2.193460702896118
1701114214.7500048,0.13707800209522247,0.1940128058195114,-2.2233810424804688
1701114214.8151166,0.13193072378635406,0.19035497307777405,-2.2465333938598633
1701114214.885393,0.13095057010650635,0.18726834654808044,-2.2455976009368896
1701114214.9339619,0.13153499364852905,0.18510809540748596,-2.2336690425872803
1701114214.9755287,0.1326707899570465,0.1852092444896698,-2.2148635387420654
1701114215.0185783,0.13415518403053284,0.18880417943000793,-2.2077741622924805
1701114215.060351,0.13538502156734467,0.19180451333522797,-2.2031497955322266
1701114215.1037776,0.1346272975206375,0.19475147128105164,-2.2064015865325928
1701114215.1460009,0.13470561802387238,0.20793385803699493,-2.251748561859131
1701114215.1902063,0.1331598162651062,0.20603932440280914,-2.2611799240112305
1701114215.2302325,0.13106243312358856,0.2021327018737793,-2.256087064743042
1701114215.2719038,0.1290491223335266,0.19752246141433716,-2.2495763301849365
1701114215.3163033,0.12815573811531067,0.18981514871120453,-2.2317147254943848
1701114215.3599672,0.12812745571136475,0.18386611342430115,-2.222390651702881
1701114215.3990173,0.12922485172748566,0.1804795265197754,-2.2175467014312744
1701114215.443317,0.1285848468542099,0.17968881130218506,-2.2244725227355957
1701114215.4834294,0.12849631905555725,0.18306805193424225,-2.2354793548583984
1701114215.5252619,0.12834128737449646,0.18756146728992462,-2.2468886375427246
1701114215.567329,0.12740471959114075,0.19108185172080994,-2.2601330280303955
1701114215.6083865,0.12570886313915253,0.19345034658908844,-2.2731778621673584
1701114215.6474502,0.12319047749042511,0.19211062788963318,-2.27131986618042
1701114215.688448,0.12218005955219269,0.18993321061134338,-2.2571651935577393
1701114215.734018,0.12376178801059723,0.1901099681854248,-2.258227586746216
1701114215.7836106,0.1270969957113266,0.19536235928535461,-2.2832837104797363
1701114215.8237178,0.1297437697649002,0.19833366572856903,-2.296520233154297
1701114215.8643212,0.13336630165576935,0.2007589340209961,-2.314363718032837
1701114215.905533,0.13889826834201813,0.20128436386585236,-2.336461305618286
1701114215.9476204,0.13206909596920013,0.20469149947166443,-2.2887794971466064
1701114216.0097344,0.12758541107177734,0.19856344163417816,-2.2383780479431152
1701114216.0433,0.125052809715271,0.1901588886976242,-2.2145493030548096
1701114216.0748441,0.12217171490192413,0.18324552476406097,-2.2021217346191406
1701114216.1073666,0.1196305975317955,0.18265300989151,-2.212618350982666
1701114216.1419935,0.12145263701677322,0.17866048216819763,-2.2129769325256348
1701114216.176423,0.12240558862686157,0.17557522654533386,-2.2187585830688477
1701114216.2099733,0.12181279063224792,0.1755751669406891,-2.2290444374084473
1701114216.2435749,0.12234227359294891,0.17977264523506165,-2.251403570175171
1701114216.2781394,0.12414787709712982,0.18990933895111084,-2.2876346111297607
1701114216.309697,0.13676276803016663,0.20310673117637634,-2.3495404720306396
1701114216.3778965,0.14851881563663483,0.20392879843711853,-2.395364761352539
1701114216.4094408,0.15521562099456787,0.20170427858829498,-2.4169092178344727
1701114216.442518,0.16040560603141785,0.19787980616092682,-2.430034637451172
1701114216.476058,0.16496062278747559,0.19421914219856262,-2.4404358863830566
1701114216.5106163,0.16549061238765717,0.1922169029712677,-2.440847635269165
1701114216.5437336,0.1638595312833786,0.19101089239120483,-2.437753915786743
1701114216.5762136,0.16222193837165833,0.18959705531597137,-2.433145523071289
1701114216.609786,0.15680032968521118,0.19047105312347412,-2.4173622131347656
1701114216.6443853,0.15274208784103394,0.1916668862104416,-2.4056694507598877
1701114216.67691,0.14999860525131226,0.1930052638053894,-2.398587226867676
1701114216.7120855,0.14801689982414246,0.1951649934053421,-2.393040895462036
1701114216.7439072,0.14583444595336914,0.19690239429473877,-2.3890750408172607
1701114216.7784498,0.14541767537593842,0.19773362576961517,-2.3901455402374268
1701114216.8124933,0.14665749669075012,0.19671139121055603,-2.396150588989258
1701114216.8455431,0.1452048122882843,0.19651156663894653,-2.395430326461792
1701114216.8770998,0.13907013833522797,0.19914083182811737,-2.3797128200531006
1701114216.9132009,0.13101395964622498,0.20154955983161926,-2.3573243618011475
1701114216.944226,0.12204276025295258,0.20239713788032532,-2.3168716430664062
1701114216.979786,0.11701016128063202,0.19568660855293274,-2.282045841217041
1701114217.0103538,0.1150728315114975,0.18686731159687042,-2.2579829692840576
1701114217.0458503,0.11638308316469193,0.1792636215686798,-2.237647771835327
1701114217.0795524,0.11765308678150177,0.17590084671974182,-2.2294907569885254
1701114217.1126325,0.1184023842215538,0.17533785104751587,-2.2235679626464844
1701114217.1467135,0.11897537112236023,0.1755565106868744,-2.2239036560058594
1701114217.1802936,0.11906607449054718,0.1772947609424591,-2.227107048034668
1701114217.2125354,0.11954610794782639,0.17897938191890717,-2.2250800132751465
1701114217.2475984,0.1215137466788292,0.1801510751247406,-2.2209978103637695
1701114217.2801805,0.12340717017650604,0.18029050529003143,-2.2114720344543457
1701114217.313304,0.12109213322401047,0.18300653994083405,-2.201556444168091
1701114217.3789568,0.11684314906597137,0.18512260913848877,-2.1881473064422607
1701114217.413059,0.11163006722927094,0.187771737575531,-2.1853861808776855
1701114217.447168,0.10762932151556015,0.19117747247219086,-2.1941096782684326
1701114217.4807508,0.10511983931064606,0.19534234702587128,-2.208977699279785
1701114217.514868,0.10500939935445786,0.19981525838375092,-2.2292041778564453
1701114217.5469186,0.10594310611486435,0.20221826434135437,-2.2498693466186523
1701114217.5804708,0.10805852711200714,0.20283867418766022,-2.267491340637207
1701114217.6136334,0.1097336933016777,0.2011616826057434,-2.2815475463867188
1701114217.64769,0.1122838482260704,0.19916418194770813,-2.292919874191284
1701114222.438083,-0.19062383472919464,-0.16154785454273224,-2.2756035327911377
1701114222.5117717,-0.17999394237995148,-0.16750578582286835,-2.26106333732605
1701114222.5779011,-0.16603907942771912,-0.1606481671333313,-2.1993675231933594
1701114222.6434565,-0.15566076338291168,-0.14613033831119537,-2.1588521003723145
1701114222.7131746,-0.16423428058624268,-0.14466466009616852,-2.1579785346984863
1701114222.7788777,-0.17604130506515503,-0.14798277616500854,-2.1516354084014893
1701114222.8447776,-0.18526189029216766,-0.15301677584648132,-2.1810286045074463
1701114222.907788,-0.1822241097688675,-0.1506022810935974,-2.1868433952331543
1701114222.9717972,-0.17868934571743011,-0.14972493052482605,-2.1874938011169434
1701114223.0180154,-0.18195991218090057,-0.15383589267730713,-2.2039735317230225
1701114223.0605855,-0.18386241793632507,-0.16076351702213287,-2.222325086593628
1701114223.104163,-0.18535099923610687,-0.1656457781791687,-2.2402405738830566
1701114223.1466293,-0.183823823928833,-0.1639467030763626,-2.231848955154419
1701114223.1899397,-0.1790442168712616,-0.1595238745212555,-2.207683563232422
1701114223.2332232,-0.1767362356185913,-0.15773674845695496,-2.2016355991363525
1701114223.2774632,-0.17155440151691437,-0.15313021838665009,-2.179682731628418
1701114223.323004,-0.1678856760263443,-0.14967083930969238,-2.1595020294189453
1701114223.368021,-0.16386526823043823,-0.14573146402835846,-2.1454901695251465
1701114223.4125917,-0.16480889916419983,-0.14507576823234558,-2.1538801193237305
1701114223.4571877,-0.16621169447898865,-0.14502257108688354,-2.15891170501709
1701114223.4982927,-0.17462554574012756,-0.14841589331626892,-2.176736831665039
1701114223.54226,-0.17865341901779175,-0.14991001784801483,-2.187695026397705
1701114223.583785,-0.18563735485076904,-0.15580743551254272,-2.2089345455169678
1701114223.6278024,-1.8124825954437256,-0.38481032848358154,-1.9539161920547485
1701114223.7199225,-0.19395017623901367,-0.16837313771247864,-2.237462043762207
1701114223.7651765,-0.19167357683181763,-0.17000462114810944,-2.2384657859802246
1701114223.8092463,-0.1891743689775467,-0.166394904255867,-2.253324508666992
1701114223.8609161,-0.18608145415782928,-0.16443119943141937,-2.2685248851776123
1701114223.9105122,-0.18431350588798523,-0.16168680787086487,-2.28187894821167
1701114223.9527876,-0.18498025834560394,-0.16181598603725433,-2.290849208831787
1701114223.9966643,-0.18612635135650635,-0.1628444641828537,-2.308159351348877
1701114224.039741,-0.1906798928976059,-0.16972850263118744,-2.355916738510132
1701114224.0818136,-0.1916695237159729,-0.17247988283634186,-2.3670287132263184
1701114224.1268723,-0.1914464831352234,-0.17303727567195892,-2.3651673793792725
1701114224.168455,-0.1888074278831482,-0.17031803727149963,-2.334372043609619
1701114224.2105207,-1.8115590810775757,-0.3850327730178833,-1.9526017904281616
1701114224.2536538,-0.18321838974952698,-0.1692083477973938,-2.2871456146240234
1701114224.2955012,-0.1854119747877121,-0.16861723363399506,-2.286386489868164
1701114224.3375347,-0.18817035853862762,-0.16857083141803741,-2.296908378601074
1701114224.380122,-0.1878557950258255,-0.1660509556531906,-2.287033796310425
1701114224.4226615,-0.18702282011508942,-0.1661556363105774,-2.2877001762390137
1701114224.465311,-0.18682685494422913,-0.16750481724739075,-2.297048330307007
1701114224.507366,-0.1872696876525879,-0.16907013952732086,-2.314783811569214
1701114224.5474102,-0.19021771848201752,-0.17053310573101044,-2.3516294956207275
1701114224.57795,-0.18949776887893677,-0.16523787379264832,-2.3255581855773926
1701114224.608518,-0.18810603022575378,-0.15999735891819,-2.3012523651123047
1701114224.6370676,-0.18490517139434814,-0.15669497847557068,-2.281184196472168
1701114224.6706269,-0.19142459332942963,-0.15957534313201904,-2.3218369483947754
1701114224.705698,-0.19144921004772186,-0.16539236903190613,-2.3293464183807373
1701114224.7803779,-0.1902237981557846,-0.16750232875347137,-2.315775156021118
1701114224.8124425,-0.19172774255275726,-0.16957736015319824,-2.327648639678955
1701114224.8420715,-0.1924465000629425,-0.17043641209602356,-2.341909170150757
1701114224.872524,-0.19277265667915344,-0.17016750574111938,-2.347343683242798
1701114224.9040582,-0.1928825080394745,-0.17068983614444733,-2.3515267372131348
1701114224.939616,-0.19306553900241852,-0.17125150561332703,-2.3506202697753906
1701114224.9728072,-0.19342990219593048,-0.17172417044639587,-2.351304292678833
1701114225.0071652,-0.1918490082025528,-0.1704867035150528,-2.3360328674316406
1701114225.0411634,-0.19017206132411957,-0.16821570694446564,-2.321855068206787
1701114225.073154,-0.1891985833644867,-0.16702903807163239,-2.3144783973693848
1701114225.1066794,-0.18740829825401306,-0.1669320911169052,-2.3116283416748047
1701114225.1417327,-0.18494172394275665,-0.16549743711948395,-2.300231456756592
1701114225.1735997,-0.18354222178459167,-0.1642366349697113,-2.293773651123047
1701114225.2061706,-0.18437261879444122,-0.1642279028892517,-2.2960386276245117
1701114225.2402532,-0.18465054035186768,-0.16478706896305084,-2.289820909500122
1701114225.2752187,-0.18590958416461945,-0.1654026359319687,-2.2903494834899902
1701114225.3077667,-0.18658453226089478,-0.1641739010810852,-2.2911088466644287
1701114225.378943,-0.18702980875968933,-0.16258195042610168,-2.2899935245513916
1701114225.4100878,-0.1871901899576187,-0.1623951494693756,-2.290909767150879
1701114225.4406574,-0.18924447894096375,-0.16334672272205353,-2.29666805267334
1701114225.475813,-0.1940215826034546,-0.1666565239429474,-2.323364019393921
1701114225.544059,-0.19332900643348694,-0.16508688032627106,-2.315232276916504
1701114225.576583,-0.1931609958410263,-0.16404281556606293,-2.3115241527557373
1701114225.6101363,-0.1942441463470459,-0.16463467478752136,-2.3159430027008057
1701114225.6430736,-0.19658790528774261,-0.16676190495491028,-2.3317344188690186
1701114225.6762195,-0.19694964587688446,-0.16851159930229187,-2.340456962585449
1701114225.7097769,-0.193533793091774,-0.1645737737417221,-2.3088159561157227
1701114225.7437987,-0.1874132752418518,-0.16022010147571564,-2.272763252258301
1701114225.776347,-0.19049495458602905,-0.1649247705936432,-2.291752815246582
1701114225.8098931,-0.1919066607952118,-0.1697540283203125,-2.3036463260650635
1701114225.8419726,-0.19454452395439148,-0.17556607723236084,-2.3182218074798584
1701114225.911988,-0.19716446101665497,-0.1768876016139984,-2.331369638442993
1701114225.9428902,-0.1989651769399643,-0.17726419866085052,-2.340284585952759
1701114225.9741971,-0.20072197914123535,-0.1766817420721054,-2.3488211631774902
1701114226.009752,-0.19925685226917267,-0.17308512330055237,-2.31591796875
1701114226.0437653,-0.20053116977214813,-0.17083296179771423,-2.3103525638580322
1701114226.0773337,-0.20146358013153076,-0.1707199513912201,-2.3119583129882812
1701114226.1097865,-0.20183606445789337,-0.17166227102279663,-2.319343328475952
1701114226.1448581,-0.20203427970409393,-0.17306433618068695,-2.333143472671509
1701114226.1782227,-0.20138421654701233,-0.17383462190628052,-2.3369762897491455
1701114226.2097526,-0.19933703541755676,-0.16928571462631226,-2.3075499534606934
1701114226.2792146,-0.19761323928833008,-0.16646482050418854,-2.288780450820923
1701114226.3117723,-0.19630670547485352,-0.1651831567287445,-2.2774500846862793
1701114226.3458354,-0.1953369677066803,-0.16647011041641235,-2.27826189994812
1701114226.3799016,-0.19600890576839447,-0.16903625428676605,-2.2924551963806152
1701114226.4135697,-0.19691544771194458,-0.1723720133304596,-2.312680721282959
1701114226.44712,-0.1946810930967331,-0.17118598520755768,-2.3021583557128906
1701114226.47877,-0.19300878047943115,-0.16906127333641052,-2.289236545562744
1701114226.5118103,-0.19215607643127441,-0.16845208406448364,-2.281266450881958
1701114226.5467765,-0.1922163963317871,-0.16984064877033234,-2.2882962226867676
1701114226.6243055,-0.19315651059150696,-0.1719917356967926,-2.302699565887451
1701114226.663534,-0.19547857344150543,-0.173817440867424,-2.3208255767822266
1701114226.7067287,-0.19562101364135742,-0.17364412546157837,-2.3264167308807373
1701114226.7464385,-0.1935555785894394,-0.1706293523311615,-2.3175203800201416
1701114226.7906165,-0.18992900848388672,-0.16547974944114685,-2.296452760696411
1701114226.8337533,-0.18741516768932343,-0.16344822943210602,-2.28029203414917
1701114226.874754,-0.18767093122005463,-0.16301564872264862,-2.2730023860931396
1701114226.9147635,-0.18934787809848785,-0.16486909985542297,-2.2769854068756104
1701114226.9593494,-0.1946735680103302,-0.17048543691635132,-2.295454502105713
1701114227.0004263,-0.19593742489814758,-0.17184826731681824,-2.2945666313171387
1701114227.0420012,-0.19866788387298584,-0.1735398769378662,-2.3080766201019287
1701114227.0847754,-0.19300153851509094,-0.16088999807834625,-2.2453017234802246
1701114227.1258564,-0.19652551412582397,-0.16047289967536926,-2.2614824771881104
1701114227.1669173,-0.19901812076568604,-0.1646619290113449,-2.285888433456421
1701114227.210005,-0.19843192398548126,-0.16808012127876282,-2.295133590698242
1701114227.2487638,-0.19196784496307373,-0.16293928027153015,-2.258303165435791
1701114227.2928123,-0.1810401976108551,-0.15346048772335052,-2.2247087955474854
1701114227.334763,-0.18856596946716309,-0.16146966814994812,-2.2718987464904785
1701114227.376144,-0.19403034448623657,-0.17036178708076477,-2.318890333175659
1701114227.4187467,-0.19597892463207245,-0.17778809368610382,-2.3664965629577637
1701114227.4638832,-0.1935424506664276,-0.1770349144935608,-2.355635166168213
1701114227.5051043,-0.1907675862312317,-0.17403030395507812,-2.333759069442749
1701114227.5478792,-0.19024819135665894,-0.17206726968288422,-2.321782112121582
1701114227.5897431,-0.19046175479888916,-0.17096425592899323,-2.3073294162750244
1701114227.6308296,-0.19103197753429413,-0.16989752650260925,-2.296170473098755
1701114231.3348496,0.19946438074111938,-0.4592500925064087,-2.3183534145355225
1701114231.4037719,0.19521091878414154,-0.4530095160007477,-2.2722764015197754
1701114231.47393,0.19752441346645355,-0.4426731467247009,-2.253122329711914
1701114231.5478876,0.1938348412513733,-0.43862271308898926,-2.2411723136901855
1701114231.5942657,0.19294248521327972,-0.44503161311149597,-2.260327100753784
1701114231.640246,0.1996229737997055,-0.44889020919799805,-2.2561614513397217
1701114231.6843078,0.19571390748023987,-0.4429331123828888,-2.2529497146606445
1701114231.7278728,0.19040954113006592,-0.4319368004798889,-2.2254185676574707
1701114231.7757604,0.18622052669525146,-0.4253343641757965,-2.220557689666748
1701114231.819844,0.18321345746517181,-0.4255332052707672,-2.2262392044067383
1701114231.8763127,0.18428237736225128,-0.428067147731781,-2.2354965209960938
1701114231.918456,0.18319803476333618,-0.431108295917511,-2.245131492614746
1701114231.9620419,0.18305130302906036,-0.43423330783843994,-2.2580177783966064
1701114232.007248,0.19218462705612183,-0.4448513984680176,-2.2590980529785156
1701114232.0517814,0.19620755314826965,-0.45242589712142944,-2.2588624954223633
1701114232.0952418,0.19861221313476562,-0.4568786919116974,-2.259535551071167
1701114232.14081,0.19764955341815948,-0.4491639733314514,-2.248150110244751
1701114232.1839397,0.1928555816411972,-0.44792503118515015,-2.2519867420196533
1701114232.227943,0.18838638067245483,-0.44451797008514404,-2.2424850463867188
1701114232.2707555,0.18856534361839294,-0.4519727826118469,-2.246727228164673
1701114232.3140917,0.18855485320091248,-0.455339252948761,-2.250190019607544
1701114232.3590572,0.18661731481552124,-0.4542798697948456,-2.2449610233306885
1701114232.4021442,0.18299292027950287,-0.45027491450309753,-2.2358222007751465
1701114232.443814,0.17850683629512787,-0.4427730441093445,-2.2220306396484375
1701114232.487248,0.17437902092933655,-0.4393272399902344,-2.2243099212646484
1701114232.5327382,0.172713041305542,-0.4302564263343811,-2.2091541290283203
1701114232.57776,0.17343667149543762,-0.4184926450252533,-2.183422803878784
1701114232.6221511,0.17685207724571228,-0.41207456588745117,-2.168874502182007
1701114232.664812,0.17863650619983673,-0.4139597713947296,-2.16918683052063
1701114232.7080162,0.18043845891952515,-0.41516056656837463,-2.1635539531707764
1701114232.7491152,0.18025365471839905,-0.41672268509864807,-2.1610350608825684
1701114232.7897236,0.1793556809425354,-0.4218892455101013,-2.167342185974121
1701114232.8307962,0.17931583523750305,-0.4234301745891571,-2.17166805267334
1701114232.8768737,0.17831312119960785,-0.4214232563972473,-2.167182207107544
1701114232.9188547,0.17730440199375153,-0.4198310673236847,-2.1629931926727295
1701114232.9603052,0.17830778658390045,-0.4242170751094818,-2.1696362495422363
1701114232.9993834,0.1787504404783249,-0.42276230454444885,-2.167513847351074
1701114233.0418382,0.1838735193014145,-0.4240387976169586,-2.1647143363952637
1701114233.0836,0.18647831678390503,-0.4269116222858429,-2.1658589839935303
1701114233.1251397,0.1880406141281128,-0.43160369992256165,-2.1709766387939453
1701114233.1668308,0.18892142176628113,-0.43664848804473877,-2.177945852279663
1701114233.2099075,0.1886257529258728,-0.4512306749820709,-2.21008563041687
1701114233.2539868,0.18598894774913788,-0.45937174558639526,-2.231419801712036
1701114233.295525,0.1831081509590149,-0.46740269660949707,-2.2536027431488037
1701114233.3370712,0.17967700958251953,-0.47558003664016724,-2.2734484672546387
1701114233.3787649,0.17477379739284515,-0.4819604456424713,-2.2932162284851074
1701114233.4197967,0.1687149703502655,-0.4813234806060791,-2.2846388816833496
1701114233.4620082,0.1623302698135376,-0.4764736592769623,-2.2662901878356934
1701114233.502759,0.1573888659477234,-0.4694724380970001,-2.242842674255371
1701114233.5430336,0.15530084073543549,-0.4631783366203308,-2.2188613414764404
1701114233.5846643,0.15788736939430237,-0.45828741788864136,-2.2022314071655273
1701114233.624754,0.16130417585372925,-0.4547940492630005,-2.188413619995117
1701114233.663953,0.1633329540491104,-0.45184406638145447,-2.1779067516326904
1701114233.7068572,0.16545522212982178,-0.4463089108467102,-2.1649417877197266
1701114233.7467532,0.16589035093784332,-0.4447631239891052,-2.1620585918426514
1701114233.7757668,0.16659054160118103,-0.4464612305164337,-2.1679511070251465
1701114233.8039248,0.17704710364341736,-0.4502984583377838,-2.186004877090454
1701114233.8705492,0.18079519271850586,-0.4512454569339752,-2.1921117305755615
1701114233.9031394,0.1831674575805664,-0.45248350501060486,-2.2017691135406494
1701114233.938245,0.1846560835838318,-0.45132893323898315,-2.2039167881011963
1701114233.9703338,0.1849886178970337,-0.4496617615222931,-2.201519012451172
1701114234.0030694,0.18479697406291962,-0.44636428356170654,-2.1966614723205566
1701114234.0392368,0.18341633677482605,-0.4419574737548828,-2.190645456314087
1701114234.0708537,0.17802628874778748,-0.4409613311290741,-2.195577621459961
1701114234.104778,0.17600421607494354,-0.4364941418170929,-2.1895110607147217
1701114234.1372352,0.17486034333705902,-0.43398523330688477,-2.1883738040924072
1701114234.1702366,0.16749101877212524,-0.4326428771018982,-2.1927175521850586
1701114234.205331,0.16324782371520996,-0.43400272727012634,-2.191488742828369
1701114234.237799,0.16197603940963745,-0.43435096740722656,-2.1934239864349365
1701114234.2701895,0.16316893696784973,-0.4391649067401886,-2.1996161937713623
1701114234.305261,0.1638384312391281,-0.4465329051017761,-2.206864595413208
1701114234.3398125,0.16212832927703857,-0.45172417163848877,-2.216550588607788
1701114234.370624,0.16245003044605255,-0.45351576805114746,-2.215223789215088
1701114234.4066732,0.16350537538528442,-0.4572606384754181,-2.2183403968811035
1701114234.439195,0.16617082059383392,-0.4604792296886444,-2.218285322189331
1701114234.4710014,0.16712938249111176,-0.4599681496620178,-2.2162117958068848
1701114234.5057425,0.1682247668504715,-0.45798051357269287,-2.209298849105835
1701114234.5397437,0.1685658097267151,-0.456011027097702,-2.202329635620117
1701114234.572803,0.16925418376922607,-0.4557720720767975,-2.203373670578003
1701114234.6048489,0.16661036014556885,-0.45613664388656616,-2.19905161857605
1701114234.6404154,0.16550713777542114,-0.45525282621383667,-2.1973977088928223
1701114234.6740417,0.16318735480308533,-0.45733579993247986,-2.196303606033325
1701114234.7071686,0.16043291985988617,-0.4589003622531891,-2.1951000690460205
1701114234.7402945,0.15993428230285645,-0.45866286754608154,-2.195387363433838
1701114234.7728937,0.15978673100471497,-0.4564950168132782,-2.1934611797332764
1701114234.8079553,0.16214555501937866,-0.4543302655220032,-2.1919381618499756
1701114234.8405185,0.16469402611255646,-0.45294344425201416,-2.1882991790771484
1701114234.8732197,0.16864249110221863,-0.45090487599372864,-2.1857500076293945
1701114234.9077535,0.17170856893062592,-0.45148202776908875,-2.189568042755127
1701114234.9419763,0.17384561896324158,-0.451418936252594,-2.1933069229125977
1701114234.9758804,0.1760302186012268,-0.4510660171508789,-2.1927199363708496
1701114235.0079143,0.17675451934337616,-0.45300501585006714,-2.2023329734802246
1701114235.0449796,0.17660582065582275,-0.45143768191337585,-2.198406219482422
1701114235.0737734,0.17171868681907654,-0.45199912786483765,-2.1904242038726807
1701114235.1069026,0.1678897738456726,-0.45708757638931274,-2.194523811340332
1701114235.1420395,0.16363179683685303,-0.46294865012168884,-2.205526828765869
1701114235.1760657,0.161648690700531,-0.4667106866836548,-2.212773323059082
1701114235.208158,0.16342253983020782,-0.46822071075439453,-2.219435691833496
1701114235.2404642,0.16662605106830597,-0.46867337822914124,-2.2215499877929688
1701114235.276805,0.16944842040538788,-0.46635711193084717,-2.2214603424072266
1701114235.3070269,0.1721080094575882,-0.4634595215320587,-2.218384027481079
1701114235.342739,0.1754162758588791,-0.4620148241519928,-2.215090751647949
1701114235.3747303,0.17589452862739563,-0.4613748788833618,-2.2116498947143555
1701114235.4084718,0.1745249629020691,-0.4607643783092499,-2.2094759941101074
1701114235.4438064,0.17320267856121063,-0.4615398645401001,-2.214132070541382
1701114235.4767687,0.17200393974781036,-0.46491652727127075,-2.22257399559021
1701114235.5100534,0.1721184104681015,-0.4678621292114258,-2.230494976043701
1701114235.5440931,0.17198121547698975,-0.4702780842781067,-2.236262798309326
1701114235.5888007,0.17085641622543335,-0.4707254469394684,-2.237226963043213
1701114235.6298642,0.17212793231010437,-0.4706796407699585,-2.235816478729248
1701114235.6731234,0.171525776386261,-0.4739413559436798,-2.233210563659668
1701114235.7137399,0.17147012054920197,-0.4737381339073181,-2.235783576965332
1701114235.757864,0.1739739030599594,-0.4688015580177307,-2.228576421737671
1701114235.7972555,0.17479421198368073,-0.4676757752895355,-2.2286298274993896
1701114235.8387916,0.1766793429851532,-0.4664822816848755,-2.2235636711120605
1701114235.8793356,0.17696526646614075,-0.4628056585788727,-2.217766046524048
1701114235.919037,0.17343363165855408,-0.45202407240867615,-2.2068898677825928
1701114235.9633486,0.17084436118602753,-0.44567379355430603,-2.20036244392395
1701114236.0064714,0.16982288658618927,-0.4415179491043091,-2.194969415664673
1701114236.0461254,0.17024551331996918,-0.43952667713165283,-2.1932148933410645
1701114236.088739,0.16266053915023804,-0.4484061598777771,-2.2009172439575195
1701114236.1298954,0.1623389720916748,-0.4545627534389496,-2.208106756210327
1701114236.1742253,0.16244575381278992,-0.461521714925766,-2.219747543334961
1701114236.2134025,0.1618281602859497,-0.4679219126701355,-2.2261974811553955
1701114236.2560594,0.16006550192832947,-0.4748242497444153,-2.2425169944763184
1701114236.298194,0.1585189700126648,-0.4765169322490692,-2.2427971363067627
1701114236.3392534,0.16058790683746338,-0.47458383440971375,-2.2417917251586914
1701114236.3798394,0.1635250598192215,-0.4706011712551117,-2.2378952503204346
1701114236.4223967,0.16475547850131989,-0.46269282698631287,-2.217715263366699
1701114236.463781,0.16460633277893066,-0.4572793245315552,-2.2058653831481934
1701114239.9578755,0.025342930108308792,-0.37423840165138245,-2.1232125759124756
1701114240.0319915,0.03208676725625992,-0.3734612464904785,-2.180701971054077
1701114240.0917614,0.18967697024345398,-0.5331798791885376,-2.2631547451019287
1701114240.1552303,0.1860988438129425,-0.5359666347503662,-2.2455203533172607
1701114240.2158544,0.1848275363445282,-0.5355066657066345,-2.2358016967773438
1701114240.277008,0.188933864235878,-0.5315690636634827,-2.2488813400268555
1701114240.3388016,0.18623000383377075,-0.5293869376182556,-2.2443785667419434
1701114240.380294,0.18433791399002075,-0.5279098153114319,-2.2430827617645264
1701114240.4228675,0.18575535714626312,-0.5275366902351379,-2.245067834854126
1701114240.4649167,0.18401366472244263,-0.5293054580688477,-2.235976219177246
1701114240.5094833,0.18666589260101318,-0.528377115726471,-2.2482948303222656
1701114240.5530407,0.18529574573040009,-0.5304760932922363,-2.2481565475463867
1701114240.597616,0.18333250284194946,-0.5331501960754395,-2.2456319332122803
1701114240.6433804,0.18234016001224518,-0.5383066534996033,-2.24477219581604
1701114240.6839688,0.1825488954782486,-0.5388872027397156,-2.2419350147247314
1701114240.7290368,0.18266507983207703,-0.5381567478179932,-2.239105463027954
1701114240.7746754,0.18275457620620728,-0.5339220762252808,-2.223539113998413
1701114240.8177192,0.18248242139816284,-0.529613196849823,-2.20664119720459
1701114240.8612676,0.18409956991672516,-0.5266504883766174,-2.1998038291931152
1701114240.9078326,0.18242709338665009,-0.5285065770149231,-2.1963143348693848
1701114240.9519007,0.18342985212802887,-0.5308300256729126,-2.2052979469299316
1701114240.9960039,0.1855594515800476,-0.5336090922355652,-2.2131190299987793
1701114241.040046,0.19109797477722168,-0.5336847901344299,-2.213670492172241
1701114241.0805995,0.19247771799564362,-0.5312923192977905,-2.208756923675537
1701114241.1262004,0.19244065880775452,-0.5262483954429626,-2.1961026191711426
1701114241.1686006,0.1883903443813324,-0.517417848110199,-2.1862494945526123
1701114241.210653,0.1852264255285263,-0.5129699110984802,-2.1960511207580566
1701114241.2552187,0.1842484176158905,-0.5105632543563843,-2.20670485496521
1701114241.2982666,0.1851261407136917,-0.5110218524932861,-2.2155203819274902
1701114241.3403063,0.1831953078508377,-0.5135117769241333,-2.223360300064087
1701114241.385883,0.18151012063026428,-0.5161989331245422,-2.225898504257202
1701114241.427924,0.1814897209405899,-0.5164808630943298,-2.237126350402832
1701114241.474528,0.18058958649635315,-0.5172759294509888,-2.2566514015197754
1701114241.5155332,0.1822432577610016,-0.5205980539321899,-2.264291524887085
1701114241.5597627,0.18206994235515594,-0.5213826894760132,-2.263970375061035
1701114241.602336,0.18267032504081726,-0.5221904516220093,-2.2676453590393066
1701114241.6474726,0.18318134546279907,-0.5241121649742126,-2.2633543014526367
1701114241.6940644,0.18355071544647217,-0.5277808308601379,-2.260887384414673
1701114241.7381048,0.1843418926000595,-0.5288621783256531,-2.2657647132873535
1701114241.7801373,0.18521282076835632,-0.5288889408111572,-2.2677838802337646
1701114241.8238423,0.1858958601951599,-0.5289596915245056,-2.263446807861328
1701114241.86531,0.18777689337730408,-0.5282384753227234,-2.263768434524536
1701114241.906338,0.18942891061306,-0.530606746673584,-2.265899181365967
1701114241.9494686,0.19004935026168823,-0.5310925245285034,-2.2586629390716553
1701114241.9930534,0.18953293561935425,-0.5333528518676758,-2.254831075668335
1701114242.0337272,0.18690797686576843,-0.535491943359375,-2.2568583488464355
1701114242.077856,0.1857878565788269,-0.5395357608795166,-2.2676870822906494
1701114242.1212077,0.18847361207008362,-0.541624128818512,-2.2825143337249756
1701114242.1667247,0.18939587473869324,-0.5432062745094299,-2.2880518436431885
1701114242.2098815,0.19032733142375946,-0.5410622954368591,-2.2921271324157715
1701114242.2534256,0.19061557948589325,-0.5391383767127991,-2.288290500640869
1701114242.2970011,0.1926351934671402,-0.5382614135742188,-2.2854981422424316
1701114242.3465836,0.19216573238372803,-0.5358477234840393,-2.274984836578369
1701114242.3891525,0.1917099952697754,-0.5346868634223938,-2.264146566390991
1701114242.4302242,0.19070222973823547,-0.5342788696289062,-2.2578353881835938
1701114242.473784,0.1916457563638687,-0.533660888671875,-2.255228281021118
1701114242.5138292,0.18858440220355988,-0.5326125621795654,-2.25041127204895
1701114242.5598617,0.18560461699962616,-0.5302452445030212,-2.2506842613220215
1701114242.6019335,0.18525704741477966,-0.5275908708572388,-2.254032611846924
1701114242.6464906,0.18745006620883942,-0.5264883637428284,-2.244023561477661
1701114242.6907163,0.18191277980804443,-0.5273947715759277,-2.2233242988586426
1701114242.7297902,0.17665402591228485,-0.5303199291229248,-2.21081805229187
1701114242.7634506,0.17469078302383423,-0.5310012698173523,-2.1994380950927734
1701114242.7940202,0.17549020051956177,-0.5304678082466125,-2.192563056945801
1701114242.8235571,0.17617499828338623,-0.5288748741149902,-2.1908318996429443
1701114242.8530822,0.17511767148971558,-0.5260505676269531,-2.2255990505218506
1701114242.935269,0.17701075971126556,-0.5275378227233887,-2.2379724979400635
1701114242.970389,0.17992345988750458,-0.5277522802352905,-2.235065460205078
1701114243.0019395,0.18301919102668762,-0.5284711718559265,-2.2378392219543457
1701114243.0379925,0.18467867374420166,-0.5271347761154175,-2.228024959564209
1701114243.109212,0.18282102048397064,-0.5255153179168701,-2.212902069091797
1701114243.139747,0.1800880879163742,-0.524715781211853,-2.210134983062744
1701114243.1724572,0.17568184435367584,-0.5227335691452026,-2.2107486724853516
1701114243.203124,0.17386139929294586,-0.5202904939651489,-2.2167019844055176
1701114243.23747,0.17309430241584778,-0.5184569358825684,-2.2232511043548584
1701114243.2702456,0.17521488666534424,-0.5187065005302429,-2.2331416606903076
1701114243.3031607,0.17872506380081177,-0.5188450813293457,-2.242656707763672
1701114243.3372982,0.18160438537597656,-0.5190725326538086,-2.253571033477783
1701114243.3703606,0.18363232910633087,-0.5187022686004639,-2.2558987140655518
1701114243.405402,0.18422287702560425,-0.5198361873626709,-2.2572078704833984
1701114243.4367988,0.18330444395542145,-0.5231309533119202,-2.2584640979766846
1701114243.471832,0.1818360835313797,-0.5255307555198669,-2.255845069885254
1701114243.5058684,0.1818137764930725,-0.5258355140686035,-2.2486281394958496
1701114243.5369356,0.18046534061431885,-0.5263959765434265,-2.2446298599243164
1701114243.5730402,0.17874205112457275,-0.5279802083969116,-2.247300386428833
1701114243.6054614,0.1764599084854126,-0.5300918817520142,-2.2524282932281494
1701114243.6375532,0.1754080057144165,-0.5324388742446899,-2.261505365371704
1701114243.6718235,0.17492733895778656,-0.5349336266517639,-2.2656891345977783
1701114243.7054946,0.1777322143316269,-0.5356414318084717,-2.260312080383301
1701114243.7370355,0.17991727590560913,-0.532110333442688,-2.249072790145874
1701114243.7735143,0.17924441397190094,-0.5297279357910156,-2.237213611602783
1701114243.8057146,0.17953529953956604,-0.5269954204559326,-2.2321925163269043
1701114243.838623,0.1792287975549698,-0.5235284566879272,-2.2272932529449463
1701114243.8737497,0.17894059419631958,-0.5204232931137085,-2.224607229232788
1701114243.9062726,0.1770533174276352,-0.5210422873497009,-2.22186541557312
1701114243.9423294,0.17534534633159637,-0.5216190218925476,-2.221660852432251
1701114243.9719727,0.17499633133411407,-0.52292400598526,-2.223881959915161
1701114244.0064976,0.17372523248195648,-0.5231488943099976,-2.2226402759552
1701114244.0387318,0.17259736359119415,-0.5232924222946167,-2.2216484546661377
1701114244.0738542,0.1705574244260788,-0.5264859199523926,-2.2257750034332275
1701114244.1097267,0.204574316740036,-0.540160596370697,-2.238680601119995
1701114244.1417398,0.19775518774986267,-0.5411226749420166,-2.2399418354034424
1701114244.1758215,0.18885010480880737,-0.5388540029525757,-2.240596294403076
1701114244.2077365,0.1812729835510254,-0.536387026309967,-2.23757004737854
1701114244.2419152,0.17380128800868988,-0.5348198413848877,-2.2293338775634766
1701114244.2748787,0.1687552034854889,-0.5328898429870605,-2.2246482372283936
1701114244.3074017,0.16467000544071198,-0.531653642654419,-2.2202651500701904
1701114244.3423076,0.16093355417251587,-0.5313377380371094,-2.218390464782715
1701114244.3729093,0.15796907246112823,-0.5316498875617981,-2.217724561691284
1701114244.4084637,0.1594734489917755,-0.5302197933197021,-2.2177491188049316
1701114244.441672,0.16129933297634125,-0.5265845060348511,-2.219930648803711
1701114244.4759343,0.16415062546730042,-0.5218279361724854,-2.2178115844726562
1701114244.507721,0.16534695029258728,-0.5191262364387512,-2.2149670124053955
1701114244.542984,0.16614581644535065,-0.5180931687355042,-2.21842885017395
1701114244.5855293,0.16764336824417114,-0.516848087310791,-2.2194671630859375
1701114244.6268482,0.1697400063276291,-0.5178905725479126,-2.22879695892334
1701114244.6685162,0.17207767069339752,-0.5182915329933167,-2.2388529777526855
1701114244.71067,0.17538407444953918,-0.5183722376823425,-2.2488598823547363
1701114244.7503707,0.2380739003419876,-0.5301669836044312,-2.2516939640045166
1701114244.7917306,0.22830501198768616,-0.5255422592163086,-2.2586562633514404
1701114244.8348494,0.21720564365386963,-0.5222500562667847,-2.262706756591797
1701114244.876035,0.20749369263648987,-0.5190936326980591,-2.2609803676605225
1701114244.917732,0.19762757420539856,-0.5175395607948303,-2.262695074081421
1701114244.9598796,0.19029299914836884,-0.5177350044250488,-2.2617902755737305
1701114245.004145,0.18611010909080505,-0.516486406326294,-2.2608580589294434
1701114245.0482235,0.18560299277305603,-0.51509028673172,-2.260073661804199
1701114245.0897884,0.18680521845817566,-0.5156224370002747,-2.261394739151001
1701114245.12917,0.18742209672927856,-0.515410840511322,-2.2585701942443848
1701114245.1708808,0.188765749335289,-0.5149479508399963,-2.25691556930542
A coordinates: 0.11901649 0.18656203
B coordinates: -0.19031692 -0.1666513
