1697746761.8693707,0.5198974013328552,-0.327059805393219,-1.3666532039642334
1697746761.968698,0.5232810378074646,-0.33039289712905884,-1.3822758197784424
1697746762.085604,0.5221385359764099,-0.3217428922653198,-1.3839629888534546
1697746762.1593947,0.5232903957366943,-0.3185109794139862,-1.3931314945220947
1697746762.2274606,0.5264105200767517,-0.3188362419605255,-1.395388126373291
1697746762.296414,0.5277220010757446,-0.3172134757041931,-1.398428201675415
1697746762.3384721,0.5288314819335938,-0.3162749111652374,-1.3974382877349854
1697746762.3801448,0.5300310254096985,-0.3155289590358734,-1.401049256324768
1697746762.422208,0.5327129364013672,-0.3166535794734955,-1.4030832052230835
1697746762.4638693,0.5336815714836121,-0.3201708495616913,-1.4083383083343506
1697746762.5054767,0.5309137105941772,-0.3218929171562195,-1.4087014198303223
1697746762.5462024,0.5290662050247192,-0.3231857120990753,-1.4087189435958862
1697746762.588871,0.527181088924408,-0.3236008882522583,-1.4079029560089111
1697746762.6314652,0.5239055752754211,-0.3236406445503235,-1.405571699142456
1697746762.6738825,0.5228086709976196,-0.323873370885849,-1.4038715362548828
1697746762.719136,0.5239216685295105,-0.326676607131958,-1.401094913482666
1697746762.7607863,0.5247995257377625,-0.32883450388908386,-1.397664189338684
1697746762.8033304,0.5237649083137512,-0.32994791865348816,-1.3952494859695435
1697746762.8430333,0.5221660733222961,-0.3292371332645416,-1.3972162008285522
1697746762.885134,0.523589015007019,-0.33278658986091614,-1.4035147428512573
1697746762.9272158,0.5259536504745483,-0.3351636826992035,-1.4076820611953735
1697746762.968411,0.530582845211029,-0.33607855439186096,-1.4121681451797485
1697746763.0103652,0.5320518612861633,-0.3337726593017578,-1.4130210876464844
1697746763.0534196,0.533778727054596,-0.3328966498374939,-1.4122365713119507
1697746763.0953248,0.5355958342552185,-0.3329096734523773,-1.4119471311569214
1697746763.136896,0.5368081331253052,-0.3314830958843231,-1.4099557399749756
1697746763.1775012,0.5375401377677917,-0.33102947473526,-1.40736985206604
1697746763.2198982,0.5375460982322693,-0.3303248882293701,-1.4031869173049927
1697746763.2606728,0.538136899471283,-0.33026131987571716,-1.3976845741271973
1697746763.3032289,0.5396133661270142,-0.33287209272384644,-1.3861767053604126
1697746763.3422406,0.5374428629875183,-0.3326113522052765,-1.3787219524383545
1697746763.3834207,0.5356512665748596,-0.3338446021080017,-1.3732846975326538
1697746763.423901,0.5322101712226868,-0.3352760076522827,-1.367092251777649
1697746763.4654584,0.5264704823493958,-0.3363600969314575,-1.364188313484192
1697746763.5083623,0.5239382982254028,-0.3368164002895355,-1.3661022186279297
1697746763.5514972,0.5216498374938965,-0.33685171604156494,-1.3696621656417847
1697746763.5930743,0.5207418203353882,-0.3371405601501465,-1.3719204664230347
1697746763.6353507,0.5200091600418091,-0.33757850527763367,-1.3733861446380615
1697746763.6736946,0.5207919478416443,-0.33757784962654114,-1.3726080656051636
1697746763.7054102,0.5211324691772461,-0.3370901942253113,-1.3707778453826904
1697746763.735043,0.5214940905570984,-0.33621349930763245,-1.3688706159591675
1697746763.7637632,0.523436963558197,-0.336127370595932,-1.367545247077942
1697746763.795332,0.5259180665016174,-0.3379918336868286,-1.3694027662277222
1697746763.8294246,0.5267121195793152,-0.3393270969390869,-1.3693033456802368
1697746763.8639789,0.5282524228096008,-0.3425082564353943,-1.3734804391860962
1697746763.8975215,0.5303365588188171,-0.34507113695144653,-1.3771041631698608
1697746763.9298723,0.5315079092979431,-0.34611034393310547,-1.3784295320510864
1697746763.9624333,0.5321156978607178,-0.34649306535720825,-1.3800089359283447
1697746763.9965467,0.5313859581947327,-0.3470062017440796,-1.3775843381881714
1697746764.0301144,0.5301798582077026,-0.34635603427886963,-1.37440025806427
1697746764.0626738,0.5286922454833984,-0.344551682472229,-1.3708629608154297
1697746764.0959349,0.527069091796875,-0.3445743918418884,-1.369711995124817
1697746764.1298852,0.5257739424705505,-0.34359320998191833,-1.37190580368042
1697746764.163457,0.5245509147644043,-0.341924786567688,-1.3747997283935547
1697746764.1982923,0.5232648849487305,-0.33962303400039673,-1.377799153327942
1697746764.2308123,0.5221295356750488,-0.3386765122413635,-1.3794808387756348
1697746764.2643692,0.5219902396202087,-0.3382910490036011,-1.3808774948120117
1697746764.3054726,0.5222420692443848,-0.3390803337097168,-1.3805118799209595
1697746764.335468,0.5228872299194336,-0.3399660587310791,-1.3798037767410278
1697746764.3651512,0.522418200969696,-0.3398386836051941,-1.3777306079864502
1697746764.3972216,0.5223777890205383,-0.33815473318099976,-1.3761262893676758
1697746764.4323518,0.5218356251716614,-0.33665743470191956,-1.3726073503494263
1697746764.466468,0.5219854116439819,-0.3354370594024658,-1.3709286451339722
1697746764.4980445,0.5220902562141418,-0.33533716201782227,-1.3705525398254395
1697746764.5336242,0.5214858055114746,-0.3359615206718445,-1.3685377836227417
1697746764.5637712,0.5216609239578247,-0.33660656213760376,-1.3689451217651367
1697746764.598392,0.5216997861862183,-0.3372216522693634,-1.3680535554885864
1697746764.6306882,0.5226120352745056,-0.3378726541996002,-1.3681564331054688
1697746764.663467,0.522786557674408,-0.33760523796081543,-1.3683178424835205
1697746764.698295,0.5242871642112732,-0.33818045258522034,-1.3685117959976196
1697746764.7304256,0.5258373618125916,-0.3386153280735016,-1.3661487102508545
1697746764.7661474,0.5281910300254822,-0.33854174613952637,-1.3657429218292236
1697746764.799233,0.5302132368087769,-0.34019094705581665,-1.3670371770858765
1697746764.8335779,0.5307028293609619,-0.34122198820114136,-1.365999460220337
1697746764.8661907,0.5306609272956848,-0.34203875064849854,-1.365179181098938
1697746764.9002852,0.5316567420959473,-0.3410230278968811,-1.3652068376541138
1697746764.932833,0.5335348844528198,-0.34018224477767944,-1.36850106716156
1697746764.9653928,0.536672830581665,-0.34076622128486633,-1.3743963241577148
1697746764.9991937,0.5393127799034119,-0.3414292633533478,-1.378427267074585
1697746765.0324016,0.5392952561378479,-0.34104111790657043,-1.3800326585769653
1697746765.065971,0.5392919182777405,-0.34022748470306396,-1.3802690505981445
1697746765.1005394,0.5373520851135254,-0.33915844559669495,-1.3775418996810913
1697746765.13509,0.5357038974761963,-0.340187132358551,-1.3790587186813354
1697746765.1668248,0.5339004397392273,-0.34111377596855164,-1.3802073001861572
1697746765.1999004,0.5311355590820312,-0.34131863713264465,-1.3813480138778687
1697746765.2324386,0.527770459651947,-0.34023985266685486,-1.381203293800354
1697746765.2665253,0.524213969707489,-0.3389400839805603,-1.3822098970413208
1697746765.3014464,0.5232673287391663,-0.33831432461738586,-1.3853346109390259
1697746765.335041,0.5229671001434326,-0.3383994698524475,-1.3880549669265747
1697746765.3686504,0.5235129594802856,-0.3372997045516968,-1.3907864093780518
1697746765.4003003,0.5237293839454651,-0.33619770407676697,-1.3920481204986572
1697746765.433376,0.5225821137428284,-0.33429160714149475,-1.393110990524292
1697746765.4714317,0.5216758847236633,-0.3334251940250397,-1.395159363746643
1697746765.5033822,0.5193830728530884,-0.3318910598754883,-1.3940287828445435
1697746765.5364778,0.5175319314002991,-0.33081042766571045,-1.3937957286834717
1697746765.5705912,0.5176202058792114,-0.332291841506958,-1.3966695070266724
1697746765.603168,0.5192345976829529,-0.3330262005329132,-1.4005935192108154
1697746765.6373518,0.5191249847412109,-0.332755446434021,-1.4017812013626099
1697746765.670599,0.5206795334815979,-0.33215489983558655,-1.4041780233383179
1697746765.702162,0.5202863216400146,-0.32980817556381226,-1.4045114517211914
1697746765.7369118,0.5188643932342529,-0.32798826694488525,-1.4010224342346191
1697746765.7714725,0.5196797251701355,-0.32462894916534424,-1.4034940004348755
1697746765.805039,0.516741156578064,-0.32148030400276184,-1.3986979722976685
1697746765.8366039,0.5154119729995728,-0.31937265396118164,-1.3989958763122559
1697746765.8714375,0.5136992931365967,-0.3170599937438965,-1.4004663228988647
1697746765.9051125,0.5135046243667603,-0.31586331129074097,-1.4026923179626465
1697746765.9369905,0.5133043527603149,-0.31605181097984314,-1.4029290676116943
1697746765.9705477,0.512444257736206,-0.31366798281669617,-1.4001495838165283
1697746766.0053453,0.5125772953033447,-0.31465867161750793,-1.3992465734481812
1697746766.0383756,0.5123551487922668,-0.3159483075141907,-1.3987724781036377
1697746766.0714326,0.5112606287002563,-0.3161967992782593,-1.396539568901062
1697746766.106594,0.5112103819847107,-0.31768420338630676,-1.3955366611480713
1697746766.1381428,0.5133594274520874,-0.31922224164009094,-1.3959934711456299
1697746766.1731312,0.5167427659034729,-0.3219384551048279,-1.3997257947921753
1697746766.2044246,0.5184195637702942,-0.3248291611671448,-1.3987678289413452
1697746766.2395496,0.5183247923851013,-0.3261471092700958,-1.3988126516342163
1697746766.2730827,0.5160654783248901,-0.3253976106643677,-1.3991914987564087
1697746766.3051364,0.5154556632041931,-0.32400259375572205,-1.399384617805481
1697746766.3405402,0.5145617723464966,-0.3222121596336365,-1.3997129201889038
1697746766.372133,0.5140241384506226,-0.3216327428817749,-1.4000107049942017
1697746766.406955,0.5152067542076111,-0.3219863176345825,-1.4000321626663208
1697746766.440533,0.5169849991798401,-0.3217577338218689,-1.3988662958145142
1697746766.4726698,0.5202606916427612,-0.31923729181289673,-1.3955368995666504
1697746766.5213907,0.5218750238418579,-0.31551113724708557,-1.3889931440353394
1697746766.5625696,0.5224534869194031,-0.312518447637558,-1.3823330402374268
1697746766.6050978,0.5222902297973633,-0.31065061688423157,-1.3780111074447632
1697746766.647306,0.5193397998809814,-0.3100457787513733,-1.3705872297286987
1697746766.6870658,0.5192469954490662,-0.3121917247772217,-1.3701671361923218
1697746766.7275484,0.5172219276428223,-0.3142331540584564,-1.3732496500015259
1697746766.7723205,0.5164440274238586,-0.3164503574371338,-1.3769757747650146
1697746766.8126497,0.5154581069946289,-0.3193221986293793,-1.3842703104019165
1697746766.855434,0.5143954753875732,-0.320070743560791,-1.3892548084259033
1697746766.8965044,0.5135672688484192,-0.3199782967567444,-1.3922882080078125
1697746766.9383392,0.51237952709198,-0.3191434144973755,-1.393627643585205
1697746766.9804094,0.5106877684593201,-0.31976455450057983,-1.3963626623153687
1697746767.0226798,0.5127769112586975,-0.31941530108451843,-1.3968607187271118
1697746783.022542,0.025359660387039185,-0.2905718684196472,-1.3209428787231445
1697746783.1004753,0.04048102721571922,-0.22281742095947266,-1.1138535737991333
1697746783.1772661,0.02011137455701828,-0.270548015832901,-1.1053122282028198
1697746783.2409928,0.023545054718852043,-0.27207112312316895,-1.1201658248901367
1697746783.2967746,0.01943715289235115,-0.2849816083908081,-1.1085233688354492
1697746783.3423522,0.019520903006196022,-0.2883126139640808,-1.114518404006958
1697746783.3885002,0.01756172999739647,-0.29117870330810547,-1.0981781482696533
1697746783.433279,0.0218981821089983,-0.2914081811904907,-1.1060316562652588
1697746783.4861836,0.020711049437522888,-0.2914857864379883,-1.085648775100708
1697746783.5295749,0.02393675595521927,-0.29017406702041626,-1.097894310951233
1697746783.5736036,0.02689174748957157,-0.28985971212387085,-1.1088716983795166
1697746783.6184278,0.026536239311099052,-0.2941662669181824,-1.1120820045471191
1697746783.661039,0.027341725304722786,-0.2926380932331085,-1.1147106885910034
1697746783.7055955,0.03208206221461296,-0.28193917870521545,-1.1117627620697021
1697746783.7467504,0.03297870233654976,-0.2748885154724121,-1.1050794124603271
1697746783.7902992,0.03408321738243103,-0.27088624238967896,-1.1034001111984253
1697746783.8353543,0.03333406150341034,-0.26723727583885193,-1.0962464809417725
1697746783.8793883,0.030735168606042862,-0.25722137093544006,-1.0706254243850708
1697746783.9230757,0.030066298320889473,-0.25044670701026917,-1.056060791015625
1697746783.9658709,0.03108828142285347,-0.24378976225852966,-1.048723816871643
1697746784.0615988,0.03335234522819519,-0.23972786962985992,-1.0473226308822632
1697746784.1053038,0.03250105679035187,-0.25611066818237305,-1.0669450759887695
1697746784.1476421,0.028310995548963547,-0.26722314953804016,-1.0808027982711792
1697746784.1897492,0.024857819080352783,-0.27242085337638855,-1.0915991067886353
1697746784.231437,0.022227607667446136,-0.27362385392189026,-1.1011109352111816
1697746784.2735066,0.021394971758127213,-0.27396726608276367,-1.1142289638519287
1697746784.3165843,0.022006778046488762,-0.2731342911720276,-1.1204978227615356
1697746784.3586476,0.02323211170732975,-0.27418074011802673,-1.1267410516738892
1697746784.3993356,0.024973351508378983,-0.27487415075302124,-1.133129596710205
1697746784.4404895,0.028616029769182205,-0.27363017201423645,-1.140906810760498
1697746784.483685,0.03085627779364586,-0.26859110593795776,-1.1425436735153198
1697746784.5144153,0.032908111810684204,-0.2653108537197113,-1.1470752954483032
1697746784.5439413,0.03544546663761139,-0.2616114914417267,-1.1505241394042969
1697746784.574485,0.03625514730811119,-0.25713756680488586,-1.1460357904434204
1697746784.6040983,0.03668627142906189,-0.2554047405719757,-1.1494512557983398
1697746784.6372092,0.036264568567276,-0.2552887797355652,-1.153078556060791
1697746784.66928,0.035754840821027756,-0.2546306550502777,-1.1560921669006348
1697746784.7013566,0.035297688096761703,-0.25403478741645813,-1.1601520776748657
1697746784.7354364,0.034848302602767944,-0.25303027033805847,-1.1628482341766357
1697746784.7679732,0.03322146087884903,-0.25380924344062805,-1.165592908859253
1697746784.8039908,0.031944047659635544,-0.2555321156978607,-1.1680365800857544
1697746784.8345141,0.03085077926516533,-0.2578172981739044,-1.1673476696014404
1697746784.8691163,0.02969495952129364,-0.2607414126396179,-1.1648513078689575
1697746784.9053037,0.02834741771221161,-0.26383882761001587,-1.161612629890442
1697746784.9367964,0.02688860334455967,-0.26663318276405334,-1.158105492591858
1697746784.9693174,0.025886960327625275,-0.2694849371910095,-1.1550332307815552
1697746785.0040488,0.025521188974380493,-0.2717033326625824,-1.1519620418548584
1697746785.035127,0.025449657812714577,-0.2726595997810364,-1.1481772661209106
1697746785.0702493,0.0259918961673975,-0.27280905842781067,-1.1446661949157715
1697746785.1032906,0.026952305808663368,-0.2729620039463043,-1.141276478767395
1697746785.1380363,0.028137393295764923,-0.27191269397735596,-1.1378282308578491
1697746785.1700933,0.028726421296596527,-0.2718234956264496,-1.1352171897888184
1697746785.2041593,0.029025383293628693,-0.27149274945259094,-1.1330639123916626
1697746785.236767,0.028716836124658585,-0.27119123935699463,-1.1314350366592407
1697746785.271342,0.028435684740543365,-0.27013400197029114,-1.129828929901123
1697746785.3030133,0.028230983763933182,-0.2682431936264038,-1.128629446029663
1697746785.3365889,0.02792540192604065,-0.2673754096031189,-1.1279511451721191
1697746785.3728316,0.028015756979584694,-0.2670581340789795,-1.1279455423355103
1697746785.403517,0.028429627418518066,-0.26720404624938965,-1.1285992860794067
1697746785.4386048,0.02889491245150566,-0.26704633235931396,-1.129841923713684
1697746785.4701583,0.029792869463562965,-0.26602673530578613,-1.1298428773880005
1697746785.5057447,0.030707020312547684,-0.26428666710853577,-1.1343330144882202
1697746785.537879,0.03156885877251625,-0.26240676641464233,-1.1337826251983643
1697746785.5704181,0.03281864896416664,-0.26165106892585754,-1.1368745565414429
1697746785.6061733,0.03327345848083496,-0.2605735957622528,-1.1376127004623413
1697746785.6387093,0.03303870931267738,-0.2596224844455719,-1.138418197631836
1697746785.6735923,0.03254985809326172,-0.2588171660900116,-1.139033317565918
1697746785.7054052,0.0321042500436306,-0.2586086690425873,-1.1376063823699951
1697746785.7379832,0.03194010257720947,-0.25942298769950867,-1.136130452156067
1697746785.7735043,0.032074350863695145,-0.2608931064605713,-1.1353808641433716
1697746785.8055782,0.031885191798210144,-0.26205116510391235,-1.1345068216323853
1697746785.8384078,0.031567808240652084,-0.2638309895992279,-1.134338140487671
1697746785.8719587,0.03142561763525009,-0.26555919647216797,-1.1341617107391357
1697746785.906218,0.03157646209001541,-0.2671979069709778,-1.1337355375289917
1697746785.9403088,0.03201302886009216,-0.2687625288963318,-1.1333612203598022
1697746785.97535,0.03252960741519928,-0.2689466178417206,-1.1321179866790771
1697746786.0284245,0.03289403021335602,-0.2693088948726654,-1.1302070617675781
1697746786.0629702,0.033194418996572495,-0.2690396308898926,-1.1287444829940796
1697746786.098542,0.033639974892139435,-0.268787682056427,-1.1274012327194214
1697746786.1296418,0.034379422664642334,-0.2673180401325226,-1.1250582933425903
1697746786.160793,0.03470281511545181,-0.2658862769603729,-1.123708724975586
1697746786.1908154,0.03510406240820885,-0.26491788029670715,-1.1230571269989014
1697746786.2231603,0.035888925194740295,-0.26474231481552124,-1.1221563816070557
1697746786.2527304,0.03682602196931839,-0.2640099823474884,-1.1216975450515747
1697746786.282128,0.03723287954926491,-0.26375487446784973,-1.1224610805511475
1697746786.3254104,0.03698190674185753,-0.2637687027454376,-1.1241406202316284
1697746786.367455,0.03724817559123039,-0.26320353150367737,-1.1254241466522217
1697746786.4110293,0.03635343164205551,-0.2623034119606018,-1.1266039609909058
1697746786.4554608,0.03514396771788597,-0.2606794536113739,-1.1270419359207153
1697746786.499206,0.035333067178726196,-0.25880786776542664,-1.1313903331756592
1697746786.5432866,0.03601304441690445,-0.2573449909687042,-1.1345008611679077
1697746786.586693,0.037625718861818314,-0.2532183527946472,-1.134252905845642
1697746786.6265736,0.038809873163700104,-0.25176548957824707,-1.1332142353057861
1697746786.6706512,0.03945885971188545,-0.2507767975330353,-1.132947325706482
1697746786.7112527,0.03932470828294754,-0.25010305643081665,-1.1340731382369995
1697746786.7533097,0.03845556825399399,-0.24975721538066864,-1.1351970434188843
1697746786.7928436,0.03753345459699631,-0.25007352232933044,-1.1360596418380737
1697746786.833907,0.03638017922639847,-0.250998854637146,-1.134628415107727
1697746786.8784769,0.03509286046028137,-0.2521129846572876,-1.1307978630065918
1697746786.9210417,0.034234967082738876,-0.253867506980896,-1.1276578903198242
1697746786.9631293,0.03461308032274246,-0.25379809737205505,-1.1252696514129639
1697746787.0037146,0.03516717627644539,-0.2535908818244934,-1.123268961906433
1697746787.0436795,0.03594137728214264,-0.25288084149360657,-1.121698260307312
1697746787.0872314,0.033202096819877625,-0.25503674149513245,-1.119320034980774
1697746787.1258733,0.030548222362995148,-0.25678062438964844,-1.1163935661315918
1697746787.1689267,0.028343966230750084,-0.2589002251625061,-1.1151096820831299
1697746787.2091742,0.027010362595319748,-0.2606944441795349,-1.1142446994781494
1697746787.2508128,0.02556634694337845,-0.2626973092556,-1.11012864112854
1697746787.2939584,0.02603255957365036,-0.26340845227241516,-1.1092442274093628
1697746787.3374922,0.026576172560453415,-0.26324790716171265,-1.1103814840316772
1697746787.3775203,0.02716931700706482,-0.2633136510848999,-1.1108578443527222
1697746787.4190543,0.02812858670949936,-0.2646751403808594,-1.1122957468032837
1697746787.4586186,0.028167705982923508,-0.2649644911289215,-1.1134412288665771
1697746787.4941723,0.027414770796895027,-0.2654310464859009,-1.1144764423370361
1697746787.5262287,0.02722989022731781,-0.26488497853279114,-1.1146235466003418
1697746787.5542727,0.027401313185691833,-0.26335886120796204,-1.1139577627182007
1697746787.58345,0.027435146272182465,-0.26093247532844543,-1.1085584163665771
1697746787.6124957,0.028417322784662247,-0.2606970965862274,-1.110594630241394
1697746787.6465304,0.02828632853925228,-0.2575027644634247,-1.100205898284912
1697746787.6810727,0.02791251242160797,-0.2550140619277954,-1.0934805870056152
1697746787.7121565,0.028097037225961685,-0.2542980909347534,-1.0938537120819092
1697746787.7472308,0.027969790622591972,-0.25587379932403564,-1.0976483821868896
1697746787.779773,0.02736113965511322,-0.25816622376441956,-1.100555658340454
1697746787.8153536,0.02677900344133377,-0.2596132755279541,-1.1018953323364258
1697746787.8469033,0.02625894919037819,-0.261219322681427,-1.1035515069961548
1697746787.8804765,0.02530822902917862,-0.2631674110889435,-1.105345606803894
1697746787.9155102,0.024685729295015335,-0.26420101523399353,-1.1068495512008667
1697746787.948114,0.023673083633184433,-0.2648439109325409,-1.1085023880004883
1697746787.981369,0.023446764796972275,-0.2648123502731323,-1.1103788614273071
1697746788.0140128,0.02385442703962326,-0.2649610936641693,-1.112320065498352
1697746788.0470502,0.024214355275034904,-0.2642725706100464,-1.1121535301208496
1697746788.0815716,0.024976659566164017,-0.26299190521240234,-1.111913800239563
1697746788.1144931,0.025805514305830002,-0.26219281554222107,-1.112272024154663
1697746788.1506894,0.026344535872340202,-0.2614143192768097,-1.1129889488220215
1697746788.1812127,0.026688657701015472,-0.26139065623283386,-1.1132323741912842
1697746788.2152574,0.026831239461898804,-0.26235589385032654,-1.1142162084579468
1697746792.4611123,0.02252853661775589,-0.2558278739452362,-1.1918153762817383
1697746792.5304782,0.021953582763671875,-0.2514186203479767,-1.1722643375396729
1697746792.6006064,0.018192294985055923,-0.2506404221057892,-1.1458326578140259
1697746792.6681914,0.018512960523366928,-0.24858807027339935,-1.1357085704803467
1697746792.7097657,0.019725792109966278,-0.2447078973054886,-1.1359306573867798
1697746792.7554374,0.020003117620944977,-0.24129357933998108,-1.133690595626831
1697746792.7975845,0.020852692425251007,-0.23942574858665466,-1.1347178220748901
1697746792.8431761,0.021426014602184296,-0.23648180067539215,-1.133723497390747
1697746792.8862813,0.022451870143413544,-0.23648232221603394,-1.1420714855194092
1697746792.9306774,0.02139255404472351,-0.23863950371742249,-1.143951654434204
1697746792.9774237,0.019363639876246452,-0.2421657145023346,-1.138431429862976
1697746793.0236585,0.01849297061562538,-0.2447575330734253,-1.1359740495681763
1697746793.0692036,0.020076975226402283,-0.2490977644920349,-1.1372060775756836
1697746793.1113248,0.021884314715862274,-0.2512306272983551,-1.138513445854187
1697746793.1555893,0.02274826541543007,-0.2512780427932739,-1.137805461883545
1697746793.2042472,0.0217975452542305,-0.2523524761199951,-1.1362608671188354
1697746793.2515523,0.020960934460163116,-0.25117528438568115,-1.134186863899231
1697746793.2986362,0.0198763906955719,-0.249657541513443,-1.1354306936264038
1697746793.3433955,0.01987885683774948,-0.24960388243198395,-1.1374975442886353
1697746793.390457,0.02048555761575699,-0.2498326152563095,-1.1381844282150269
1697746793.4381847,0.022363075986504555,-0.2475995421409607,-1.1420503854751587
1697746793.4804964,0.023446932435035706,-0.24551263451576233,-1.1441962718963623
1697746793.5227726,0.02457626909017563,-0.24386592209339142,-1.1450518369674683
1697746793.564374,0.02454826608300209,-0.243591770529747,-1.1453512907028198
1697746793.6054685,0.02665269747376442,-0.2437179833650589,-1.1473900079727173
1697746793.6476324,0.02763914316892624,-0.24464169144630432,-1.1474040746688843
1697746793.6894505,0.028692705556750298,-0.24546979367733002,-1.1464409828186035
1697746793.7415442,0.03071443736553192,-0.24522002041339874,-1.1435918807983398
1697746793.7876136,0.03141497075557709,-0.2432028204202652,-1.1411949396133423
1697746793.8281884,0.03195583075284958,-0.24163168668746948,-1.1389822959899902
1697746793.8723884,0.033225513994693756,-0.23700062930583954,-1.13724946975708
1697746793.9186416,0.033406417816877365,-0.2350853532552719,-1.1377968788146973
1697746793.9573877,0.03383732959628105,-0.23356354236602783,-1.1388254165649414
1697746793.998561,0.03451366722583771,-0.232793390750885,-1.139806866645813
1697746794.0431128,0.03459426760673523,-0.23407027125358582,-1.1420994997024536
1697746794.0866737,0.03428269922733307,-0.23684532940387726,-1.1442506313323975
1697746794.115208,0.03432150185108185,-0.2379326969385147,-1.145713210105896
1697746794.1473875,0.032783109694719315,-0.23880089819431305,-1.1466954946517944
1697746794.1769145,0.03170814737677574,-0.23937314748764038,-1.1481359004974365
1697746794.2094395,0.029728863388299942,-0.24029935896396637,-1.148525595664978
1697746794.2389634,0.028558459132909775,-0.24061517417430878,-1.147632122039795
1697746794.2705595,0.027608659118413925,-0.24116915464401245,-1.1466856002807617
1697746794.3017118,0.026878338307142258,-0.24159125983715057,-1.146066665649414
1697746794.336652,0.02650722675025463,-0.24095696210861206,-1.145029067993164
1697746794.370391,0.026707783341407776,-0.2398362159729004,-1.143829107284546
1697746794.4039261,0.027069931849837303,-0.23827360570430756,-1.142555832862854
1697746794.4443746,0.027174806222319603,-0.23651516437530518,-1.1417436599731445
1697746794.4738986,0.027353938668966293,-0.2366352528333664,-1.1421372890472412
1697746794.5055637,0.027468115091323853,-0.23713159561157227,-1.1430124044418335
1697746794.5370238,0.02805975079536438,-0.2367989420890808,-1.1440770626068115
1697746794.5716035,0.028783980756998062,-0.2366306185722351,-1.1447978019714355
1697746794.604157,0.03074934147298336,-0.235220804810524,-1.1457252502441406
1697746794.6382184,0.033162832260131836,-0.23630215227603912,-1.1473033428192139
1697746794.6713853,0.03522748127579689,-0.2350178360939026,-1.147437334060669
1697746794.7044554,0.0370299369096756,-0.23846442997455597,-1.1473007202148438
1697746794.736626,0.03543468564748764,-0.24550861120224,-1.1457533836364746
1697746794.7716987,0.0328531339764595,-0.25533270835876465,-1.1446356773376465
1697746794.803273,0.03357601910829544,-0.26181429624557495,-1.1410419940948486
1697746794.8403585,0.03556127846240997,-0.26492756605148315,-1.1370142698287964
1697746794.8718936,0.03820503503084183,-0.26434415578842163,-1.132834553718567
1697746794.9039743,0.0404425747692585,-0.26089438796043396,-1.1278506517410278
1697746794.9388988,0.04076865315437317,-0.258205771446228,-1.1252113580703735
1697746794.971648,0.04049139469861984,-0.2589736580848694,-1.1241258382797241
1697746795.0056007,0.03738079220056534,-0.2559388279914856,-1.1229232549667358
1697746795.038177,0.03051632270216942,-0.2510058879852295,-1.124682903289795
1697746795.0727425,0.022450502961874008,-0.24975213408470154,-1.1290268898010254
1697746795.1063867,0.01581869088113308,-0.25088146328926086,-1.1320970058441162
1697746795.1389403,0.01239223312586546,-0.25018128752708435,-1.1357684135437012
1697746795.173579,0.0109370993450284,-0.24735641479492188,-1.1358250379562378
1697746795.206621,0.011745350435376167,-0.24378828704357147,-1.1334744691848755
1697746795.2396662,0.011820420622825623,-0.24143308401107788,-1.131496548652649
1697746795.272943,0.012339353561401367,-0.24149583280086517,-1.132581114768982
1697746795.308525,0.012774994596838951,-0.24352407455444336,-1.135024070739746
1697746795.340611,0.013593398965895176,-0.2481926679611206,-1.1383137702941895
1697746795.3741655,0.015219328925013542,-0.2577645182609558,-1.1402252912521362
1697746795.4073544,0.01726885326206684,-0.2658616900444031,-1.1425983905792236
1697746795.4393919,0.020586933940649033,-0.2701696753501892,-1.14077627658844
1697746795.4739306,0.026939082890748978,-0.2699598968029022,-1.13687264919281
1697746795.5065553,0.034140728414058685,-0.2684640884399414,-1.132063388824463
1697746795.5406702,0.040895964950323105,-0.2650530934333801,-1.1264947652816772
1697746795.5722194,0.04589010775089264,-0.26140475273132324,-1.121032476425171
1697746795.6075048,0.048825956881046295,-0.2566624879837036,-1.116733431816101
1697746795.640734,0.04900607839226723,-0.252702534198761,-1.1142566204071045
1697746795.6729128,0.04823727160692215,-0.2518617808818817,-1.1148077249526978
1697746795.7091858,0.045046888291835785,-0.25446921586990356,-1.1166093349456787
1697746795.7417414,0.0387134775519371,-0.2593460977077484,-1.1182461977005005
1697746795.7753832,0.029466740787029266,-0.2662213444709778,-1.1206368207931519
1697746795.8074741,0.02116411179304123,-0.27343815565109253,-1.1280726194381714
1697746795.8417141,0.013698993250727654,-0.27908140420913696,-1.1345489025115967
1697746795.8754053,0.008690674789249897,-0.28169044852256775,-1.1373038291931152
1697746795.9231684,0.006505765952169895,-0.2759138345718384,-1.1357289552688599
1697746795.9640613,0.004664557054638863,-0.268071711063385,-1.1360422372817993
1697746796.0059683,0.005201631225645542,-0.25324884057044983,-1.1347311735153198
1697746796.0470903,0.01429028157144785,-0.2364172637462616,-1.1314294338226318
1697746796.0896568,0.021086513996124268,-0.2333751618862152,-1.1301602125167847
1697746796.1314158,0.0252391304820776,-0.23274679481983185,-1.1301164627075195
1697746796.1734445,0.027978353202342987,-0.2333831787109375,-1.1308718919754028
1697746796.2164922,0.02841721847653389,-0.2294279783964157,-1.131212830543518
1697746796.259197,0.025700557976961136,-0.227279394865036,-1.1312862634658813
1697746796.300269,0.023187212646007538,-0.22705860435962677,-1.1317520141601562
1697746796.3454401,0.020782625302672386,-0.22788220643997192,-1.1323832273483276
1697746796.386702,0.018746212124824524,-0.22870808839797974,-1.1316113471984863
1697746796.4274101,0.019866008311510086,-0.2293413132429123,-1.1294878721237183
1697746796.4704716,0.021211881190538406,-0.22912000119686127,-1.1271908283233643
1697746796.5112863,0.02253270149230957,-0.22848254442214966,-1.125551462173462
1697746796.555404,0.02359168604016304,-0.2283858209848404,-1.1221814155578613
1697746796.5962076,0.023490604013204575,-0.22968116402626038,-1.1214087009429932
1697746796.6373143,0.021951038390398026,-0.23172304034233093,-1.120461344718933
1697746796.6784031,0.020003274083137512,-0.23845741152763367,-1.1160889863967896
1697746796.7209408,0.015631182119250298,-0.261037677526474,-1.1083588600158691
1697746796.7620108,0.014237537980079651,-0.2694706320762634,-1.1094779968261719
1697746796.8045895,0.014416836202144623,-0.27051106095314026,-1.1105362176895142
1697746796.8446522,0.015307939611375332,-0.2650911211967468,-1.1093266010284424
1697746796.887451,0.019476860761642456,-0.25184789299964905,-1.1120719909667969
1697746796.9299977,0.01593172177672386,-0.2425086349248886,-1.1271061897277832
1697746796.9898443,0.008238234557211399,-0.24254289269447327,-1.144325613975525
1697746797.0314038,-0.0005009118467569351,-0.2416749894618988,-1.1671531200408936
1697746797.0721047,-0.009412017650902271,-0.2399517148733139,-1.1953816413879395
1697746797.111424,-0.01721302792429924,-0.23589587211608887,-1.225250244140625
1697746797.1535084,-0.02837284281849861,-0.21110697090625763,-1.272312045097351
1697746797.1925619,-0.032972242683172226,-0.19424286484718323,-1.3007009029388428
1697746797.234101,-0.034733448177576065,-0.17469699680805206,-1.3198271989822388
1697746797.275374,-0.034039776772260666,-0.15885381400585175,-1.3355417251586914
1697746797.316526,-0.027348708361387253,-0.13827702403068542,-1.3589122295379639
1697746797.3596022,-0.017924465239048004,-0.13512854278087616,-1.3645917177200317
1697746797.4015293,-0.008691254071891308,-0.13688966631889343,-1.36977219581604
1697746797.4446468,0.001212097704410553,-0.14592012763023376,-1.3762892484664917
1697746797.488811,0.014405506663024426,-0.15826210379600525,-1.4124430418014526
1697746797.529387,0.015288683585822582,-0.16434890031814575,-1.4398791790008545
1697746797.570291,0.0155623285099864,-0.16776344180107117,-1.4674959182739258
1697746797.6109657,0.01277959905564785,-0.16843433678150177,-1.4925079345703125
1697746797.653065,0.003212728537619114,-0.1726115196943283,-1.5214834213256836
1697746797.6891098,-0.008516810834407806,-0.17743469774723053,-1.5250437259674072
1697746801.58257,-0.06412258744239807,-0.06547892093658447,-2.2706873416900635
1697746801.6536427,-0.040890902280807495,-0.07261298596858978,-2.308168649673462
1697746801.7177296,-0.024266716092824936,-0.07669740170240402,-2.314460515975952
1697746801.7808218,-0.02547616697847843,-0.07435500621795654,-2.3020458221435547
1697746801.8463237,-0.02557593584060669,-0.05721369385719299,-2.324383020401001
1697746801.9124968,-0.043571941554546356,-0.0769919827580452,-2.3554461002349854
1697746801.9781208,-0.09044825285673141,-0.09589166939258575,-2.3954319953918457
1697746802.0466998,-0.10968007892370224,-0.10544296354055405,-2.369985818862915
1697746802.1060095,-0.1553817242383957,-0.10729851573705673,-2.4197194576263428
1697746802.1491241,-0.18404294550418854,-0.12064655870199203,-2.457974910736084
1697746802.1910248,-0.21119916439056396,-0.13155023753643036,-2.4798872470855713
1697746802.2355866,-0.20850533246994019,-0.08145446330308914,-2.3219048976898193
1697746802.2794485,-0.21263089776039124,-0.0331905260682106,-2.2485477924346924
1697746802.322045,-0.23477143049240112,0.009266451001167297,-2.2021234035491943
1697746802.3621216,-0.2538847029209137,0.04250746965408325,-2.1515536308288574
1697746802.4071648,-0.29153919219970703,0.08678589761257172,-2.0382423400878906
1697746802.448593,-0.31063374876976013,0.10832778364419937,-1.9737722873687744
1697746802.4896393,-0.32905080914497375,0.12965385615825653,-1.933477520942688
1697746802.5313745,-0.345699280500412,0.14715754985809326,-1.899916648864746
1697746802.572428,-0.3843279182910919,0.1749802827835083,-1.852806806564331
1697746802.6139174,-0.40487003326416016,0.178606778383255,-1.8649483919143677
1697746802.6574626,-0.4319206774234772,0.18587352335453033,-1.8658630847930908
1697746802.6985254,-0.47611403465270996,0.1944790780544281,-1.8961831331253052
1697746802.7410731,-0.523768961429596,0.21339815855026245,-1.9026391506195068
1697746802.7831643,-0.5423312187194824,0.21916989982128143,-1.918846607208252
1697746802.8239284,-0.5520808696746826,0.22297707200050354,-1.9290722608566284
1697746802.870558,-0.5694993734359741,0.22823888063430786,-1.938996434211731
1697746802.9096432,-0.5702919960021973,0.23770734667778015,-1.962952733039856
1697746802.9552052,-0.5701626539230347,0.24839812517166138,-1.9786008596420288
1697746802.995523,-0.569517970085144,0.25826355814933777,-1.9851239919662476
1697746803.0371182,-0.5178201794624329,0.2847248911857605,-1.99776029586792
1697746803.0782576,-0.5119637846946716,0.29694464802742004,-1.9666521549224854
1697746803.1216326,-0.5188711285591125,0.30077114701271057,-1.8842471837997437
1697746803.1624095,-0.5212663412094116,0.29585006833076477,-1.7492904663085938
1697746803.203524,-0.5601158738136292,0.2921600937843323,-1.6317890882492065
1697746803.2434862,-0.5703005194664001,0.27326133847236633,-1.5256999731063843
1697746803.2855458,-0.6216912269592285,0.254912406206131,-1.4300857782363892
1697746803.3270981,-0.6610142588615417,0.24793356657028198,-1.350793719291687
1697746803.3691494,-0.7308984398841858,0.24460630118846893,-1.3271301984786987
1697746803.4106445,-0.8945191502571106,0.2537156641483307,-1.2934520244598389
1697746803.4524338,-0.8630820512771606,0.2238541543483734,-1.0498899221420288
1697746803.492527,-0.7455564737319946,0.212260901927948,-0.9814542531967163
1697746803.537987,-0.6612423658370972,0.21843305230140686,-1.0066770315170288
1697746803.5800576,-0.5746253132820129,0.2324625551700592,-1.0921928882598877
1697746803.6206036,-0.5987133383750916,0.29198482632637024,-1.4721202850341797
1697746803.660705,-0.5771079659461975,0.30174094438552856,-1.5020792484283447
1697746803.7014,-0.5609029531478882,0.3052758574485779,-1.5007904767990112
1697746803.7423718,-0.5037788152694702,0.30983424186706543,-1.5864776372909546
1697746803.782422,-0.47595539689064026,0.30501750111579895,-1.5699880123138428
1697746803.8236463,-0.4458436369895935,0.29926589131355286,-1.527983546257019
1697746803.8652081,-0.417074590921402,0.2931581735610962,-1.4836019277572632
1697746803.8939288,-0.3888706564903259,0.2888680398464203,-1.4493292570114136
1697746803.924018,-0.36215201020240784,0.2870059311389923,-1.4254801273345947
1697746803.9525938,-0.33504828810691833,0.2873496413230896,-1.408253788948059
1697746803.9824653,-0.3077835142612457,0.29024216532707214,-1.397931694984436
1697746804.010497,-0.27847376465797424,0.2949775457382202,-1.388301134109497
1697746804.0405679,-0.25016775727272034,0.30122148990631104,-1.382649540901184
1697746804.0697706,-0.2206510305404663,0.30641573667526245,-1.3739047050476074
1697746804.1053276,-0.1937551498413086,0.31079766154289246,-1.3699270486831665
1697746804.1364286,-0.19848188757896423,0.28141164779663086,-1.3630774021148682
1697746804.172574,-0.1991763412952423,0.2518627345561981,-1.3648194074630737
1697746804.203491,-0.19305099546909332,0.21769435703754425,-1.3710817098617554
1697746804.2375686,-0.18170565366744995,0.17787234485149384,-1.376605749130249
1697746804.271106,-0.16194647550582886,0.14778095483779907,-1.3834002017974854
1697746804.3052614,-0.1529017835855484,0.11797839403152466,-1.3949719667434692
1697746804.3368149,-0.14687247574329376,0.09515147656202316,-1.4038113355636597
1697746804.37227,-0.14578790962696075,0.07537702471017838,-1.4149965047836304
1697746804.405344,-0.14681416749954224,0.05762884020805359,-1.4278627634048462
1697746804.4384522,-0.13265360891819,0.04932820051908493,-1.4338726997375488
1697746804.470519,-0.11378724873065948,0.049378830939531326,-1.4337023496627808
1697746804.5156264,-0.0904826670885086,0.05233704298734665,-1.430219054222107
1697746804.545665,-0.0700836330652237,0.05750866234302521,-1.4266300201416016
1697746804.5752008,-0.06873532384634018,0.04970023036003113,-1.4281188249588013
1697746804.6042447,-0.06734415143728256,0.05431729555130005,-1.4253509044647217
1697746804.6380084,-0.06863455474376678,0.05039981007575989,-1.4249144792556763
1697746804.6741118,-0.07149937748908997,0.04875201731920242,-1.4244149923324585
1697746804.7052524,-0.07173354923725128,0.054348692297935486,-1.4201983213424683
1697746804.739202,-0.06952368468046188,0.04969725012779236,-1.4177350997924805
1697746804.7737334,-0.06695511937141418,0.04533146321773529,-1.414841651916504
1697746804.8063836,-0.06379831582307816,0.03984088823199272,-1.4145995378494263
1697746804.8394399,-0.06029435247182846,0.03323562443256378,-1.4131349325180054
1697746804.8724794,-0.055766452103853226,0.029712535440921783,-1.409616470336914
1697746804.907027,-0.051146380603313446,0.028266198933124542,-1.4060344696044922
1697746804.9405904,-0.045212820172309875,0.02953503653407097,-1.4013439416885376
1697746804.9721367,-0.03954646736383438,0.03241785615682602,-1.3969088792800903
1697746805.0117157,-0.03507978096604347,0.03600300848484039,-1.3926652669906616
1697746805.0462866,-0.031119348481297493,0.039632298052310944,-1.3896491527557373
1697746805.0758557,-0.028379596769809723,0.042010597884655,-1.387296438217163
1697746805.1055708,-0.02738852985203266,0.042319800704717636,-1.3843557834625244
1697746805.1396608,-0.02889719232916832,0.04132182151079178,-1.3821122646331787
1697746805.1731007,-0.03172964230179787,0.03832852840423584,-1.3787544965744019
1697746805.2072399,-0.03573134168982506,0.03292318433523178,-1.374531865119934
1697746805.2423162,-0.040296923369169235,0.025009017437696457,-1.36967134475708
1697746805.2738752,-0.04596962779760361,0.014533983543515205,-1.3628008365631104
1697746805.3074849,-0.05188565328717232,0.004399549216032028,-1.3539228439331055
1697746805.3400173,-0.05689777061343193,-0.006534303538501263,-1.3443471193313599
1697746805.3745644,-0.06170141324400902,-0.0171849112957716,-1.3347766399383545
1697746805.4086564,-0.0650424063205719,-0.0266684889793396,-1.3253146409988403
1697746805.4417262,-0.06610335409641266,-0.0345974825322628,-1.3164269924163818
1697746805.476452,-0.0683334618806839,-0.041392773389816284,-1.3078645467758179
1697746805.5095408,-0.07054011523723602,-0.047287486493587494,-1.3005497455596924
1697746805.542445,-0.07404483109712601,-0.052511751651763916,-1.2947455644607544
1697746805.5760398,-0.07871610671281815,-0.057571858167648315,-1.2883615493774414
1697746805.610694,-0.08084407448768616,-0.06299056112766266,-1.281845211982727
1697746805.64278,-0.0819292888045311,-0.06819462776184082,-1.2754790782928467
1697746805.6764357,-0.08352150768041611,-0.0719926655292511,-1.2681260108947754
1697746805.7105443,-0.0846814513206482,-0.07604053616523743,-1.2612061500549316
1697746805.744067,-0.0853777527809143,-0.07940370589494705,-1.2548631429672241
1697746805.7772038,-0.08636026829481125,-0.08209427446126938,-1.2498670816421509
1697746805.8107548,-0.08756134659051895,-0.0875772163271904,-1.2697640657424927
1697746805.8453276,-0.08704571425914764,-0.09417542815208435,-1.311889886856079
1697746805.878252,-0.08660747110843658,-0.09897667169570923,-1.3585337400436401
1697746805.9105542,-0.0842290148139,-0.10157129168510437,-1.4053525924682617
1697746805.945583,-0.08090265840291977,-0.10616673529148102,-1.438331961631775
1697746805.9786406,-0.07972055673599243,-0.11010965704917908,-1.4675285816192627
1697746806.0111854,-0.0808793157339096,-0.11461646109819412,-1.4777729511260986
1697746806.0443065,-0.08417129516601562,-0.11723360419273376,-1.4806044101715088
1697746806.0789218,-0.08835063129663467,-0.11891163885593414,-1.480333924293518
1697746806.1236532,-0.09054820239543915,-0.12014324963092804,-1.4766266345977783
1697746806.167707,-0.0896839126944542,-0.12347337603569031,-1.474975824356079
1697746806.210753,-0.08598222583532333,-0.12560024857521057,-1.486250400543213
1697746806.255893,-0.07829665392637253,-0.12444311380386353,-1.511316180229187
1697746806.2959745,-0.07095904648303986,-0.12123217433691025,-1.5245851278305054
1697746806.3395603,-0.06432309001684189,-0.11625749617815018,-1.5381933450698853
1697746806.380793,-0.05953657999634743,-0.10851385444402695,-1.5414340496063232
1697746806.4223862,-0.05113285407423973,-0.10192514210939407,-1.5374259948730469
1697746806.4645002,-0.04767879098653793,-0.10124538838863373,-1.5224406719207764
1697746806.50905,-0.04400717839598656,-0.09966658055782318,-1.5104784965515137
1697746806.5496693,-0.03478829562664032,-0.09410162270069122,-1.5138435363769531
1697746806.593479,-0.03164081647992134,-0.09136408567428589,-1.5319169759750366
1697746806.63656,-0.029056286439299583,-0.08460400253534317,-1.5500370264053345
1697746806.6766562,-0.02599000371992588,-0.07607752084732056,-1.5639880895614624
1697746809.7264404,-0.051202356815338135,0.0298032034188509,-1.5802395343780518
1697746809.7969882,-0.06698954105377197,0.023554649204015732,-1.6441158056259155
1697746809.8573582,-0.06494447588920593,0.0223123487085104,-1.6812727451324463
1697746809.9144363,-0.053647350519895554,0.027399245649576187,-1.6351498365402222
1697746809.9734542,-0.05292554572224617,0.02619471400976181,-1.643202543258667
1697746810.037903,-0.048191655427217484,0.02334580011665821,-1.626022458076477
1697746810.101995,-0.04598588868975639,0.021975144743919373,-1.6318976879119873
1697746810.1425223,-0.04844607040286064,0.02615179307758808,-1.6436491012573242
1697746810.1871037,-0.05023105442523956,0.03008873574435711,-1.653381586074829
1697746810.230204,-0.04471028223633766,0.040480781346559525,-1.6472846269607544
1697746810.2742758,-0.03480962663888931,0.047975435853004456,-1.628358006477356
1697746810.3193698,-0.023627983406186104,0.054928798228502274,-1.6083683967590332
1697746810.362459,-0.01206359826028347,0.06597068160772324,-1.5869876146316528
1697746810.405393,-0.011573873460292816,0.07173594832420349,-1.5835018157958984
1697746810.4464467,-0.012686772271990776,0.07927995175123215,-1.579715609550476
1697746810.4910245,-0.014707250520586967,0.08659033477306366,-1.5765188932418823
1697746810.5345728,-0.01786341518163681,0.09607896953821182,-1.5719536542892456
1697746810.5759056,-0.021601246669888496,0.10038264840841293,-1.5707095861434937
1697746810.6215386,-0.024654220789670944,0.10414694249629974,-1.5698719024658203
1697746810.6636188,-0.026208871975541115,0.11171604692935944,-1.563601016998291
1697746810.7056732,-0.027760935947299004,0.1145213320851326,-1.5691148042678833
1697746810.7470167,-0.02666608616709709,0.11775141209363937,-1.5714051723480225
1697746810.7890468,-0.02355383150279522,0.12106961011886597,-1.5690977573394775
1697746810.8288524,-0.018671328201889992,0.12536406517028809,-1.5613934993743896
1697746810.8714712,-0.012445643544197083,0.13532181084156036,-1.5493125915527344
1697746810.9126892,-0.007097659632563591,0.13920997083187103,-1.5429800748825073
1697746810.9553566,-0.003525499254465103,0.14404571056365967,-1.5408966541290283
1697746810.9984415,0.0037865862250328064,0.15338805317878723,-1.5359289646148682
1697746811.040031,0.007138071581721306,0.157623291015625,-1.5347543954849243
1697746811.0810776,0.010043555870652199,0.1611456423997879,-1.5335760116577148
1697746811.1257346,0.011121075600385666,0.1646912693977356,-1.5328220129013062
1697746811.169351,0.012627365067601204,0.17367470264434814,-1.541014552116394
1697746811.2119415,0.01622171513736248,0.17826880514621735,-1.542140007019043
1697746811.2556286,0.020398594439029694,0.18306861817836761,-1.542979121208191
1697746811.296898,0.02508048340678215,0.1887829750776291,-1.541831612586975
1697746811.339464,0.04130713641643524,0.19657789170742035,-1.554581880569458
1697746811.3867438,0.05444496497511864,0.2003198266029358,-1.5564466714859009
1697746811.425942,0.06672225892543793,0.20749971270561218,-1.5640969276428223
1697746811.4689734,0.08959425985813141,0.22216250002384186,-1.5637892484664917
1697746811.5130045,0.10302734375,0.23084788024425507,-1.5577811002731323
1697746811.5579636,0.11655578017234802,0.23809102177619934,-1.5628447532653809
1697746811.602034,0.1401509940624237,0.24224036931991577,-1.5733879804611206
1697746811.6414998,0.14588624238967896,0.2319420427083969,-1.5584404468536377
1697746811.6841233,0.15205805003643036,0.2189086526632309,-1.5554766654968262
1697746811.7267146,0.15902027487754822,0.20478001236915588,-1.552693247795105
1697746811.7699032,0.1753932535648346,0.17797739803791046,-1.551882028579712
1697746811.8114555,0.1812278926372528,0.16051875054836273,-1.5497984886169434
1697746811.8538918,0.18729174137115479,0.14434801042079926,-1.5490649938583374
1697746811.883442,0.19746564328670502,0.1268334835767746,-1.5501186847686768
1697746811.912996,0.20380201935768127,0.11323434114456177,-1.53233802318573
1697746811.9425583,0.2065581977367401,0.10049830377101898,-1.5049551725387573
1697746811.9721088,0.21140360832214355,0.08391797542572021,-1.4795260429382324
1697746812.004656,0.21505577862262726,0.06637680530548096,-1.4444334506988525
1697746812.0364404,0.2223322093486786,0.05192333087325096,-1.419651746749878
1697746812.067505,0.23668073117733002,0.041026521474123,-1.4066150188446045
1697746812.0983994,0.25320136547088623,0.0332949236035347,-1.402625560760498
1697746812.1339695,0.26972684264183044,0.02578655630350113,-1.3997056484222412
1697746812.1700466,0.28357595205307007,0.016062527894973755,-1.392615556716919
1697746812.202591,0.29653486609458923,0.003974469844251871,-1.3871530294418335
1697746812.233623,0.31165966391563416,-0.00899627897888422,-1.386110544204712
1697746812.2664497,0.327606737613678,-0.02173079364001751,-1.3884081840515137
1697746812.2974794,0.34153473377227783,-0.03305355831980705,-1.3909015655517578
1697746812.3321342,0.35263827443122864,-0.043750274926424026,-1.391828179359436
1697746812.3652768,0.3583952784538269,-0.0525667630136013,-1.3917016983032227
1697746812.3992662,0.36085808277130127,-0.06011758744716644,-1.3873376846313477
1697746812.4329078,0.36056631803512573,-0.06693129241466522,-1.377517819404602
1697746812.4665015,0.35721179842948914,-0.07192465662956238,-1.3641016483306885
1697746812.499644,0.35333454608917236,-0.07638315856456757,-1.3500398397445679
1697746812.533553,0.349396675825119,-0.07958182692527771,-1.336424469947815
1697746812.56859,0.3460353910923004,-0.08058670908212662,-1.3246921300888062
1697746812.5999236,0.3441218137741089,-0.07915309816598892,-1.3156013488769531
1697746812.6345618,0.3438885509967804,-0.07668714970350266,-1.3100659847259521
1697746812.665707,0.34339043498039246,-0.07391015440225601,-1.3132003545761108
1697746812.70074,0.34439343214035034,-0.0698842853307724,-1.3214222192764282
1697746812.733835,0.34793880581855774,-0.06634799391031265,-1.333357810974121
1697746812.7669072,0.35185545682907104,-0.06244981288909912,-1.3476283550262451
1697746812.7992876,0.3565605580806732,-0.05966228246688843,-1.3627125024795532
1697746812.8343778,0.36047571897506714,-0.05804315581917763,-1.3770204782485962
1697746812.86748,0.36106613278388977,-0.05801467224955559,-1.3896405696868896
1697746812.9005558,0.36022213101387024,-0.060791030526161194,-1.3999770879745483
1697746812.9336112,0.3578934967517853,-0.06682518869638443,-1.4144282341003418
1697746813.0032585,0.3546978235244751,-0.07404325902462006,-1.4166226387023926
1697746813.0363917,0.3512866199016571,-0.0796353742480278,-1.4172394275665283
1697746813.069294,0.3480418920516968,-0.08337187021970749,-1.4173167943954468
1697746813.1014447,0.34636107087135315,-0.08584614843130112,-1.4163459539413452
1697746813.1355402,0.34622544050216675,-0.08654052019119263,-1.4143617153167725
1697746813.1686363,0.34489724040031433,-0.08568888902664185,-1.4128426313400269
1697746813.2017152,0.3413236141204834,-0.08446820080280304,-1.4122037887573242
1697746813.2353942,0.33737385272979736,-0.0837559625506401,-1.4133363962173462
1697746813.2694466,0.3353874087333679,-0.08546694368124008,-1.4153187274932861
1697746813.303149,0.3317779302597046,-0.0852963924407959,-1.419284701347351
1697746813.3343756,0.33134084939956665,-0.08597633242607117,-1.4240326881408691
1697746813.3684402,0.3312419652938843,-0.08519839495420456,-1.4279848337173462
1697746813.402538,0.32940760254859924,-0.08074472099542618,-1.4314790964126587
1697746813.4375007,0.327878475189209,-0.07332129776477814,-1.4324415922164917
1697746813.4715736,0.3271549344062805,-0.06548986583948135,-1.4308719635009766
1697746813.5036361,0.3233545422554016,-0.05665717273950577,-1.4278995990753174
1697746813.5370603,0.3176102042198181,-0.04772721976041794,-1.4220890998840332
1697746813.5706391,0.3117801249027252,-0.037413861602544785,-1.4150583744049072
1697746813.6029098,0.3080877661705017,-0.027239739894866943,-1.408477783203125
1697746813.6375363,0.30565014481544495,-0.017987415194511414,-1.4008821249008179
1697746813.670782,0.3034643530845642,-0.009377598762512207,-1.3913129568099976
1697746813.716413,0.3023887574672699,-0.00339474156498909,-1.3799164295196533
1697746813.7614427,0.29817795753479004,0.014678796753287315,-1.3623995780944824
1697746813.8055594,0.29245829582214355,0.03274182975292206,-1.3490865230560303
1697746813.8481255,0.27458450198173523,0.038821589201688766,-1.3420222997665405
1697746813.8863437,0.2598208785057068,0.02766876295208931,-1.345428466796875
1697746813.9174187,0.24547427892684937,0.012858062982559204,-1.3557217121124268
1697746813.947554,0.23647183179855347,-0.002758217742666602,-1.3679949045181274
1697746813.9771078,0.2321145236492157,-0.01614389941096306,-1.3778351545333862
1697746814.0076678,0.23153606057167053,-0.02428453229367733,-1.3819448947906494
1697746814.0387232,0.23093830049037933,-0.029291346669197083,-1.3854856491088867
1697746814.0732696,0.2275901734828949,-0.024871328845620155,-1.3841365575790405
1697746814.107547,0.21990099549293518,-0.015918169170618057,-1.3810089826583862
1697746814.1385717,0.21130579710006714,-0.002240487840026617,-1.3763256072998047
1697746814.1756895,0.20514798164367676,0.01333024725317955,-1.372152328491211
1697746814.2057276,0.19985570013523102,0.02735651098191738,-1.3684531450271606
1697746814.2397795,0.19589316844940186,0.03697189688682556,-1.3683537244796753
1697746814.2739117,0.19188354909420013,0.04358154162764549,-1.3698451519012451
1697746814.306493,0.188296839594841,0.048314157873392105,-1.3721808195114136
1697746814.3396416,0.18469172716140747,0.052489981055259705,-1.375853180885315
1697746814.373768,0.17969585955142975,0.05480713024735451,-1.3811200857162476
1697746814.4075599,0.17630551755428314,0.0584748350083828,-1.385812759399414
1697746814.439633,0.17622795701026917,0.06052747741341591,-1.390555739402771
1697746814.47533,0.17474989593029022,0.06051931530237198,-1.3985685110092163
1697746814.5063539,0.17134341597557068,0.056848715990781784,-1.4096423387527466
1697746814.540416,0.166925847530365,0.053308166563510895,-1.421816349029541
1697746814.573939,0.16343633830547333,0.05059533938765526,-1.433480978012085
1697746814.6075146,0.1642426699399948,0.05131785199046135,-1.4404875040054321
1697746814.6517782,0.16621047258377075,0.05614664405584335,-1.4440226554870605
1697746814.683297,0.16881786286830902,0.06109374389052391,-1.4503079652786255
1697746814.7143052,0.17154449224472046,0.06870033591985703,-1.4537380933761597
1697746814.7464197,0.1748274564743042,0.07917974889278412,-1.4538912773132324
1697746814.7769887,0.17659462988376617,0.08737912029027939,-1.4585641622543335
1697746814.807587,0.1767071783542633,0.09468201547861099,-1.4621386528015137
1697746814.8410923,0.17028269171714783,0.09299905598163605,-1.470960021018982
1697746814.8746357,0.15567335486412048,0.07744225859642029,-1.4829058647155762
A coordinates: 0.030808713 -1.120084
B coordinates: 0.022970553 -1.1402655
