1701278721.2866833,0.29977691173553467,-0.3627588748931885,-1.4707719087600708
1701278721.3703485,0.3011845350265503,-0.3661538064479828,-1.4475224018096924
1701278721.4705384,0.3025415241718292,-0.3681808412075043,-1.4390462636947632
1701278721.553174,0.29916247725486755,-0.3675142526626587,-1.4338301420211792
1701278721.5837796,0.29767948389053345,-0.36548104882240295,-1.4337533712387085
1701278721.613443,0.29635465145111084,-0.36481693387031555,-1.4335600137710571
1701278721.6459823,0.2939068377017975,-0.36526015400886536,-1.4331951141357422
1701278721.6797307,0.29028138518333435,-0.36513370275497437,-1.4313942193984985
1701278721.7119527,0.2869420051574707,-0.36406409740448,-1.4310671091079712
1701278721.7491603,0.2856268882751465,-0.3617405295372009,-1.43009352684021
1701278721.7797194,0.2849888801574707,-0.35945481061935425,-1.4298059940338135
1701278721.8138306,0.2851187288761139,-0.35725638270378113,-1.4311704635620117
1701278721.8489654,0.28543251752853394,-0.354941189289093,-1.4321348667144775
1701278721.880524,0.28570374846458435,-0.35277727246284485,-1.432405948638916
1701278721.9140868,0.2860226035118103,-0.3514791429042816,-1.4330440759658813
1701278721.9462006,0.2864139974117279,-0.3509441316127777,-1.4341036081314087
1701278721.9815042,0.2870098948478699,-0.350541353225708,-1.4350850582122803
1701278722.014562,0.2881365120410919,-0.35047420859336853,-1.4356366395950317
1701278722.049083,0.28904056549072266,-0.3504204750061035,-1.435149908065796
1701278722.0816274,0.2893509864807129,-0.35055088996887207,-1.4341169595718384
1701278722.1141999,0.28931742906570435,-0.3513178825378418,-1.4328536987304688
1701278722.147553,0.2891221344470978,-0.35208240151405334,-1.431654930114746
1701278722.183125,0.2888149619102478,-0.3527018129825592,-1.4311702251434326
1701278722.2159257,0.28796130418777466,-0.35334035754203796,-1.4308515787124634
1701278722.2494493,0.28702688217163086,-0.35356512665748596,-1.4309933185577393
1701278722.2829804,0.2868790030479431,-0.3538757264614105,-1.4313225746154785
1701278722.314082,0.2871553599834442,-0.3544778823852539,-1.432018518447876
1701278722.3481514,0.28732115030288696,-0.35589835047721863,-1.4309182167053223
1701278722.3827202,0.28695017099380493,-0.35759437084198,-1.4290741682052612
1701278722.4163327,0.28572002053260803,-0.3601685166358948,-1.4281117916107178
1701278722.4486692,0.28494754433631897,-0.36199602484703064,-1.428775429725647
1701278722.481382,0.28599491715431213,-0.361653208732605,-1.4318201541900635
1701278722.5173764,0.2867767810821533,-0.35982948541641235,-1.4328330755233765
1701278722.5508983,0.28759530186653137,-0.35816729068756104,-1.4337817430496216
1701278722.5839877,0.2883499562740326,-0.35597047209739685,-1.433063268661499
1701278722.6181247,0.28881603479385376,-0.3535001873970032,-1.432065725326538
1701278722.6506808,0.2888505458831787,-0.35163646936416626,-1.4310781955718994
1701278722.6837919,0.28888362646102905,-0.3501259386539459,-1.4302459955215454
1701278722.7156286,0.2892848551273346,-0.3484920561313629,-1.4289275407791138
1701278722.7527022,0.290238618850708,-0.34723079204559326,-1.42826247215271
1701278722.7854185,0.2905077338218689,-0.3467850685119629,-1.4282513856887817
1701278722.8180273,0.2913499176502228,-0.347309410572052,-1.4276831150054932
1701278722.8530865,0.2922387719154358,-0.3480583429336548,-1.427588939666748
1701278722.885031,0.2937606871128082,-0.34875842928886414,-1.4277998208999634
1701278722.9192228,0.2946895360946655,-0.3495795726776123,-1.427396535873413
1701278722.950751,0.2946303188800812,-0.3507516086101532,-1.4272198677062988
1701278722.9854133,0.2940044403076172,-0.352161705493927,-1.4272453784942627
1701278723.0189698,0.2935808598995209,-0.3532170355319977,-1.4267940521240234
1701278723.0515227,0.29267174005508423,-0.354859322309494,-1.4257501363754272
1701278723.086106,0.2922189235687256,-0.35519593954086304,-1.4253220558166504
1701278723.1186187,0.2922515869140625,-0.3549562394618988,-1.4242215156555176
1701278723.1506798,0.29293644428253174,-0.3535812497138977,-1.4218775033950806
1701278723.1845145,0.29334279894828796,-0.3520781695842743,-1.4212695360183716
1701278723.221584,0.29288673400878906,-0.3515194058418274,-1.4203156232833862
1701278723.2531254,0.2931743860244751,-0.3518935441970825,-1.421168327331543
1701278723.286675,0.29345786571502686,-0.35171380639076233,-1.4221150875091553
1701278723.3192,0.2933700680732727,-0.3513353765010834,-1.4223226308822632
1701278723.3530526,0.2941868305206299,-0.35147371888160706,-1.4233098030090332
1701278723.3886912,0.2950593829154968,-0.3516356945037842,-1.4249212741851807
1701278723.4212859,0.2953486442565918,-0.3518963158130646,-1.4265223741531372
1701278723.4559777,0.2954772710800171,-0.3522087037563324,-1.4280287027359009
1701278723.4876397,0.2956199049949646,-0.3522181212902069,-1.4291261434555054
1701278723.522725,0.2955077290534973,-0.3518812954425812,-1.4295341968536377
1701278723.554173,0.2953800559043884,-0.35112935304641724,-1.4297032356262207
1701278723.58891,0.29454120993614197,-0.3506797254085541,-1.428971529006958
1701278723.6220078,0.29405367374420166,-0.35065704584121704,-1.4278396368026733
1701278723.6541994,0.2941220998764038,-0.3510105311870575,-1.4263272285461426
1701278723.689032,0.29488781094551086,-0.35154253244400024,-1.4248301982879639
1701278723.7241025,0.2953600585460663,-0.352283239364624,-1.4239866733551025
1701278723.7558117,0.295915424823761,-0.35326677560806274,-1.4230355024337769
1701278723.7898743,0.2969949543476105,-0.3542497754096985,-1.422602891921997
1701278723.8238888,0.2972152829170227,-0.3551635444164276,-1.42219078540802
1701278723.857107,0.29742300510406494,-0.35593855381011963,-1.4221417903900146
1701278723.8895152,0.29794248938560486,-0.35669681429862976,-1.422346591949463
1701278723.9230525,0.2978125810623169,-0.3567182421684265,-1.423293948173523
1701278723.9551446,0.2978920042514801,-0.35584917664527893,-1.4242546558380127
1701278723.9890432,0.2975475788116455,-0.35496121644973755,-1.4245307445526123
1701278724.0231295,0.297596275806427,-0.353318452835083,-1.4264723062515259
1701278724.0581672,0.29792267084121704,-0.3529658615589142,-1.4260146617889404
1701278724.0902572,0.29720211029052734,-0.3523297607898712,-1.425613284111023
1701278724.124306,0.29791659116744995,-0.3520005941390991,-1.427488088607788
1701278724.1588767,0.29833146929740906,-0.35210564732551575,-1.4278368949890137
1701278724.1899197,0.29847586154937744,-0.3528743088245392,-1.4284905195236206
1701278724.2249432,0.29846659302711487,-0.3536809980869293,-1.4290077686309814
1701278724.2581036,0.2983124256134033,-0.35438621044158936,-1.4290776252746582
1701278724.2901049,0.29802119731903076,-0.35472726821899414,-1.4288609027862549
1701278724.3247178,0.2980350852012634,-0.3546734154224396,-1.4284319877624512
1701278724.3578522,0.2975749373435974,-0.354451060295105,-1.4279192686080933
1701278724.3919177,0.2973514795303345,-0.3542407155036926,-1.4273568391799927
1701278724.425208,0.2967304289340973,-0.3545963168144226,-1.4267926216125488
1701278724.4593089,0.29682281613349915,-0.3551177382469177,-1.4265943765640259
1701278724.49304,0.29738497734069824,-0.35600438714027405,-1.4279015064239502
1701278724.5280647,0.2977466285228729,-0.35725921392440796,-1.4286259412765503
1701278724.5691166,0.2979503870010376,-0.35824379324913025,-1.4287776947021484
1701278724.598015,0.29860204458236694,-0.3587666451931,-1.4282816648483276
1701278724.6281486,0.29963573813438416,-0.3594547212123871,-1.4270613193511963
1701278724.6586878,0.3002777397632599,-0.3595697581768036,-1.4255924224853516
1701278724.6942363,0.30052754282951355,-0.3587677776813507,-1.42546808719635
1701278724.7274606,0.3001320958137512,-0.35777175426483154,-1.4252650737762451
1701278724.7600157,0.2995443344116211,-0.35713881254196167,-1.4241759777069092
1701278724.7942004,0.29908287525177,-0.3566335141658783,-1.4241092205047607
1701278724.8288739,0.29952505230903625,-0.35562315583229065,-1.4263172149658203
1701278724.862006,0.2994518578052521,-0.3556596636772156,-1.4263253211975098
1701278724.8941457,0.29965248703956604,-0.35528308153152466,-1.4259991645812988
1701278724.9267602,0.3005327582359314,-0.354368656873703,-1.4276329278945923
1701278724.9628818,0.3008216619491577,-0.3543364703655243,-1.4272263050079346
1701278724.995276,0.3006654977798462,-0.35442879796028137,-1.427152156829834
1701278725.0278568,0.30085378885269165,-0.35460811853408813,-1.4275965690612793
1701278725.0604162,0.30064645409584045,-0.3546121120452881,-1.4278831481933594
1701278725.095842,0.300448477268219,-0.35430535674095154,-1.427833080291748
1701278725.1279857,0.300290584564209,-0.35424813628196716,-1.427746057510376
1701278725.1615644,0.2996634840965271,-0.3542811870574951,-1.4276700019836426
1701278725.197109,0.29896169900894165,-0.35441288352012634,-1.4278197288513184
1701278725.2297513,0.29831400513648987,-0.35475954413414,-1.4279173612594604
1701278725.2621481,0.2988143861293793,-0.3545515239238739,-1.4293321371078491
1701278725.2962193,0.29874834418296814,-0.3544367849826813,-1.4293371438980103
1701278725.3286598,0.2980476915836334,-0.3543720245361328,-1.4279223680496216
1701278725.3622077,0.29797857999801636,-0.3534332513809204,-1.4281195402145386
1701278725.3968465,0.2975864112377167,-0.35252416133880615,-1.4270844459533691
1701278725.4309638,0.29728245735168457,-0.35139718651771545,-1.4254814386367798
1701278725.461444,0.2972545325756073,-0.35132813453674316,-1.4240562915802002
1701278725.4964519,0.29640108346939087,-0.35108423233032227,-1.4244529008865356
1701278725.5309951,0.29604989290237427,-0.3522678017616272,-1.4252742528915405
1701278725.5632012,0.29603737592697144,-0.353826642036438,-1.4259454011917114
1701278725.5962298,0.2961781322956085,-0.3553488254547119,-1.4261904954910278
1701278725.630091,0.2963334321975708,-0.3567541837692261,-1.4262032508850098
1701278725.663012,0.29653558135032654,-0.357784628868103,-1.4257032871246338
1701278725.6961193,0.2966482937335968,-0.3586803376674652,-1.4261029958724976
1701278725.7313085,0.2963497042655945,-0.3594873249530792,-1.4267178773880005
1701278725.764869,0.2957315146923065,-0.36009442806243896,-1.4280407428741455
1701278725.7965252,0.2954661548137665,-0.3601316809654236,-1.4292495250701904
1701278725.8301015,0.2953557074069977,-0.3598429262638092,-1.4289199113845825
1701278725.8640547,0.2954726815223694,-0.359892874956131,-1.4285691976547241
1701278725.8972404,0.2959096431732178,-0.3597712516784668,-1.4279476404190063
1701278725.929793,0.2969317138195038,-0.35952332615852356,-1.4275003671646118
1701278725.9657652,0.29780781269073486,-0.3591602146625519,-1.4278801679611206
1701278725.9988437,0.29823043942451477,-0.3590405285358429,-1.4281378984451294
1701278726.034611,0.2979142665863037,-0.3587269186973572,-1.4284288883209229
1701278726.06615,0.2961869537830353,-0.35891246795654297,-1.4290025234222412
1701278726.0981193,0.2950423061847687,-0.35931718349456787,-1.4299137592315674
1701278726.1337078,0.29453086853027344,-0.36007678508758545,-1.4301384687423706
1701278726.1637743,0.29448720812797546,-0.361153244972229,-1.4319981336593628
1701278726.200818,0.29410770535469055,-0.3622897267341614,-1.43302583694458
1701278726.233371,0.29469361901283264,-0.3632453680038452,-1.4343112707138062
1701278726.2658947,0.29575806856155396,-0.3631845712661743,-1.4349063634872437
1701278726.30074,0.29704201221466064,-0.36285698413848877,-1.435335397720337
1701278726.3317912,0.29779231548309326,-0.3624919056892395,-1.4354890584945679
1701278738.087403,-0.10900423675775528,-0.2865068316459656,-1.1814230680465698
1701278738.156629,-0.09338586032390594,-0.25575631856918335,-1.1279441118240356
1701278738.228705,-0.09492087364196777,-0.25966864824295044,-1.0970932245254517
1701278738.2941895,-0.10624168068170547,-0.2767004668712616,-1.0606210231781006
1701278738.3609562,-0.16146127879619598,-0.2601774036884308,-1.111189365386963
1701278738.4257824,-0.20754380524158478,-0.2758733928203583,-1.1326159238815308
1701278738.4896948,-0.22830477356910706,-0.28025639057159424,-1.1802605390548706
1701278738.539229,-0.2290024310350418,-0.28670135140419006,-1.1915359497070312
1701278738.5830557,-0.19497177004814148,-0.30449262261390686,-1.1909462213516235
1701278738.6295953,-0.178358793258667,-0.2975768744945526,-1.157090425491333
1701278738.6733036,-0.16696906089782715,-0.2882869839668274,-1.1375746726989746
1701278738.7188995,-0.17172272503376007,-0.26949453353881836,-1.181928277015686
1701278738.7615945,-0.17310762405395508,-0.26615962386131287,-1.232101321220398
1701278738.803395,-0.17111243307590485,-0.2611660659313202,-1.2690353393554688
1701278738.8454309,-0.16325616836547852,-0.2589948773384094,-1.3218756914138794
1701278738.8880072,-0.14283965528011322,-0.2749532461166382,-1.3312729597091675
1701278738.9331915,-0.14051705598831177,-0.2731640636920929,-1.346566081047058
1701278738.974956,-0.13975483179092407,-0.26993992924690247,-1.3602690696716309
1701278739.0161266,-0.1377885639667511,-0.26386430859565735,-1.3629404306411743
1701278739.0582278,-0.13326868414878845,-0.2621552348136902,-1.3541523218154907
1701278739.1013505,-0.12873093783855438,-0.26156312227249146,-1.347461462020874
1701278739.1430645,-0.12474098801612854,-0.2612896263599396,-1.3414558172225952
1701278739.185134,-0.11809874325990677,-0.2613329291343689,-1.3321129083633423
1701278739.2272787,-0.11295096576213837,-0.26087674498558044,-1.3274110555648804
1701278739.2693079,-0.10970547795295715,-0.25990113615989685,-1.326127529144287
1701278739.3098578,-0.10710029304027557,-0.25891464948654175,-1.3269386291503906
1701278739.3530595,-0.1041615903377533,-0.2608664631843567,-1.3211809396743774
1701278739.3941998,-0.10347986966371536,-0.2612835168838501,-1.330482840538025
1701278739.4383354,-0.10335293412208557,-0.2602006793022156,-1.3346455097198486
1701278739.4814103,-0.10295204073190689,-0.255806565284729,-1.3366074562072754
1701278739.5229762,-0.10484333336353302,-0.2545280158519745,-1.3373911380767822
1701278739.5682182,-0.10599908977746964,-0.2527070641517639,-1.3389500379562378
1701278739.6105978,-0.10666986554861069,-0.2510722279548645,-1.3400267362594604
1701278739.6528347,-0.10828999429941177,-0.25591474771499634,-1.3417468070983887
1701278739.6957655,-0.1085573211312294,-0.2598673403263092,-1.3445453643798828
1701278739.7380552,-0.10878562927246094,-0.26192766427993774,-1.3463448286056519
1701278739.7781115,-0.1014457643032074,-0.2811090052127838,-1.3486790657043457
1701278739.820742,-0.10015644878149033,-0.28589868545532227,-1.3502691984176636
1701278739.8643148,-0.1000508964061737,-0.2864234447479248,-1.3502702713012695
1701278739.9041386,-0.10107140243053436,-0.2869861423969269,-1.3506556749343872
1701278739.94522,-0.10354924947023392,-0.28681549429893494,-1.351684331893921
1701278739.9888196,-0.09895248711109161,-0.30167490243911743,-1.3455168008804321
1701278740.0350761,-0.10231494903564453,-0.29981788992881775,-1.350902795791626
1701278740.0776367,-0.10733261704444885,-0.2997110188007355,-1.3607208728790283
1701278740.1187003,-0.10939481854438782,-0.30226871371269226,-1.3262794017791748
1701278740.14924,-0.10182958841323853,-0.3038681149482727,-1.3040741682052612
1701278740.1788042,-0.10187898576259613,-0.30507397651672363,-1.3033957481384277
1701278740.2118564,-0.10363291203975677,-0.3051518201828003,-1.3120343685150146
1701278740.2460124,-0.09696494042873383,-0.3110179901123047,-1.302908182144165
1701278740.278543,-0.09906170517206192,-0.312582403421402,-1.306854009628296
1701278740.3116179,-0.10284512490034103,-0.3124777376651764,-1.3153189420700073
1701278740.346677,-0.1055179312825203,-0.3119077682495117,-1.323553204536438
1701278740.3782253,-0.1079053282737732,-0.31202608346939087,-1.3307459354400635
1701278740.4143064,-0.10914747416973114,-0.3129766285419464,-1.3406398296356201
1701278740.4460769,-0.10222028195858002,-0.3179856538772583,-1.3359661102294922
1701278740.4806674,-0.10521063208580017,-0.3157184422016144,-1.336625099182129
1701278740.5157483,-0.10790672153234482,-0.31301629543304443,-1.3391273021697998
1701278740.5472863,-0.10261104255914688,-0.3142514228820801,-1.3308247327804565
1701278740.5803714,-0.1063239797949791,-0.3116527795791626,-1.330716609954834
1701278740.6149306,-0.1111825481057167,-0.30922847986221313,-1.3346103429794312
1701278740.647289,-0.11585606634616852,-0.3073556125164032,-1.3405224084854126
1701278740.6804004,-0.11153703182935715,-0.31463655829429626,-1.3374351263046265
1701278740.7130055,-0.10745298117399216,-0.31951984763145447,-1.324910283088684
1701278740.7511237,-0.10903366655111313,-0.3176765739917755,-1.3188539743423462
1701278740.7815151,-0.1047821044921875,-0.3181469142436981,-1.3078027963638306
1701278740.8156445,-0.10114613175392151,-0.3191797733306885,-1.298697590827942
1701278740.8481724,-0.09808556735515594,-0.3204316198825836,-1.293375015258789
1701278740.8820648,-0.09587769955396652,-0.32200887799263,-1.286930799484253
1701278740.91715,-0.09476887434720993,-0.32192251086235046,-1.2843194007873535
1701278740.9487102,-0.09374439716339111,-0.32590633630752563,-1.2805014848709106
1701278740.980834,-0.0931718498468399,-0.3325641453266144,-1.2788355350494385
1701278741.0143924,-0.09313119202852249,-0.33845770359039307,-1.2801913022994995
1701278741.0496368,-0.09398415684700012,-0.34204816818237305,-1.2811813354492188
1701278741.0831988,-0.0941169336438179,-0.3440971374511719,-1.2840797901153564
1701278741.1142762,-0.09456098079681396,-0.34513574838638306,-1.2866357564926147
1701278741.148899,-0.0952797457575798,-0.34532812237739563,-1.2879737615585327
1701278741.18304,-0.09585948288440704,-0.3453223705291748,-1.2893919944763184
1701278741.213914,-0.0969732254743576,-0.3448421359062195,-1.2911713123321533
1701278741.2489908,-0.10567593574523926,-0.33944663405418396,-1.3068389892578125
1701278741.2851439,-0.10539237409830093,-0.33957940340042114,-1.3091421127319336
1701278741.3192794,-0.10431964695453644,-0.3383377492427826,-1.3089103698730469
1701278741.3493366,-0.11082660406827927,-0.3341161012649536,-1.321334719657898
1701278741.3838875,-0.11718036979436874,-0.32809239625930786,-1.3364967107772827
1701278741.4180143,-0.12304607033729553,-0.32198968529701233,-1.3509612083435059
1701278741.4502218,-0.12753303349018097,-0.3173065781593323,-1.364295482635498
1701278741.4829655,-0.13077986240386963,-0.31298351287841797,-1.374509334564209
1701278741.5175872,-0.13346877694129944,-0.3105933368206024,-1.3842658996582031
1701278741.5517445,-0.1279265284538269,-0.3142959773540497,-1.3900543451309204
1701278741.584814,-0.1274692863225937,-0.312969446182251,-1.3986564874649048
1701278741.6179469,-0.12121022492647171,-0.31685879826545715,-1.3947443962097168
1701278741.651667,-0.11572080105543137,-0.31975221633911133,-1.3922635316848755
1701278741.6847072,-0.1177506074309349,-0.31596264243125916,-1.394592046737671
1701278741.7173183,-0.11534231901168823,-0.3171704113483429,-1.3940794467926025
1701278741.7515512,-0.1202700063586235,-0.31235456466674805,-1.3960286378860474
1701278741.7861583,-0.12806805968284607,-0.3072992265224457,-1.3959412574768066
1701278741.8191876,-0.1344660222530365,-0.3033386468887329,-1.3966587781906128
1701278741.8530266,-0.13961198925971985,-0.3002316951751709,-1.3982995748519897
1701278741.8851805,-0.14416109025478363,-0.29689741134643555,-1.3973724842071533
1701278741.9192572,-0.14732156693935394,-0.2953277826309204,-1.3990579843521118
1701278741.9533093,-0.1500280797481537,-0.2948874831199646,-1.4020612239837646
1701278741.9868374,-0.15241415798664093,-0.29479941725730896,-1.4039332866668701
1701278742.0207143,-0.1478644609451294,-0.3012857735157013,-1.4044189453125
1701278742.0542927,-0.13654851913452148,-0.30777353048324585,-1.3934669494628906
1701278742.0868592,-0.1269635111093521,-0.3126850426197052,-1.3747886419296265
1701278742.1201484,-0.11819964647293091,-0.3162177503108978,-1.3554097414016724
1701278742.1546705,-0.11115609854459763,-0.31789708137512207,-1.3398513793945312
1701278742.1862128,-0.10571283102035522,-0.31877341866493225,-1.3270752429962158
1701278742.2212472,-0.10195423662662506,-0.3192889392375946,-1.3174926042556763
1701278742.254095,-0.09993567317724228,-0.32004180550575256,-1.3142099380493164
1701278742.287128,-0.09884963184595108,-0.32109662890434265,-1.3123892545700073
1701278742.3201973,-0.09817451983690262,-0.3227566182613373,-1.3111846446990967
1701278742.3542795,-0.10759557038545609,-0.3240644335746765,-1.3280073404312134
1701278742.3892906,-0.11643463373184204,-0.32479968667030334,-1.3486974239349365
1701278742.4210663,-0.12400899827480316,-0.32402223348617554,-1.3675787448883057
1701278742.4546812,-0.11989777535200119,-0.3248419761657715,-1.3607462644577026
1701278742.4879198,-0.11530663073062897,-0.32519474625587463,-1.3503001928329468
1701278742.521764,-0.11100480705499649,-0.32515814900398254,-1.3397212028503418
1701278742.554314,-0.10697717219591141,-0.32533836364746094,-1.330118179321289
1701278742.5888612,-0.10340303182601929,-0.3255922496318817,-1.3225568532943726
1701278742.6219332,-0.10096386820077896,-0.3255743980407715,-1.3164420127868652
1701278742.6556203,-0.09934010356664658,-0.3257461190223694,-1.3118715286254883
1701278742.689334,-0.09825555235147476,-0.32594752311706543,-1.3089427947998047
1701278742.7214003,-0.09750470519065857,-0.32643580436706543,-1.30873441696167
1701278742.756355,-0.10725362598896027,-0.3272174000740051,-1.3264065980911255
1701278742.7908864,-0.1166522279381752,-0.3268616497516632,-1.3478413820266724
1701278742.825147,-0.11390872299671173,-0.32977208495140076,-1.3513405323028564
1701278742.8580337,-0.12113064527511597,-0.329221248626709,-1.36258065700531
1701278742.8909438,-0.1175428032875061,-0.32878047227859497,-1.3537551164627075
1701278742.936277,-0.12467170506715775,-0.326602965593338,-1.3610714673995972
1701278742.9775221,-0.1199440211057663,-0.3263603448867798,-1.3511956930160522
1701278743.0237277,-0.12500551342964172,-0.32486146688461304,-1.3542536497116089
1701278743.0668137,-0.1324063092470169,-0.32142406702041626,-1.3713269233703613
1701278743.108868,-0.1359349638223648,-0.3208346366882324,-1.3810933828353882
1701278743.1511128,-0.13772517442703247,-0.3204821050167084,-1.387791395187378
1701278743.1917627,-0.13783660531044006,-0.31980055570602417,-1.3925511837005615
1701278749.094929,-0.40159520506858826,-0.34104394912719727,-1.4709728956222534
1701278749.165051,-0.39540502429008484,-0.33455392718315125,-1.4533559083938599
1701278749.2339268,-0.411994993686676,-0.3693830370903015,-1.4150426387786865
1701278749.2910903,-0.41545066237449646,-0.3710567057132721,-1.4335987567901611
1701278749.3292913,-0.4204804301261902,-0.3782961070537567,-1.4471135139465332
1701278749.3800294,-0.4229303300380707,-0.380614310503006,-1.4646553993225098
1701278749.4257174,-0.4264358580112457,-0.3829340636730194,-1.4778170585632324
1701278749.4707866,-0.42654553055763245,-0.381286084651947,-1.4790666103363037
1701278749.5140343,-0.42611852288246155,-0.3800145089626312,-1.4753336906433105
1701278749.559809,-0.42671069502830505,-0.38051778078079224,-1.4744993448257446
1701278749.603003,-0.4267885386943817,-0.3818649351596832,-1.4679734706878662
1701278749.645107,-0.42706799507141113,-0.38321632146835327,-1.458923101425171
1701278749.6893919,-0.42634424567222595,-0.38294437527656555,-1.4448508024215698
1701278749.7342534,-0.4259962737560272,-0.383118599653244,-1.4389543533325195
1701278749.7760234,-0.4250966012477875,-0.38300883769989014,-1.4349840879440308
1701278749.8214004,-0.4252801537513733,-0.38273894786834717,-1.435371994972229
1701278749.8641908,-0.42598995566368103,-0.38264137506484985,-1.4402217864990234
1701278749.9073024,-0.42627936601638794,-0.3826947510242462,-1.4441633224487305
1701278749.950944,-0.4270249307155609,-0.38275450468063354,-1.4499012231826782
1701278749.9943814,-0.42740127444267273,-0.38304391503334045,-1.4537016153335571
1701278750.039085,-0.42715805768966675,-0.38234925270080566,-1.4550015926361084
1701278750.083777,-0.42664822936058044,-0.3819218873977661,-1.4553122520446777
1701278750.129312,-0.4251403510570526,-0.3826056122779846,-1.4559335708618164
1701278750.1723719,-0.42277199029922485,-0.381877064704895,-1.4517093896865845
1701278750.216978,-0.4209586977958679,-0.3838384747505188,-1.4529961347579956
1701278750.259314,-0.4199414849281311,-0.3828306198120117,-1.4512128829956055
1701278750.304906,-0.4185514748096466,-0.3813857138156891,-1.4484962224960327
1701278750.350968,-0.41747504472732544,-0.37982529401779175,-1.4438462257385254
1701278750.3945785,-0.4154706597328186,-0.3755883574485779,-1.4340262413024902
1701278750.4384136,-0.4157252013683319,-0.37282794713974,-1.4294883012771606
1701278750.4801598,-0.41732996702194214,-0.3720480501651764,-1.4295268058776855
1701278750.5232768,-0.41882553696632385,-0.3719708025455475,-1.4291437864303589
1701278750.5671859,-0.41801247000694275,-0.37196919322013855,-1.428149938583374
1701278750.60727,-0.41675665974617004,-0.37161996960639954,-1.4272797107696533
1701278750.6511056,-0.4158502221107483,-0.37164169549942017,-1.424660563468933
1701278750.6921659,-0.4127546548843384,-0.369961142539978,-1.4197344779968262
1701278750.734378,-0.41150566935539246,-0.36974138021469116,-1.4162852764129639
1701278750.7761362,-0.4117976725101471,-0.37054744362831116,-1.416731834411621
1701278750.8173845,-0.41290992498397827,-0.37155917286872864,-1.4166218042373657
1701278750.8600783,-0.41466063261032104,-0.37268489599227905,-1.41953706741333
1701278750.9017375,-0.4163859486579895,-0.37269335985183716,-1.4218778610229492
1701278750.9312897,-0.4173736572265625,-0.3728846609592438,-1.4240899085998535
1701278750.9593267,-0.41831666231155396,-0.37284383177757263,-1.425245761871338
1701278750.9893966,-0.4188165068626404,-0.3727412819862366,-1.4264657497406006
1701278751.01707,-0.4190148711204529,-0.372824102640152,-1.4270153045654297
1701278751.0516262,-0.41858235001564026,-0.37299010157585144,-1.4275829792022705
1701278751.0847251,-0.41776371002197266,-0.37273505330085754,-1.4267241954803467
1701278751.1174245,-0.4165339469909668,-0.37251198291778564,-1.4248026609420776
1701278751.1499722,-0.4155845046043396,-0.3728134036064148,-1.4227112531661987
1701278751.1841242,-0.4152650833129883,-0.37315618991851807,-1.4223918914794922
1701278751.2161932,-0.41537904739379883,-0.3743610382080078,-1.422843337059021
1701278751.2517354,-0.415872186422348,-0.37570396065711975,-1.424282193183899
1701278751.283288,-0.4160688817501068,-0.37675848603248596,-1.4245363473892212
1701278751.319363,-0.41633832454681396,-0.37785136699676514,-1.424339771270752
1701278751.353924,-0.41692304611206055,-0.3784516453742981,-1.4244651794433594
1701278751.3851388,-0.41761326789855957,-0.37848591804504395,-1.4251402616500854
1701278751.4191623,-0.4184471070766449,-0.3789348006248474,-1.426999807357788
1701278751.4518487,-0.41993099451065063,-0.38005301356315613,-1.4293410778045654
1701278751.4839213,-0.4207717776298523,-0.3813823163509369,-1.431882619857788
1701278751.5179594,-0.42200222611427307,-0.38235267996788025,-1.4339286088943481
1701278751.5530322,-0.42344942688941956,-0.38327476382255554,-1.4357614517211914
1701278751.5841217,-0.42467522621154785,-0.3843162953853607,-1.4359428882598877
1701278751.6191652,-0.4256434142589569,-0.3853453993797302,-1.4355896711349487
1701278751.6550643,-0.4258583188056946,-0.38612470030784607,-1.4342913627624512
1701278751.68413,-0.4265793263912201,-0.3870365023612976,-1.433880090713501
1701278751.7187562,-0.42798396944999695,-0.3889155685901642,-1.4351555109024048
1701278751.753296,-0.42858371138572693,-0.390486478805542,-1.4368990659713745
1701278751.7861853,-0.42848101258277893,-0.391009658575058,-1.4378474950790405
1701278751.8182383,-0.42963019013404846,-0.3939620554447174,-1.4430975914001465
1701278751.8532982,-0.43080779910087585,-0.39697718620300293,-1.4493029117584229
1701278751.885879,-0.4311702251434326,-0.39910969138145447,-1.4530502557754517
1701278751.9219413,-0.43019387125968933,-0.3999490439891815,-1.454210638999939
1701278751.9521997,-0.4283423125743866,-0.3988671898841858,-1.4524006843566895
1701278751.987282,-0.4263679087162018,-0.3963417410850525,-1.4484806060791016
1701278752.0198832,-0.4253166615962982,-0.3939339816570282,-1.4436346292495728
1701278752.0531745,-0.42498934268951416,-0.39138683676719666,-1.4384171962738037
1701278752.086661,-0.4252036511898041,-0.38843461871147156,-1.43251633644104
1701278752.1196988,-0.42590323090553284,-0.385525643825531,-1.4276275634765625
1701278752.1543965,-0.4272336959838867,-0.3837176263332367,-1.422491192817688
1701278752.1870744,-0.4287923574447632,-0.38220590353012085,-1.4188646078109741
1701278752.2217574,-0.42971310019493103,-0.3817351460456848,-1.415542483329773
1701278752.256428,-0.4298095107078552,-0.3822503685951233,-1.413991928100586
1701278752.2879498,-0.4290093779563904,-0.3825436234474182,-1.4130275249481201
1701278752.3215356,-0.4272063076496124,-0.38301897048950195,-1.413374900817871
1701278752.3553765,-0.42630821466445923,-0.38537177443504333,-1.416561245918274
1701278752.3879113,-0.42686671018600464,-0.38998743891716003,-1.423099398612976
1701278752.424046,-0.4282318353652954,-0.39426690340042114,-1.4298734664916992
1701278752.4561238,-0.4299602508544922,-0.397520512342453,-1.4357819557189941
1701278752.489649,-0.4313235878944397,-0.3990623652935028,-1.4400888681411743
1701278752.5217195,-0.432202011346817,-0.39949068427085876,-1.440625548362732
1701278752.5566015,-0.4326726198196411,-0.39837390184402466,-1.4398677349090576
1701278752.590515,-0.43245819211006165,-0.39556410908699036,-1.4363571405410767
1701278752.623103,-0.43067002296447754,-0.39219582080841064,-1.4310543537139893
1701278752.656156,-0.4291897714138031,-0.38977673649787903,-1.4261382818222046
1701278752.6893861,-0.4281328022480011,-0.3885563313961029,-1.4223741292953491
1701278752.724972,-0.427500456571579,-0.38792115449905396,-1.4209109544754028
1701278752.7570374,-0.42688924074172974,-0.3876863718032837,-1.4203088283538818
1701278752.7910743,-0.42581841349601746,-0.38545942306518555,-1.4198757410049438
1701278752.825259,-0.42528584599494934,-0.3854517340660095,-1.4198155403137207
1701278752.8593993,-0.42508286237716675,-0.38593974709510803,-1.4217044115066528
1701278752.8914537,-0.4249022305011749,-0.3858269453048706,-1.4250149726867676
1701278752.925103,-0.424769788980484,-0.3846712112426758,-1.4252886772155762
1701278752.959528,-0.4241730272769928,-0.38353803753852844,-1.4243520498275757
1701278752.993113,-0.42368507385253906,-0.38321951031684875,-1.4232498407363892
1701278753.026179,-0.4233703911304474,-0.38381850719451904,-1.4230341911315918
1701278753.0573325,-0.4231254458427429,-0.38512784242630005,-1.4241468906402588
1701278753.093384,-0.4232729375362396,-0.3860325813293457,-1.426345705986023
1701278753.1254454,-0.42350730299949646,-0.3871886432170868,-1.4287654161453247
1701278753.1596994,-0.4249027371406555,-0.38866451382637024,-1.4309532642364502
1701278753.19426,-0.4262448847293854,-0.38970428705215454,-1.4331251382827759
1701278753.2280755,-0.42729175090789795,-0.3901660144329071,-1.434983491897583
1701278753.260637,-0.4285954535007477,-0.3903476595878601,-1.4360439777374268
1701278753.293182,-0.43539300560951233,-0.39030516147613525,-1.4455405473709106
1701278753.3273644,-0.43640056252479553,-0.3918452560901642,-1.448978066444397
1701278753.3609207,-0.4404042065143585,-0.3905332684516907,-1.4553533792495728
1701278753.3939722,-0.44017159938812256,-0.39086776971817017,-1.4545676708221436
1701278753.4281685,-0.43913689255714417,-0.390329509973526,-1.451174259185791
1701278753.4602966,-0.4374357759952545,-0.3881615400314331,-1.447676658630371
1701278753.4938679,-0.43573319911956787,-0.38577327132225037,-1.4446461200714111
1701278753.5279016,-0.4341951906681061,-0.38317400217056274,-1.4420026540756226
1701278753.5614538,-0.4329272508621216,-0.38129594922065735,-1.4398161172866821
1701278753.5975208,-0.44020646810531616,-0.3791698217391968,-1.446155071258545
1701278753.6281128,-0.4478360712528229,-0.3779069483280182,-1.4551663398742676
1701278753.6616857,-0.45361119508743286,-0.376417338848114,-1.463163137435913
1701278753.697256,-0.4565880596637726,-0.3753509521484375,-1.4689273834228516
1701278753.74031,-0.4570960998535156,-0.375701904296875,-1.4733165502548218
1701278753.7863512,-0.4513217508792877,-0.37682080268859863,-1.4654525518417358
1701278753.8300068,-0.44521409273147583,-0.3765709102153778,-1.4553563594818115
1701278753.874538,-0.43557286262512207,-0.37600743770599365,-1.4442421197891235
1701278753.9180717,-0.43445882201194763,-0.3753330111503601,-1.4462945461273193
1701278753.9583583,-0.4306335747241974,-0.3752833902835846,-1.4421284198760986
1701278754.0035028,-0.42662981152534485,-0.37501680850982666,-1.4365854263305664
1701278754.0450463,-0.42575371265411377,-0.37520962953567505,-1.4354952573776245
1701278754.089224,-0.4253394603729248,-0.374740868806839,-1.4363219738006592
1701278754.1304328,-0.4248061776161194,-0.37380215525627136,-1.4370559453964233
1701278754.1740117,-0.42436426877975464,-0.3707413077354431,-1.4375470876693726
1701278754.2170954,-0.4247889220714569,-0.3701167702674866,-1.4378846883773804
1701278754.2571697,-0.42521703243255615,-0.37039703130722046,-1.439987063407898
1701278758.967381,-0.10711085051298141,-0.38107359409332275,-1.743232250213623
1701278759.0351982,-0.11105073988437653,-0.3777606189250946,-1.741560697555542
1701278759.0989711,-0.11830122023820877,-0.3711889982223511,-1.7356075048446655
1701278759.1683066,-0.11926310509443283,-0.3746768832206726,-1.7649610042572021
1701278759.233402,-0.12676118314266205,-0.3661077916622162,-1.7677083015441895
1701278759.2974515,-0.13112258911132812,-0.3566870093345642,-1.761747121810913
1701278759.3390276,-0.1317678987979889,-0.3537035882472992,-1.7591066360473633
1701278759.3820894,-0.1312677562236786,-0.35058802366256714,-1.7575912475585938
1701278759.4253058,-0.12991970777511597,-0.34689831733703613,-1.7511345148086548
1701278759.4673047,-0.12836013734340668,-0.34499746561050415,-1.7467443943023682
1701278759.5121198,-0.12288078665733337,-0.356221079826355,-1.7608788013458252
1701278759.557781,-0.11915627866983414,-0.3624233305454254,-1.7636960744857788
1701278759.6033528,-0.1153048649430275,-0.3682171106338501,-1.7674286365509033
1701278759.649106,-0.11269952356815338,-0.3725636601448059,-1.7685538530349731
1701278759.6936467,-0.11117974668741226,-0.37553372979164124,-1.767110824584961
1701278759.7362268,-0.11129340529441833,-0.37370824813842773,-1.7619730234146118
1701278759.7833629,-0.11382374167442322,-0.37038949131965637,-1.7560290098190308
1701278759.8246517,-0.11604251712560654,-0.36700522899627686,-1.7499947547912598
1701278759.8685133,-0.11747279763221741,-0.3656231164932251,-1.7469288110733032
1701278759.9141614,-0.11908391118049622,-0.3651370406150818,-1.7462066411972046
1701278759.9562593,-0.12290825694799423,-0.36558806896209717,-1.748206615447998
1701278760.0000806,-0.12178727239370346,-0.3791747987270355,-1.7752516269683838
1701278760.0463946,-0.1233392059803009,-0.3858150243759155,-1.785862922668457
1701278760.0900304,-0.12377787381410599,-0.38903939723968506,-1.7864370346069336
1701278760.132196,-0.12432252615690231,-0.38890841603279114,-1.7815043926239014
1701278760.1740613,-0.12408837676048279,-0.3941265940666199,-1.7971534729003906
1701278760.2173188,-0.12770198285579681,-0.39538922905921936,-1.8039013147354126
1701278760.2604036,-0.12987594306468964,-0.39540421962738037,-1.8046257495880127
1701278760.304998,-0.13019461929798126,-0.3935542404651642,-1.8008253574371338
1701278760.3490689,-0.12372954189777374,-0.3915158212184906,-1.79351007938385
1701278760.3941278,-0.11799166351556778,-0.3935711979866028,-1.8019177913665771
1701278760.4358082,-0.11514968425035477,-0.3938125967979431,-1.798679232597351
1701278760.4768355,-0.11225955188274384,-0.3928656578063965,-1.791206955909729
1701278760.5203853,-0.11929422616958618,-0.38608217239379883,-1.783258080482483
1701278760.5654223,-0.126156747341156,-0.3810364603996277,-1.778937578201294
1701278760.6072047,-0.13112272322177887,-0.37703919410705566,-1.7742584943771362
1701278760.6518154,-0.1263004094362259,-0.37710538506507874,-1.774674892425537
1701278760.6933794,-0.1288236677646637,-0.37252119183540344,-1.7680610418319702
1701278760.736529,-0.13045381009578705,-0.3697338104248047,-1.7643142938613892
1701278760.7760975,-0.12539857625961304,-0.3718433976173401,-1.765191674232483
1701278760.8203888,-0.12705807387828827,-0.3718143105506897,-1.7655819654464722
1701278760.8669333,-0.13056296110153198,-0.37146496772766113,-1.7647508382797241
1701278760.9145827,-0.13466744124889374,-0.3715021014213562,-1.7657675743103027
1701278760.9566162,-0.12719430029392242,-0.3774133622646332,-1.7710157632827759
1701278760.997203,-0.1267632246017456,-0.3767116069793701,-1.7701647281646729
1701278761.0395536,-0.1276068240404129,-0.37510359287261963,-1.765142560005188
1701278761.0831406,-0.1296822428703308,-0.3715619444847107,-1.759042739868164
1701278761.1162176,-0.13120827078819275,-0.3678079843521118,-1.7545734643936157
1701278761.14543,-0.12508472800254822,-0.3694095015525818,-1.7579492330551147
1701278761.1749861,-0.1200684905052185,-0.37171682715415955,-1.7628453969955444
1701278761.2060401,-0.12133675813674927,-0.3710178732872009,-1.7637628316879272
1701278761.2359884,-0.12177714705467224,-0.369488924741745,-1.76181960105896
1701278761.2645202,-0.12145905196666718,-0.36731430888175964,-1.759744644165039
1701278761.293808,-0.11946577578783035,-0.3653389811515808,-1.7566040754318237
1701278761.323214,-0.11673182249069214,-0.3636051118373871,-1.7520816326141357
1701278761.3516068,-0.11502872407436371,-0.3612128794193268,-1.7469356060028076
1701278761.3863294,-0.11383210122585297,-0.35919687151908875,-1.7418044805526733
1701278761.4219308,-0.11293426156044006,-0.3576568365097046,-1.736683964729309
1701278761.4530795,-0.11307500302791595,-0.3567531108856201,-1.734001874923706
1701278761.487283,-0.1137411817908287,-0.3556942939758301,-1.733837366104126
1701278761.5201979,-0.11458809673786163,-0.35524895787239075,-1.7316856384277344
1701278761.5553064,-0.1153360977768898,-0.3554846942424774,-1.7312723398208618
1701278761.589452,-0.11591312289237976,-0.35568031668663025,-1.732122540473938
1701278761.621256,-0.11624199897050858,-0.35644251108169556,-1.73412024974823
1701278761.6552835,-0.11422912031412125,-0.36450859904289246,-1.7472946643829346
1701278761.6883957,-0.1166992336511612,-0.3680484890937805,-1.756831407546997
1701278761.72317,-0.1146048903465271,-0.37288767099380493,-1.7677128314971924
1701278761.7542272,-0.11670483648777008,-0.3743295669555664,-1.7737503051757812
1701278761.7866886,-0.118252232670784,-0.37417709827423096,-1.776016354560852
1701278761.8198311,-0.11499436944723129,-0.37619686126708984,-1.7803090810775757
1701278761.855848,-0.11184743046760559,-0.37820184230804443,-1.7837393283843994
1701278761.888418,-0.10920187085866928,-0.3796417713165283,-1.7864433526992798
1701278761.923316,-0.10699722915887833,-0.38045865297317505,-1.7881829738616943
1701278761.954572,-0.10747389495372772,-0.3791089951992035,-1.786653995513916
1701278761.9900932,-0.10782814770936966,-0.3775792121887207,-1.7841241359710693
1701278762.0216537,-0.10778585076332092,-0.37624961137771606,-1.7815659046173096
1701278762.0556066,-0.10764109343290329,-0.3754009008407593,-1.7795003652572632
1701278762.0887148,-0.1083185225725174,-0.3743079602718353,-1.778175950050354
1701278762.1233456,-0.1086547002196312,-0.3734816014766693,-1.776085615158081
1701278762.1558902,-0.11103950440883636,-0.3721878230571747,-1.7757922410964966
1701278762.189447,-0.1135065108537674,-0.37073957920074463,-1.7742619514465332
1701278762.2245288,-0.11587181687355042,-0.3692218065261841,-1.773756980895996
1701278762.2570465,-0.11802205443382263,-0.36821669340133667,-1.7743537425994873
1701278762.288844,-0.12071346491575241,-0.36687126755714417,-1.7755080461502075
1701278762.3241417,-0.12361977994441986,-0.36594823002815247,-1.7779431343078613
1701278762.356195,-0.12590865790843964,-0.3657722473144531,-1.7799543142318726
1701278762.3914719,-0.12826041877269745,-0.365996778011322,-1.7811741828918457
1701278762.4230597,-0.1295660138130188,-0.36629265546798706,-1.7816340923309326
1701278762.4571996,-0.12952445447444916,-0.3668041527271271,-1.782138705253601
1701278762.4909904,-0.12880471348762512,-0.36692842841148376,-1.7818717956542969
1701278762.5241935,-0.12886404991149902,-0.3669187128543854,-1.781890630722046
1701278762.557252,-0.12872254848480225,-0.3661673665046692,-1.7809109687805176
1701278762.590341,-0.12906914949417114,-0.3638761341571808,-1.7804627418518066
1701278762.6253994,-0.12902753055095673,-0.36237025260925293,-1.7758620977401733
1701278762.658438,-0.12757055461406708,-0.36101505160331726,-1.771240234375
1701278762.691971,-0.12554176151752472,-0.35937511920928955,-1.7682567834854126
1701278762.7240493,-0.12345509231090546,-0.35770517587661743,-1.7657968997955322
1701278762.758038,-0.12243703752756119,-0.3569123148918152,-1.762457013130188
1701278762.7911708,-0.12220250070095062,-0.35711470246315,-1.759808897972107
1701278762.823258,-0.12215481698513031,-0.3573805093765259,-1.7580064535140991
1701278762.8588138,-0.12356941401958466,-0.3577152192592621,-1.7573566436767578
1701278762.8938422,-0.12620174884796143,-0.3570009469985962,-1.7582148313522339
1701278762.9263995,-0.12784557044506073,-0.35580992698669434,-1.760669469833374
1701278762.961815,-0.1298827975988388,-0.35443732142448425,-1.7624609470367432
1701278762.9946976,-0.13282565772533417,-0.3536047339439392,-1.7626756429672241
1701278763.0292118,-0.13435807824134827,-0.3517036437988281,-1.7617168426513672
1701278763.0633605,-0.1351195126771927,-0.3497423827648163,-1.7601739168167114
1701278763.0948887,-0.1353619247674942,-0.3484680950641632,-1.7571908235549927
1701278763.1296263,-0.1359466314315796,-0.3493046760559082,-1.755372405052185
1701278763.1601803,-0.13707739114761353,-0.3502565026283264,-1.7547626495361328
1701278763.1952662,-0.13861922919750214,-0.35169535875320435,-1.755905032157898
1701278763.2285414,-0.1405697613954544,-0.352360337972641,-1.7586380243301392
1701278763.2600913,-0.14240048825740814,-0.35240495204925537,-1.7620965242385864
1701278763.2943034,-0.1428651064634323,-0.3511491119861603,-1.7675533294677734
1701278763.3295333,-0.14176104962825775,-0.349518358707428,-1.7679702043533325
1701278763.3622465,-0.14083734154701233,-0.34753870964050293,-1.767972707748413
1701278763.397609,-0.14023056626319885,-0.3447970747947693,-1.7657320499420166
1701278763.42919,-0.1398940086364746,-0.3426129221916199,-1.7626615762710571
1701278763.4633427,-0.13927923142910004,-0.3413693606853485,-1.7593072652816772
1701278763.4954374,-0.13985216617584229,-0.3400861322879791,-1.7564208507537842
1701278763.5294986,-0.14096468687057495,-0.33999305963516235,-1.7529529333114624
1701278763.5643406,-0.14080160856246948,-0.3384474813938141,-1.7542965412139893
1701278763.5978599,-0.14107060432434082,-0.3359827697277069,-1.749521017074585
1701278763.631437,-0.14208413660526276,-0.3336767554283142,-1.745260238647461
1701278763.6634703,-0.14408668875694275,-0.33115914463996887,-1.742283821105957
1701278763.6970353,-0.14608733355998993,-0.3283460736274719,-1.7388548851013184
1701278763.7305772,-0.14786429703235626,-0.3259875178337097,-1.7360259294509888
1701278763.763209,-0.1502963751554489,-0.3242906928062439,-1.734308123588562
1701278763.7962532,-0.15306305885314941,-0.323677659034729,-1.7346680164337158
1701278763.830465,-0.15548312664031982,-0.3231600821018219,-1.7351794242858887
1701278763.8645334,-0.15719056129455566,-0.32251694798469543,-1.7354062795639038
1701278763.8960989,-0.15738718211650848,-0.32341691851615906,-1.7363585233688354
1701278763.9312239,-0.15701884031295776,-0.3242473900318146,-1.7385812997817993
1701278763.9644153,-0.15706036984920502,-0.325128436088562,-1.7407777309417725
1701278763.9969387,-0.15614919364452362,-0.3265319764614105,-1.7423655986785889
1701278764.0314286,-0.15442503988742828,-0.32862067222595215,-1.7437629699707031
1701278764.0651236,-0.15200302004814148,-0.3312857449054718,-1.7443386316299438
1701278764.0964823,-0.15036329627037048,-0.33188921213150024,-1.7466630935668945
1701278769.0769339,-0.1010720282793045,-0.29528117179870605,-1.4513731002807617
1701278769.1500509,-0.09789489209651947,-0.29532429575920105,-1.4503546953201294
1701278769.2137146,-0.09911353886127472,-0.2941426634788513,-1.4488716125488281
1701278769.2813325,-0.10257667303085327,-0.29188621044158936,-1.4500646591186523
1701278769.3473966,-0.10729817301034927,-0.2903713583946228,-1.4549682140350342
1701278769.4111512,-0.10978899151086807,-0.2899729609489441,-1.459505558013916
1701278769.4854147,-0.11520010977983475,-0.2866920530796051,-1.4556361436843872
1701278769.52923,-0.1165490448474884,-0.2853464186191559,-1.4549716711044312
1701278769.569619,-0.11623722314834595,-0.2856907248497009,-1.454628348350525
1701278769.6107512,-0.11574222892522812,-0.2857244312763214,-1.4554338455200195
1701278769.6532097,-0.11623667180538177,-0.28431519865989685,-1.4565465450286865
1701278769.695981,-0.11598051339387894,-0.28370949625968933,-1.4571218490600586
1701278769.7391682,-0.11614710092544556,-0.28292226791381836,-1.4580974578857422
1701278769.7842271,-0.1177564412355423,-0.2822587788105011,-1.459035873413086
1701278769.824484,-0.11852294951677322,-0.28211677074432373,-1.459900140762329
1701278769.8684235,-0.11777379363775253,-0.28361958265304565,-1.4609602689743042
1701278769.9110906,-0.11627840250730515,-0.285258948802948,-1.462111234664917
1701278769.958807,-0.11457622051239014,-0.2870359718799591,-1.4671820402145386
1701278770.001442,-0.11327244341373444,-0.28870153427124023,-1.4669020175933838
1701278770.0434527,-0.11136557161808014,-0.29095420241355896,-1.4669973850250244
1701278770.0885046,-0.10941635817289352,-0.2966514229774475,-1.4669792652130127
1701278770.1332808,-0.10971546173095703,-0.2986660897731781,-1.4673110246658325
1701278770.175026,-0.10978066176176071,-0.30010437965393066,-1.4676192998886108
1701278770.2171607,-0.11055342108011246,-0.3003970980644226,-1.46802818775177
1701278770.257462,-0.11100370436906815,-0.2990702688694,-1.4710999727249146
1701278770.301091,-0.10951019823551178,-0.29805514216423035,-1.472243070602417
1701278770.342279,-0.10747301578521729,-0.29828616976737976,-1.472044587135315
1701278770.3862033,-0.10738399624824524,-0.2990760803222656,-1.4712437391281128
1701278770.4352653,-0.1078789234161377,-0.2997102439403534,-1.4709022045135498
1701278770.4769897,-0.10886945575475693,-0.29987117648124695,-1.4698827266693115
1701278770.5196598,-0.10803501307964325,-0.29929307103157043,-1.469202995300293
1701278770.561778,-0.10768098384141922,-0.29814887046813965,-1.4677382707595825
1701278770.6018913,-0.10810043662786484,-0.29771384596824646,-1.4669018983840942
1701278770.6422658,-0.10597506165504456,-0.29680630564689636,-1.4668703079223633
1701278770.686514,-0.10292156040668488,-0.2965468466281891,-1.4661712646484375
1701278770.7171354,-0.10104400664567947,-0.2971149981021881,-1.4668185710906982
1701278770.7467206,-0.10068577527999878,-0.298386812210083,-1.4682555198669434
1701278770.7773066,-0.10110300779342651,-0.29988911747932434,-1.4701402187347412
1701278770.8068376,-0.10178185999393463,-0.3005569577217102,-1.472253680229187
1701278770.837118,-0.10260304063558578,-0.3012942969799042,-1.4732632637023926
1701278770.866721,-0.10242022573947906,-0.3021113872528076,-1.4743086099624634
1701278770.8973074,-0.10193753987550735,-0.3027058243751526,-1.4740346670150757
1701278770.9274433,-0.10162640362977982,-0.3030000627040863,-1.4737915992736816
1701278770.957221,-0.10193628072738647,-0.303414523601532,-1.4730454683303833
1701278770.9868019,-0.10236910730600357,-0.30385255813598633,-1.4729523658752441
1701278771.0219314,-0.10288029909133911,-0.30435290932655334,-1.4727129936218262
1701278771.0538802,-0.1029394194483757,-0.30495375394821167,-1.47269606590271
1701278771.0884683,-0.10292936116456985,-0.3049631118774414,-1.4721629619598389
1701278771.1212459,-0.10316791385412216,-0.3048110902309418,-1.472281813621521
1701278771.1553774,-0.10432229191064835,-0.3039869964122772,-1.4725148677825928
1701278771.188971,-0.10656921565532684,-0.3024347424507141,-1.4722858667373657
1701278771.2220995,-0.10881982743740082,-0.3014315068721771,-1.471968650817871
1701278771.255209,-0.11047041416168213,-0.30045679211616516,-1.4716569185256958
1701278771.2882798,-0.11117467284202576,-0.3000175356864929,-1.4713966846466064
1701278771.3214035,-0.1104460060596466,-0.29984423518180847,-1.470983862876892
1701278771.3555365,-0.10916756838560104,-0.2997102737426758,-1.470774531364441
1701278771.3893118,-0.10762803256511688,-0.2998311519622803,-1.4713212251663208
1701278771.4239285,-0.10604228079319,-0.3007202744483948,-1.4722379446029663
1701278771.456526,-0.10551829636096954,-0.3015950620174408,-1.4733928442001343
1701278771.4901292,-0.10546201467514038,-0.30242007970809937,-1.4749860763549805
1701278771.522235,-0.10585220903158188,-0.3032503128051758,-1.476954460144043
1701278771.556433,-0.1066453605890274,-0.3031024932861328,-1.4781265258789062
1701278771.589678,-0.1067635789513588,-0.30303871631622314,-1.479461908340454
1701278771.6233249,-0.10653278976678848,-0.30323857069015503,-1.4803944826126099
1701278771.6569355,-0.10628778487443924,-0.30364790558815,-1.480926752090454
1701278771.6895227,-0.10589203238487244,-0.3036428987979889,-1.4808324575424194
1701278771.7236938,-0.1055397242307663,-0.30373239517211914,-1.4803431034088135
1701278771.7573051,-0.10633443295955658,-0.3034011721611023,-1.479803442955017
1701278771.7896063,-0.10662970691919327,-0.3026910424232483,-1.4787012338638306
1701278771.8258812,-0.10560421645641327,-0.30201470851898193,-1.4771289825439453
1701278771.8565996,-0.10430002212524414,-0.30130535364151,-1.4753384590148926
1701278771.8888838,-0.10317590087652206,-0.3006763458251953,-1.4732496738433838
1701278771.9245517,-0.10229908674955368,-0.29990753531455994,-1.4716938734054565
1701278771.9581442,-0.10220029950141907,-0.29917964339256287,-1.4700192213058472
1701278771.9907446,-0.10331811010837555,-0.2985580861568451,-1.4682931900024414
1701278772.0243425,-0.10439984500408173,-0.2978593409061432,-1.4669374227523804
1701278772.057945,-0.10509836673736572,-0.2974643409252167,-1.4651845693588257
1701278772.0915322,-0.10528882592916489,-0.29738348722457886,-1.4633257389068604
1701278772.1269112,-0.10539229214191437,-0.29694101214408875,-1.4618216753005981
1701278772.1585026,-0.10565837472677231,-0.29614219069480896,-1.4608557224273682
1701278772.191129,-0.10650307685136795,-0.295570969581604,-1.4598917961120605
1701278772.2243679,-0.10698998719453812,-0.2956169843673706,-1.4598350524902344
1701278772.257956,-0.10794389992952347,-0.29582738876342773,-1.4602618217468262
1701278772.2919564,-0.10906866192817688,-0.296317458152771,-1.4618991613388062
1701278772.3255785,-0.11022063344717026,-0.2966662049293518,-1.463365077972412
1701278772.3591833,-0.1103716641664505,-0.2963111102581024,-1.464296817779541
1701278772.3917966,-0.10968377441167831,-0.2958402633666992,-1.4638187885284424
1701278772.4262307,-0.10939417779445648,-0.29579439759254456,-1.4635908603668213
1701278772.4588325,-0.10973366349935532,-0.2960185408592224,-1.4639514684677124
1701278772.49141,-0.11011991649866104,-0.2965296506881714,-1.4646937847137451
1701278772.528277,-0.11068854480981827,-0.2967619001865387,-1.4654648303985596
1701278772.5633538,-0.11008492857217789,-0.2972200810909271,-1.4662331342697144
1701278772.5948853,-0.11034518480300903,-0.29750436544418335,-1.4685280323028564
1701278772.6289752,-0.10904908925294876,-0.2977411150932312,-1.468456506729126
1701278772.6615694,-0.10791592299938202,-0.29789116978645325,-1.4681882858276367
1701278772.6946898,-0.10585107654333115,-0.29817643761634827,-1.4684971570968628
1701278772.7297852,-0.10427477210760117,-0.29870548844337463,-1.4685031175613403
1701278772.7633467,-0.10306277871131897,-0.29953545331954956,-1.4682308435440063
1701278772.795765,-0.1034289076924324,-0.3001662790775299,-1.4685395956039429
1701278772.8318436,-0.10463682562112808,-0.3006320595741272,-1.4696182012557983
1701278772.8634412,-0.10601480305194855,-0.30092719197273254,-1.470589518547058
1701278772.8965707,-0.10690122097730637,-0.3007989227771759,-1.4713274240493774
1701278772.9287088,-0.10771092772483826,-0.300892174243927,-1.4720298051834106
1701278772.9638033,-0.10844703763723373,-0.30119937658309937,-1.4719318151474
1701278772.9964235,-0.10852240025997162,-0.3018389642238617,-1.4709030389785767
1701278773.0295548,-0.10935439169406891,-0.30152627825737,-1.4709652662277222
1701278773.063686,-0.10939454287290573,-0.3007892072200775,-1.4690444469451904
1701278773.096416,-0.10829566419124603,-0.2992149591445923,-1.467037320137024
1701278773.1295686,-0.10531798750162125,-0.2962546944618225,-1.4661637544631958
1701278773.1636984,-0.10087116062641144,-0.2932494282722473,-1.4671504497528076
1701278773.1973078,-0.09700233489274979,-0.2913624048233032,-1.467350959777832
1701278773.2324507,-0.09515580534934998,-0.28919512033462524,-1.4661742448806763
1701278773.2642887,-0.09702406823635101,-0.287202924489975,-1.4651761054992676
1701278773.2968616,-0.10187243670225143,-0.28674113750457764,-1.4671080112457275
1701278773.3299658,-0.10814220458269119,-0.28519484400749207,-1.4697905778884888
1701278773.363465,-0.11326968669891357,-0.2844526767730713,-1.4725196361541748
1701278773.3970861,-0.11586295813322067,-0.2838921844959259,-1.4740300178527832
1701278773.4312012,-0.1169881522655487,-0.2828560173511505,-1.4729899168014526
1701278773.464306,-0.11784910410642624,-0.2825925946235657,-1.468949794769287
1701278773.4969106,-0.12058483064174652,-0.2820283770561218,-1.468213677406311
1701278773.5424914,-0.1228896901011467,-0.2810477912425995,-1.4655237197875977
1701278773.5872183,-0.12479787319898605,-0.2803710699081421,-1.4622435569763184
1701278773.6294355,-0.12537556886672974,-0.2773679196834564,-1.458235502243042
1701278773.6741884,-0.12298788875341415,-0.27383726835250854,-1.446783423423767
1701278773.7178655,-0.1210251897573471,-0.27103039622306824,-1.4422008991241455
1701278773.75999,-0.11729295551776886,-0.2670994997024536,-1.4360547065734863
1701278773.8021212,-0.11251504719257355,-0.2624393701553345,-1.4299618005752563
1701278773.8417957,-0.10841822624206543,-0.2609582245349884,-1.4279981851577759
1701278773.8864853,-0.10634113103151321,-0.261893093585968,-1.431207537651062
1701278773.9277887,-0.10659841448068619,-0.2607906460762024,-1.4356372356414795
1701278773.9716907,-0.10868488997220993,-0.2560276389122009,-1.433555006980896
1701278774.0168417,-0.11104164272546768,-0.25469323992729187,-1.4311271905899048
1701278774.0588138,-0.11278319358825684,-0.25313523411750793,-1.431473731994629
1701278774.103424,-0.12008816748857498,-0.25137630105018616,-1.4303239583969116
1701278774.143307,-0.1253335028886795,-0.2505263388156891,-1.4298040866851807
1701278774.185573,-0.12957823276519775,-0.24975457787513733,-1.4313734769821167
A coordinates: -0.11343845 -1.3399391
B coordinates: -0.4264121 -1.4335027
