1701278804.6308246,0.2574926018714905,-0.3122214674949646,-1.661054015159607
1701278804.6965408,0.25511789321899414,-0.3101218342781067,-1.6455910205841064
1701278804.719075,0.2539846897125244,-0.30885735154151917,-1.6458300352096558
1701278804.7532058,0.2650499641895294,-0.3058122396469116,-1.62191641330719
1701278804.78085,0.2751840353012085,-0.30254045128822327,-1.609167218208313
1701278804.8088105,0.27761000394821167,-0.29737064242362976,-1.6027902364730835
1701278804.8379693,0.2768004834651947,-0.29309460520744324,-1.5994679927825928
1701278804.8729606,0.28232342004776,-0.2915189266204834,-1.598357081413269
1701278804.905494,0.27983415126800537,-0.289831280708313,-1.599948525428772
1701278804.939385,0.27490904927253723,-0.28823035955429077,-1.6021431684494019
1701278804.9724257,0.2700559198856354,-0.2874257266521454,-1.6041042804718018
1701278805.005781,0.2654387354850769,-0.28722572326660156,-1.6059072017669678
1701278805.0417676,0.2611631453037262,-0.2871725261211395,-1.6070351600646973
1701278805.0718293,0.2576712667942047,-0.285818487405777,-1.6075963973999023
1701278805.1043668,0.2547154426574707,-0.2844037115573883,-1.6085022687911987
1701278805.1382766,0.25239771604537964,-0.2841554880142212,-1.6100618839263916
1701278805.1723354,0.25193119049072266,-0.28518152236938477,-1.6109005212783813
1701278805.206896,0.25161993503570557,-0.2860031723976135,-1.611716866493225
1701278805.2374923,0.2514951825141907,-0.286285936832428,-1.6118886470794678
1701278805.2725797,0.2507302463054657,-0.286038875579834,-1.612378716468811
1701278805.3059654,0.2500510811805725,-0.28491348028182983,-1.611833095550537
1701278805.3415515,0.2513125240802765,-0.2849291265010834,-1.6148203611373901
1701278805.3726544,0.2541419565677643,-0.2855704426765442,-1.6156128644943237
1701278805.4078183,0.2566617429256439,-0.28610438108444214,-1.6148391962051392
1701278805.4417894,0.2590024173259735,-0.2859921455383301,-1.6124889850616455
1701278805.4793158,0.2602030038833618,-0.2850377857685089,-1.6103694438934326
1701278805.509856,0.26042893528938293,-0.2838086187839508,-1.6092466115951538
1701278805.543236,0.26131999492645264,-0.283250629901886,-1.6103843450546265
1701278805.5770164,0.2628610134124756,-0.2833128273487091,-1.6109118461608887
1701278805.6081939,0.2656559348106384,-0.28494805097579956,-1.6131746768951416
1701278805.6432273,0.26698875427246094,-0.2863785922527313,-1.614518404006958
1701278805.6758015,0.26821640133857727,-0.28820323944091797,-1.6149905920028687
1701278805.7093832,0.2687697112560272,-0.28902849555015564,-1.6161125898361206
1701278805.7448695,0.26855719089508057,-0.28955087065696716,-1.616151213645935
1701278805.777434,0.2663983702659607,-0.2876380383968353,-1.6118494272232056
1701278805.8099916,0.26550331711769104,-0.2868453860282898,-1.6118073463439941
1701278805.8438811,0.26429423689842224,-0.28645312786102295,-1.6126807928085327
1701278805.8764153,0.26450955867767334,-0.28692781925201416,-1.6137237548828125
1701278805.9117012,0.26432836055755615,-0.2875308096408844,-1.615218997001648
1701278805.9447618,0.2633581757545471,-0.287657767534256,-1.6163208484649658
1701278805.9771314,0.2618368864059448,-0.2871726155281067,-1.6152265071868896
1701278806.0122085,0.26033419370651245,-0.2865569591522217,-1.6137020587921143
1701278806.0432835,0.2610223889350891,-0.2862202525138855,-1.6145806312561035
1701278806.078835,0.2603602409362793,-0.2857028543949127,-1.6161439418792725
1701278806.111907,0.2598606050014496,-0.28522375226020813,-1.6154179573059082
1701278806.1462927,0.2598055303096771,-0.2847779393196106,-1.6124515533447266
1701278806.1778476,0.26085934042930603,-0.28533458709716797,-1.6100813150405884
1701278806.2138205,0.26352280378341675,-0.28714442253112793,-1.6075495481491089
1701278806.244982,0.26552850008010864,-0.2872404456138611,-1.6065655946731567
1701278806.289439,0.2677193880081177,-0.2874350845813751,-1.6077297925949097
1701278806.31996,0.2686067223548889,-0.2876914441585541,-1.6104850769042969
1701278806.349313,0.26979830861091614,-0.28783804178237915,-1.6124447584152222
1701278806.380839,0.27166491746902466,-0.2879033386707306,-1.6129459142684937
1701278806.4147058,0.27413246035575867,-0.2877577841281891,-1.6112563610076904
1701278806.4464643,0.2756134569644928,-0.2873765528202057,-1.6084657907485962
1701278806.4795792,0.27498292922973633,-0.286659300327301,-1.6058318614959717
1701278806.5138285,0.2794058322906494,-0.2889527678489685,-1.6059449911117554
1701278806.5459547,0.2838868200778961,-0.2905957102775574,-1.6013097763061523
1701278806.579076,0.28755730390548706,-0.29368576407432556,-1.599865436553955
1701278806.613301,0.2906380593776703,-0.29610350728034973,-1.5983550548553467
1701278806.6465805,0.2927595376968384,-0.29715436697006226,-1.596555233001709
1701278806.679251,0.2941742241382599,-0.298082172870636,-1.596340298652649
1701278806.712921,0.2913396954536438,-0.29675331711769104,-1.5971187353134155
1701278806.7463238,0.2882634699344635,-0.2958224415779114,-1.5967501401901245
1701278806.7812662,0.2852812707424164,-0.295137494802475,-1.597665548324585
1701278806.812324,0.28640487790107727,-0.2954535484313965,-1.5964369773864746
1701278806.8475807,0.2838343679904938,-0.29495611786842346,-1.597522497177124
1701278806.8822694,0.2813146412372589,-0.2943282127380371,-1.598493218421936
1701278806.9148123,0.2786196172237396,-0.2941910922527313,-1.5995608568191528
1701278806.9480734,0.2815459668636322,-0.29610180854797363,-1.602616310119629
1701278806.9828293,0.2837032079696655,-0.29672008752822876,-1.602858543395996
1701278807.0143547,0.2806902825832367,-0.29582318663597107,-1.6035345792770386
1701278807.0499494,0.2767753005027771,-0.29468029737472534,-1.604309320449829
1701278807.0820124,0.27293774485588074,-0.29302942752838135,-1.6046644449234009
1701278807.1160457,0.2700793743133545,-0.2924349009990692,-1.6047754287719727
1701278807.1490703,0.2686256766319275,-0.2921646535396576,-1.6052021980285645
1701278807.181201,0.2680113613605499,-0.2920185923576355,-1.6048321723937988
1701278807.214316,0.26791051030158997,-0.2917998731136322,-1.602701187133789
1701278807.249952,0.26857638359069824,-0.2903190851211548,-1.6032837629318237
1701278807.284636,0.2693127691745758,-0.2887301445007324,-1.6037112474441528
1701278807.3187077,0.2701529264450073,-0.2877541780471802,-1.6041004657745361
1701278807.3499556,0.27015262842178345,-0.28761935234069824,-1.603331446647644
1701278807.3841376,0.26963257789611816,-0.288080096244812,-1.6029759645462036
1701278807.4162998,0.2690412700176239,-0.288160115480423,-1.6030758619308472
1701278807.4500089,0.2678825557231903,-0.2879793047904968,-1.603144645690918
1701278807.484011,0.2672194540500641,-0.2873397767543793,-1.6044204235076904
1701278807.5170522,0.2724715769290924,-0.2887119948863983,-1.6057946681976318
1701278807.5510993,0.2734147012233734,-0.2884705364704132,-1.607660174369812
1701278807.5847285,0.27398592233657837,-0.28812459111213684,-1.6093698740005493
1701278807.6188319,0.2738395929336548,-0.2879805862903595,-1.6111561059951782
1701278807.6499534,0.2733352780342102,-0.2877550423145294,-1.6110607385635376
1701278807.6841555,0.2727278769016266,-0.2881622016429901,-1.610730767250061
1701278807.7262018,0.2777456045150757,-0.2908976078033447,-1.6119059324264526
1701278807.7699516,0.27708667516708374,-0.29121750593185425,-1.6131963729858398
1701278807.8132734,0.274285227060318,-0.2907482385635376,-1.6125867366790771
1701278807.856102,0.27061760425567627,-0.2887599766254425,-1.6133029460906982
1701278807.9002502,0.26914381980895996,-0.2870248258113861,-1.6120859384536743
1701278807.9421115,0.268794983625412,-0.28651607036590576,-1.6084214448928833
1701278807.984946,0.2688947319984436,-0.2863297164440155,-1.6066871881484985
1701278808.0260763,0.26654690504074097,-0.2850955128669739,-1.6075695753097534
1701278808.0680778,0.2657868564128876,-0.28354132175445557,-1.6075384616851807
1701278808.1098373,0.26585882902145386,-0.2832157611846924,-1.6071780920028687
1701278808.1518338,0.2670785188674927,-0.2832495868206024,-1.6095621585845947
1701278808.1943798,0.26862993836402893,-0.2829875648021698,-1.6074278354644775
1701278808.2379665,0.268324077129364,-0.2830692529678345,-1.6072722673416138
1701278808.2822294,0.2681697905063629,-0.2831323444843292,-1.6072031259536743
1701278808.326293,0.26548317074775696,-0.2792147994041443,-1.6046608686447144
1701278808.3698545,0.2632519602775574,-0.2789594531059265,-1.6041371822357178
1701278808.4123938,0.2630091905593872,-0.2795890271663666,-1.6033496856689453
1701278808.4540393,0.26257970929145813,-0.28017568588256836,-1.6034486293792725
1701278808.4951072,0.2591330409049988,-0.27905693650245667,-1.6041011810302734
1701278808.5388288,0.2571602463722229,-0.2788817286491394,-1.6048184633255005
1701278808.58508,0.2556709349155426,-0.2790094017982483,-1.6063311100006104
1701278808.6268342,0.25553029775619507,-0.28002339601516724,-1.6076407432556152
1701278808.6690335,0.2561757266521454,-0.28058964014053345,-1.6083675622940063
1701278808.7112174,0.2564762234687805,-0.2809925675392151,-1.6103931665420532
1701278808.7540798,0.25721919536590576,-0.28171709179878235,-1.6122822761535645
1701278808.7952037,0.25840166211128235,-0.2817097306251526,-1.6148895025253296
1701278808.8378344,0.25843214988708496,-0.2820531129837036,-1.6168861389160156
1701278808.8794546,0.25899869203567505,-0.2825160324573517,-1.6154563426971436
1701278808.9193306,0.25950369238853455,-0.2817873954772949,-1.6151498556137085
1701278808.9620132,0.26098477840423584,-0.28082555532455444,-1.6122041940689087
1701278809.0038369,0.2616945505142212,-0.2797732353210449,-1.607666015625
1701278809.044089,0.26191967725753784,-0.2790915071964264,-1.6036272048950195
1701278809.0857265,0.2626177966594696,-0.278793603181839,-1.600902795791626
1701278809.126932,0.2637113034725189,-0.27875909209251404,-1.6010781526565552
1701278809.1693304,0.2640625536441803,-0.27907487750053406,-1.606699824333191
1701278809.20998,0.2628995478153229,-0.2786827087402344,-1.6099451780319214
1701278809.2512262,0.2631700336933136,-0.27857717871665955,-1.6135836839675903
1701278809.291982,0.26124054193496704,-0.2757404148578644,-1.6115866899490356
1701278809.3355982,0.2584483325481415,-0.27422112226486206,-1.6100140810012817
1701278809.3751395,0.25544223189353943,-0.2735080122947693,-1.6074575185775757
1701278809.4192789,0.2518613934516907,-0.2726832926273346,-1.6056559085845947
1701278809.4599562,0.24931557476520538,-0.27282974123954773,-1.6037882566452026
1701278809.5030816,0.24836671352386475,-0.27351629734039307,-1.6028605699539185
1701278809.5469568,0.24745753407478333,-0.273540198802948,-1.5999408960342407
1701278809.5908344,0.24670498073101044,-0.2733615040779114,-1.5983457565307617
1701278809.6342282,0.24647104740142822,-0.27395471930503845,-1.6024436950683594
1701278809.675783,0.24616919457912445,-0.27387988567352295,-1.6070266962051392
1701278809.7043073,0.2476910948753357,-0.2733926475048065,-1.6095407009124756
1701278809.7344632,0.2501053810119629,-0.27334916591644287,-1.6116085052490234
1701278815.8138433,-0.04425536096096039,-0.34636569023132324,-1.2944667339324951
1701278815.8862908,-0.05261239781975746,-0.351226270198822,-1.2680494785308838
1701278815.9496055,-0.056273892521858215,-0.3589133620262146,-1.2684639692306519
1701278816.0152502,-0.057798098772764206,-0.36362382769584656,-1.2722880840301514
1701278816.0789754,-0.059428032487630844,-0.3682895302772522,-1.2781867980957031
1701278816.142078,-0.06349005550146103,-0.37234678864479065,-1.2780334949493408
1701278816.207956,-0.0657941997051239,-0.3783344328403473,-1.2790894508361816
1701278816.2716918,-0.06628898531198502,-0.3872590661048889,-1.2819701433181763
1701278816.3162472,-0.06909851729869843,-0.38801589608192444,-1.3248701095581055
1701278816.35756,-0.07309526205062866,-0.38727128505706787,-1.3392996788024902
1701278816.403781,-0.07738140970468521,-0.3869343400001526,-1.3487557172775269
1701278816.4468663,-0.08159007877111435,-0.3881893455982208,-1.357155680656433
1701278816.491071,-0.08470083773136139,-0.38927730917930603,-1.3780159950256348
1701278816.533942,-0.08637603372335434,-0.38903969526290894,-1.3691178560256958
1701278816.5760481,-0.08580832928419113,-0.39014673233032227,-1.361210584640503
1701278816.620268,-0.09220432490110397,-0.39044809341430664,-1.3541454076766968
1701278816.6608236,-0.08408594876527786,-0.3907489776611328,-1.3366010189056396
1701278816.7037952,-0.0856219083070755,-0.3857133984565735,-1.3276668787002563
1701278816.7477925,-0.08713538944721222,-0.3813093900680542,-1.3249634504318237
1701278816.7888427,-0.08685611188411713,-0.3815072774887085,-1.3363198041915894
1701278816.8319328,-0.0868670642375946,-0.3825114667415619,-1.3416109085083008
1701278816.8738399,-0.08489528298377991,-0.38222581148147583,-1.3515571355819702
1701278816.918431,-0.09004231542348862,-0.3757067918777466,-1.348384976387024
1701278816.9593935,-0.0924789309501648,-0.37463024258613586,-1.343308925628662
1701278817.0019653,-0.08785293251276016,-0.3755878806114197,-1.331286072731018
1701278817.0440125,-0.08870945870876312,-0.37554094195365906,-1.3260884284973145
1701278817.0865874,-0.0852217823266983,-0.38132038712501526,-1.3327703475952148
1701278817.1286418,-0.08166532963514328,-0.3859645128250122,-1.3393235206604004
1701278817.1717477,-0.07799939811229706,-0.38983213901519775,-1.3531372547149658
1701278817.2138567,-0.07693903893232346,-0.3921448886394501,-1.3537803888320923
1701278817.2554617,-0.07235100865364075,-0.3952587842941284,-1.3607556819915771
1701278817.2965298,-0.07209903746843338,-0.3957451283931732,-1.3677518367767334
1701278817.3396056,-0.07194331288337708,-0.39663708209991455,-1.3722325563430786
1701278817.3827074,-0.07133793830871582,-0.3973274230957031,-1.3695573806762695
1701278817.422773,-0.066268689930439,-0.40205085277557373,-1.362804651260376
1701278817.467366,-0.06208079308271408,-0.405444860458374,-1.3554388284683228
1701278817.5074503,-0.06144239753484726,-0.40736281871795654,-1.3411109447479248
1701278817.5510335,-0.06425295025110245,-0.40745407342910767,-1.3335164785385132
1701278817.591164,-0.06208511069417,-0.39851170778274536,-1.2966121435165405
1701278817.6337273,-0.06652330607175827,-0.39163684844970703,-1.281948447227478
1701278817.6763637,-0.06213783100247383,-0.38964080810546875,-1.2783586978912354
1701278817.7184436,-0.06434019654989243,-0.3865415155887604,-1.2784138917922974
1701278817.76003,-0.06218258664011955,-0.380873441696167,-1.3022336959838867
1701278817.8026757,-0.06446659564971924,-0.3808595538139343,-1.3080824613571167
1701278817.8427339,-0.0658235028386116,-0.38212722539901733,-1.3146867752075195
1701278817.8853347,-0.06569474935531616,-0.384219229221344,-1.3196444511413574
1701278817.925406,-0.06467484682798386,-0.38546445965766907,-1.3247014284133911
1701278817.9679966,-0.0683513656258583,-0.3848308026790619,-1.3142333030700684
1701278818.011073,-0.06938013434410095,-0.3820739984512329,-1.2995872497558594
1701278818.053187,-0.07070901989936829,-0.3811323344707489,-1.2995887994766235
1701278818.0952737,-0.06930580735206604,-0.3787122368812561,-1.281602382659912
1701278818.137306,-0.06811027228832245,-0.3797971308231354,-1.2770178318023682
1701278818.1758788,-0.06745066493749619,-0.3818627893924713,-1.2845631837844849
1701278818.2224205,-0.06548900902271271,-0.38318490982055664,-1.286959171295166
1701278818.2656467,-0.06980825960636139,-0.3840518295764923,-1.2923918962478638
1701278818.3056953,-0.07285881787538528,-0.38423535227775574,-1.2997874021530151
1701278818.345745,-0.07399734109640121,-0.3835313320159912,-1.3088456392288208
1701278818.3868368,-0.07541848719120026,-0.38425061106681824,-1.3039803504943848
1701278818.425879,-0.07641515880823135,-0.3837167024612427,-1.308375597000122
1701278818.46745,-0.07712066173553467,-0.38462722301483154,-1.3143253326416016
1701278818.4989953,-0.07634194940328598,-0.3849527835845947,-1.3089269399642944
1701278818.5285494,-0.07361549139022827,-0.3830372393131256,-1.3020418882369995
1701278818.5586243,-0.07350191473960876,-0.38221874833106995,-1.2886155843734741
1701278818.5871859,-0.07142340391874313,-0.38375627994537354,-1.2890623807907104
1701278818.6213427,-0.0701504498720169,-0.38590365648269653,-1.2947651147842407
1701278818.6538503,-0.06743746250867844,-0.3860052525997162,-1.297359585762024
1701278818.6884,-0.06706546992063522,-0.38655516505241394,-1.3045974969863892
1701278818.720948,-0.06452614068984985,-0.3851093649864197,-1.3064905405044556
1701278818.7549982,-0.06387193500995636,-0.38480833172798157,-1.3075168132781982
1701278818.7885537,-0.06383461505174637,-0.38615819811820984,-1.3127562999725342
1701278818.8221152,-0.06453566998243332,-0.3884374499320984,-1.3178094625473022
1701278818.8551621,-0.06545011699199677,-0.390683650970459,-1.326654314994812
1701278818.889478,-0.06742803752422333,-0.3920663893222809,-1.3301976919174194
1701278818.9219475,-0.0691569447517395,-0.3933650851249695,-1.324837327003479
1701278818.9559917,-0.06984950602054596,-0.39410528540611267,-1.3308366537094116
1701278818.9891107,-0.06992612779140472,-0.3957233130931854,-1.3369885683059692
1701278819.024353,-0.06841312348842621,-0.39632827043533325,-1.343826413154602
1701278819.0560184,-0.06749597191810608,-0.3983563482761383,-1.3356298208236694
1701278819.0901217,-0.06770581752061844,-0.39920830726623535,-1.3347833156585693
1701278819.1222584,-0.06817001104354858,-0.4002215564250946,-1.3326972723007202
1701278819.1574473,-0.07125575095415115,-0.4002639949321747,-1.3264963626861572
1701278819.1891093,-0.07110180705785751,-0.39970606565475464,-1.3242801427841187
1701278819.2233722,-0.07201685011386871,-0.39848703145980835,-1.3302161693572998
1701278819.256179,-0.07480373978614807,-0.39772453904151917,-1.333058476448059
1701278819.2892342,-0.07608284056186676,-0.3962409198284149,-1.3399749994277954
1701278819.3251054,-0.07614801079034805,-0.3949936032295227,-1.3470797538757324
1701278819.3552663,-0.0765720009803772,-0.39341312646865845,-1.351959228515625
1701278819.3893597,-0.07808910310268402,-0.3912075161933899,-1.352430820465088
1701278819.4248683,-0.07503877580165863,-0.3898262679576874,-1.3469452857971191
1701278819.4583898,-0.07500170916318893,-0.3872711956501007,-1.3450483083724976
1701278819.4909112,-0.07586454600095749,-0.38553377985954285,-1.3423413038253784
1701278819.526494,-0.073506198823452,-0.38245195150375366,-1.331356406211853
1701278819.5580206,-0.07453524321317673,-0.3792774975299835,-1.328689455986023
1701278819.5909164,-0.07891964912414551,-0.37739360332489014,-1.3304510116577148
1701278819.624943,-0.0831766352057457,-0.3771720230579376,-1.3357186317443848
1701278819.6584668,-0.08084318041801453,-0.380571573972702,-1.3338611125946045
1701278819.6921585,-0.07803710550069809,-0.3803838789463043,-1.3228569030761719
1701278819.7263145,-0.07861854881048203,-0.380244642496109,-1.3224024772644043
1701278819.7574098,-0.07829349488019943,-0.37943774461746216,-1.3260765075683594
1701278819.792615,-0.07663355767726898,-0.38012921810150146,-1.3281081914901733
1701278819.8261352,-0.07466595619916916,-0.3852786719799042,-1.332898497581482
1701278819.8591886,-0.07481585443019867,-0.38885292410850525,-1.3357317447662354
1701278819.8938668,-0.07407223433256149,-0.3897020220756531,-1.3390319347381592
1701278819.9249406,-0.07486476004123688,-0.388628751039505,-1.3374204635620117
1701278819.95899,-0.07359634339809418,-0.38728082180023193,-1.3308223485946655
1701278819.9938676,-0.07330994307994843,-0.3871065378189087,-1.3305866718292236
1701278820.0263896,-0.07152976840734482,-0.38682061433792114,-1.3200346231460571
1701278820.0600245,-0.07209493219852448,-0.38629621267318726,-1.3215022087097168
1701278820.0952938,-0.06937526911497116,-0.3856900930404663,-1.3207451105117798
1701278820.127816,-0.06926070898771286,-0.38481929898262024,-1.3273447751998901
1701278820.160029,-0.0687454417347908,-0.38406234979629517,-1.322546124458313
1701278820.1938698,-0.06778627634048462,-0.38190197944641113,-1.3121966123580933
1701278820.2263908,-0.06787343323230743,-0.3821263313293457,-1.3153660297393799
1701278820.2610207,-0.06780512630939484,-0.38310742378234863,-1.3208047151565552
1701278820.3045564,-0.06691049784421921,-0.3836807608604431,-1.3313488960266113
1701278820.3489954,-0.06700888276100159,-0.38375967741012573,-1.3398816585540771
1701278820.3901985,-0.0670928955078125,-0.3856320381164551,-1.3435118198394775
1701278820.4345012,-0.06431053578853607,-0.3890029191970825,-1.346240520477295
1701278820.4766183,-0.062160179018974304,-0.39070865511894226,-1.3507466316223145
1701278820.5212386,-0.06219484657049179,-0.39142903685569763,-1.3474574089050293
1701278820.5634155,-0.06197981536388397,-0.3920272886753082,-1.3488062620162964
1701278820.6049547,-0.05743611603975296,-0.3943047821521759,-1.3533459901809692
1701278820.646862,-0.057295478880405426,-0.3939947485923767,-1.3511276245117188
1701278820.6890109,-0.05997379124164581,-0.39397791028022766,-1.3534107208251953
1701278820.7317102,-0.062330447137355804,-0.3961086869239807,-1.3354175090789795
1701278820.773106,-0.06327199190855026,-0.3934321701526642,-1.3343324661254883
1701278820.8137448,-0.06282355636358261,-0.39031779766082764,-1.320974349975586
1701278820.8573644,-0.061349816620349884,-0.3866080939769745,-1.3157333135604858
1701278820.9011192,-0.06427793949842453,-0.37846747040748596,-1.2946783304214478
1701278820.9430273,-0.06750556826591492,-0.3753923177719116,-1.2879694700241089
1701278825.415293,-0.37512168288230896,-0.33681830763816833,-1.6076456308364868
1701278825.487089,-0.36878684163093567,-0.33805951476097107,-1.621957540512085
1701278825.5542536,-0.3659805655479431,-0.34585392475128174,-1.6510474681854248
1701278825.6161132,-0.3757832944393158,-0.3436325490474701,-1.621369481086731
1701278825.6955547,-0.37772321701049805,-0.34438374638557434,-1.6094510555267334
1701278825.7682614,-0.36927857995033264,-0.3553164303302765,-1.6152324676513672
1701278825.8303173,-0.36258041858673096,-0.36516502499580383,-1.6352787017822266
1701278825.8940573,-0.36123889684677124,-0.37147313356399536,-1.6491466760635376
1701278825.9363759,-0.3652946650981903,-0.37188073992729187,-1.6517128944396973
1701278825.9812965,-0.3689727187156677,-0.3716593384742737,-1.654979944229126
1701278826.025374,-0.3694607615470886,-0.3705724775791168,-1.651536464691162
1701278826.0690355,-0.36992278695106506,-0.36985260248184204,-1.6440112590789795
1701278826.1115894,-0.3696247339248657,-0.3699728548526764,-1.6347326040267944
1701278826.1532457,-0.37048500776290894,-0.3693216145038605,-1.6242393255233765
1701278826.1953058,-0.37100017070770264,-0.3694985508918762,-1.6188551187515259
1701278826.2353897,-0.37209099531173706,-0.3699645698070526,-1.6148651838302612
1701278826.2773132,-0.3741355836391449,-0.36983099579811096,-1.6152573823928833
1701278826.3178904,-0.3748071491718292,-0.3699568212032318,-1.6176434755325317
1701278826.366376,-0.37451401352882385,-0.3707313537597656,-1.6218931674957275
1701278826.4071093,-0.37397313117980957,-0.3722359538078308,-1.62661612033844
1701278826.4491498,-0.3824343979358673,-0.3715628385543823,-1.6155625581741333
1701278826.4897282,-0.38789328932762146,-0.37259170413017273,-1.618723750114441
1701278826.5393238,-0.3899954855442047,-0.3727933466434479,-1.6213444471359253
1701278826.5820599,-0.39149010181427,-0.37296250462532043,-1.621472716331482
1701278826.6256757,-0.39317888021469116,-0.3731986880302429,-1.6208189725875854
1701278826.669016,-0.39249977469444275,-0.37267181277275085,-1.619493842124939
1701278826.7073133,-0.39157596230506897,-0.3723980486392975,-1.615889310836792
1701278826.7494974,-0.3950498402118683,-0.3732297420501709,-1.613476037979126
1701278826.78904,-0.3927583396434784,-0.3766399025917053,-1.6177661418914795
1701278826.831086,-0.39009228348731995,-0.37851962447166443,-1.622890830039978
1701278826.8727572,-0.3884700834751129,-0.3791525363922119,-1.6268937587738037
1701278826.8998125,-0.3866021931171417,-0.37945348024368286,-1.6285483837127686
1701278826.9283507,-0.3850819170475006,-0.3796810209751129,-1.6299552917480469
1701278826.95773,-0.38373225927352905,-0.37960806488990784,-1.6297653913497925
1701278826.9863045,-0.3827340006828308,-0.3799874186515808,-1.627828598022461
1701278827.0153666,-0.3833862841129303,-0.3790659010410309,-1.6271884441375732
1701278827.0509295,-0.38382601737976074,-0.3780243396759033,-1.6243425607681274
1701278827.0829754,-0.3848309814929962,-0.37690794467926025,-1.6197865009307861
1701278827.1165178,-0.3855540156364441,-0.3755112886428833,-1.614762544631958
1701278827.1535685,-0.3854803442955017,-0.37404119968414307,-1.611716389656067
1701278827.1846023,-0.38522034883499146,-0.3727957308292389,-1.609279990196228
1701278827.2161605,-0.3851112723350525,-0.37192055583000183,-1.6082745790481567
1701278827.2509665,-0.38483408093452454,-0.37174221873283386,-1.608434796333313
1701278827.2838912,-0.38446056842803955,-0.3732198476791382,-1.6097487211227417
1701278827.3186116,-0.38534772396087646,-0.3748115301132202,-1.6122561693191528
1701278827.3516865,-0.38708096742630005,-0.3748699724674225,-1.6155811548233032
1701278827.3857381,-0.3889232575893402,-0.37530824542045593,-1.6167829036712646
1701278827.4167976,-0.3907843232154846,-0.3747045695781708,-1.618444800376892
1701278827.452428,-0.39249810576438904,-0.3740115761756897,-1.6181631088256836
1701278827.4848547,-0.3934081792831421,-0.37405574321746826,-1.6191868782043457
1701278827.5173278,-0.39347225427627563,-0.3747656047344208,-1.6202781200408936
1701278827.5519123,-0.3939868211746216,-0.3758101761341095,-1.6265519857406616
1701278827.5849402,-0.3949422836303711,-0.37629780173301697,-1.6318680047988892
1701278827.6183069,-0.39565977454185486,-0.3764374256134033,-1.6349050998687744
1701278827.6523852,-0.3963351845741272,-0.3757399022579193,-1.6355607509613037
1701278827.686044,-0.39645063877105713,-0.37496113777160645,-1.6350754499435425
1701278827.71825,-0.3955771327018738,-0.3738396167755127,-1.6338670253753662
1701278827.7523215,-0.39409366250038147,-0.3730722665786743,-1.6288838386535645
1701278827.786415,-0.39366886019706726,-0.3723781406879425,-1.6241371631622314
1701278827.8183157,-0.39328959584236145,-0.3719221353530884,-1.6200536489486694
1701278827.8524246,-0.39231863617897034,-0.3723437190055847,-1.6180448532104492
1701278827.8874447,-0.3924836814403534,-0.372732937335968,-1.6217752695083618
1701278827.9203784,-0.39339086413383484,-0.37297260761260986,-1.6276911497116089
1701278827.9524508,-0.3948191702365875,-0.3725491166114807,-1.634352684020996
1701278827.9880881,-0.3961033821105957,-0.37166091799736023,-1.641758680343628
1701278828.0231469,-0.397455632686615,-0.37009596824645996,-1.647451400756836
1701278828.0532365,-0.39788174629211426,-0.36886119842529297,-1.6506376266479492
1701278828.0863285,-0.3973793387413025,-0.3682328760623932,-1.6518343687057495
1701278828.1213899,-0.39916056394577026,-0.3660300672054291,-1.6521284580230713
1701278828.1545696,-0.4008408188819885,-0.36445730924606323,-1.6494245529174805
1701278828.1868384,-0.402798593044281,-0.3630448281764984,-1.6462100744247437
1701278828.2203753,-0.4038030505180359,-0.3624013066291809,-1.6428050994873047
1701278828.253825,-0.4047623574733734,-0.3616669774055481,-1.640794277191162
1701278828.2889178,-0.4033917486667633,-0.3624793291091919,-1.6364176273345947
1701278828.3219242,-0.4008523225784302,-0.3633253872394562,-1.632306456565857
1701278828.353342,-0.39798393845558167,-0.3641955256462097,-1.6291874647140503
1701278828.3882217,-0.3945487439632416,-0.36521288752555847,-1.6267642974853516
1701278828.42094,-0.3912407159805298,-0.3659324645996094,-1.624046802520752
1701278828.4548426,-0.3906868100166321,-0.36557328701019287,-1.6237692832946777
1701278828.4884593,-0.39007100462913513,-0.3655567169189453,-1.623831033706665
1701278828.5225306,-0.38956040143966675,-0.36600399017333984,-1.6254584789276123
1701278828.5540478,-0.388924241065979,-0.36652958393096924,-1.6271262168884277
1701278828.588947,-0.39096176624298096,-0.3661080002784729,-1.6295572519302368
1701278828.6220057,-0.39301541447639465,-0.366188108921051,-1.633021354675293
1701278828.6545525,-0.3958630859851837,-0.36539536714553833,-1.6360489130020142
1701278828.700318,-0.39636659622192383,-0.36554208397865295,-1.636362075805664
1701278828.739397,-0.39718323945999146,-0.3644377887248993,-1.637331247329712
1701278828.7799513,-0.3983077108860016,-0.362680584192276,-1.6349077224731445
1701278828.8234096,-0.3999089002609253,-0.36035096645355225,-1.6307601928710938
1701278828.8668694,-0.4012505114078522,-0.3598827123641968,-1.627839207649231
1701278828.909667,-0.39719879627227783,-0.3615547716617584,-1.6266435384750366
1701278828.9529269,-0.3946422040462494,-0.3636254072189331,-1.6266391277313232
1701278828.9943123,-0.39366450905799866,-0.3667886257171631,-1.6270639896392822
1701278829.0379188,-0.39064157009124756,-0.36932453513145447,-1.6277086734771729
1701278829.0794606,-0.38870319724082947,-0.37126418948173523,-1.6305522918701172
1701278829.11932,-0.38564521074295044,-0.3729020655155182,-1.630660891532898
1701278829.1619601,-0.3843221068382263,-0.3723033666610718,-1.6262855529785156
1701278829.204029,-0.3861653804779053,-0.3705447018146515,-1.6229393482208252
1701278829.2444284,-0.3881382644176483,-0.3690808117389679,-1.6196799278259277
1701278829.286016,-0.387106329202652,-0.36930227279663086,-1.6158162355422974
1701278829.326098,-0.3871517777442932,-0.3694380819797516,-1.614884614944458
1701278829.3693218,-0.3841415047645569,-0.3709482252597809,-1.618087649345398
1701278829.409355,-0.3819074034690857,-0.37100687623023987,-1.6224050521850586
1701278829.453453,-0.37918373942375183,-0.37156540155410767,-1.6217890977859497
1701278829.4934645,-0.3793870806694031,-0.370685338973999,-1.6197433471679688
1701278829.5344908,-0.3774009644985199,-0.37018442153930664,-1.6187766790390015
1701278829.5731063,-0.37631767988204956,-0.3706551790237427,-1.617770791053772
1701278829.614684,-0.3750942647457123,-0.37096673250198364,-1.6190224885940552
1701278829.6598494,-0.3745571970939636,-0.37136662006378174,-1.619985580444336
1701278829.699891,-0.37400054931640625,-0.3717033267021179,-1.6197096109390259
1701278829.7396064,-0.37396493554115295,-0.37165194749832153,-1.6199238300323486
1701278829.784221,-0.37576428055763245,-0.37068602442741394,-1.6193616390228271
1701278829.8244555,-0.37681612372398376,-0.370380699634552,-1.616221308708191
1701278829.8674326,-0.37513789534568787,-0.3709123134613037,-1.6128461360931396
1701278829.89697,-0.37470924854278564,-0.37127190828323364,-1.6121008396148682
1701278829.927418,-0.37380024790763855,-0.3724479675292969,-1.614642858505249
1701278829.9603686,-0.37731263041496277,-0.37287116050720215,-1.6192766427993774
1701278829.9955554,-0.38083580136299133,-0.3734104633331299,-1.623619556427002
1701278830.0280895,-0.3826141953468323,-0.37457045912742615,-1.6286402940750122
1701278830.062276,-0.38458052277565,-0.37501198053359985,-1.6347712278366089
1701278830.0949688,-0.3848385512828827,-0.37491706013679504,-1.6413207054138184
1701278830.1275282,-0.3860315978527069,-0.37448689341545105,-1.6452186107635498
1701278830.1621544,-0.3850252330303192,-0.3746890425682068,-1.644999384880066
1701278830.1953254,-0.3828548192977905,-0.3750653564929962,-1.6422326564788818
1701278830.2273448,-0.38256314396858215,-0.37528184056282043,-1.6429744958877563
1701278830.2619543,-0.3823991119861603,-0.3751339018344879,-1.6425278186798096
1701278830.2939558,-0.38389280438423157,-0.3743830919265747,-1.641644835472107
1701278830.326872,-0.38400280475616455,-0.3734878599643707,-1.6387312412261963
1701278830.3625073,-0.38319507241249084,-0.37278643250465393,-1.634792447090149
1701278830.3969636,-0.3829364776611328,-0.37188395857810974,-1.6307865381240845
1701278830.428516,-0.38255608081817627,-0.37057358026504517,-1.629042625427246
1701278830.462143,-0.3820771276950836,-0.3707060217857361,-1.6277128458023071
1701278830.494204,-0.3814907670021057,-0.3716318607330322,-1.6264249086380005
1701278834.631224,-0.032448481768369675,-0.3721405267715454,-1.8579612970352173
1701278834.705367,-0.03288288787007332,-0.3755960464477539,-1.8652105331420898
1701278834.7701344,-0.0341828428208828,-0.3761364817619324,-1.85355544090271
1701278834.8322113,-0.0312812402844429,-0.37345069646835327,-1.8437604904174805
1701278834.9066017,-0.026804395020008087,-0.36914709210395813,-1.8397046327590942
1701278834.951196,-0.024729497730731964,-0.36649826169013977,-1.8407056331634521
1701278834.9962916,-0.0259025227278471,-0.3665347099304199,-1.8463088274002075
1701278835.0414102,-0.0273821409791708,-0.36610880494117737,-1.850820541381836
1701278835.0879965,-0.0307058934122324,-0.3677797317504883,-1.8510358333587646
1701278835.132541,-0.03271988779306412,-0.3657989799976349,-1.8487236499786377
1701278835.1741307,-0.036928195506334305,-0.3616578280925751,-1.8451814651489258
1701278835.2216868,-0.04396983981132507,-0.35288915038108826,-1.8402756452560425
1701278835.2652307,-0.04921313002705574,-0.3476150929927826,-1.8390716314315796
1701278835.3072727,-0.05469273403286934,-0.3430977761745453,-1.837517499923706
1701278835.3518355,-0.05161672830581665,-0.3319624066352844,-1.8384625911712646
1701278835.3943808,-0.05018956959247589,-0.32875582575798035,-1.83212149143219
1701278835.4374242,-0.04473701864480972,-0.322896271944046,-1.8321630954742432
1701278835.4824796,-0.04172421246767044,-0.32050690054893494,-1.833840012550354
1701278835.5320427,-0.04312950000166893,-0.31650272011756897,-1.8214412927627563
1701278835.5797257,-0.04027698189020157,-0.32857704162597656,-1.8282533884048462
1701278835.6242857,-0.04254302382469177,-0.33818763494491577,-1.83347749710083
1701278835.6682436,-0.03871574252843857,-0.343533992767334,-1.8353691101074219
1701278835.7093754,-0.03517051786184311,-0.3483835458755493,-1.8387157917022705
1701278835.7550046,-0.030267886817455292,-0.35480591654777527,-1.8473330736160278
1701278835.799703,-0.02824295684695244,-0.3577057123184204,-1.848530888557434
1701278835.8414106,-0.02792046032845974,-0.3593285381793976,-1.8507370948791504
1701278835.88451,-0.02796272560954094,-0.35943803191185,-1.851467251777649
1701278835.9261513,-0.026263467967510223,-0.3587881922721863,-1.8534975051879883
1701278835.9698734,-0.028008924797177315,-0.358273983001709,-1.8500932455062866
1701278836.012469,-0.0298805832862854,-0.3584999144077301,-1.8503031730651855
1701278836.0530455,-0.03758801147341728,-0.3586372435092926,-1.8525856733322144
1701278836.0946193,-0.03918331116437912,-0.3595960736274719,-1.8495749235153198
1701278836.136183,-0.042071640491485596,-0.3586266040802002,-1.854243278503418
1701278836.176818,-0.041753996163606644,-0.35882294178009033,-1.8500362634658813
1701278836.2174578,-0.040967803448438644,-0.35861971974372864,-1.8463685512542725
1701278836.2573552,-0.04141470789909363,-0.35810792446136475,-1.8456846475601196
1701278836.3003986,-0.04063655808568001,-0.35892611742019653,-1.8438564538955688
1701278836.3414435,-0.039790887385606766,-0.3595755398273468,-1.8424330949783325
1701278836.3820086,-0.0389137901365757,-0.35982057452201843,-1.841504693031311
1701278836.4230726,-0.04250132665038109,-0.35818877816200256,-1.8380078077316284
1701278836.4661038,-0.04151483252644539,-0.3580934405326843,-1.8361272811889648
1701278836.4942403,-0.041549041867256165,-0.3587266206741333,-1.835641622543335
1701278836.5253174,-0.04116307571530342,-0.36012881994247437,-1.8366954326629639
1701278836.5551114,-0.04031553491950035,-0.36148881912231445,-1.8369606733322144
1701278836.5834248,-0.04035357013344765,-0.3622172474861145,-1.8383078575134277
1701278836.6165276,-0.04066961631178856,-0.3633483052253723,-1.839198350906372
1701278836.6510653,-0.0408223494887352,-0.3644605278968811,-1.8396923542022705
1701278836.6834223,-0.04099948704242706,-0.36536264419555664,-1.8411861658096313
1701278836.7179847,-0.04107895866036415,-0.365608811378479,-1.8427250385284424
1701278836.7509742,-0.041509661823511124,-0.36569511890411377,-1.8438189029693604
1701278836.7840009,-0.04137883707880974,-0.3652004599571228,-1.8443008661270142
1701278836.8195205,-0.044659752398729324,-0.3626858592033386,-1.8428685665130615
1701278836.8510892,-0.04486450180411339,-0.36159104108810425,-1.8436752557754517
1701278836.8862574,-0.045419998466968536,-0.362217515707016,-1.8429615497589111
1701278836.9164648,-0.04470127075910568,-0.36222386360168457,-1.8450087308883667
1701278836.9500275,-0.043990861624479294,-0.36063122749328613,-1.8452956676483154
1701278836.987174,-0.04774312674999237,-0.35985177755355835,-1.8432793617248535
1701278837.0173469,-0.0470585860311985,-0.3587382733821869,-1.8432817459106445
1701278837.0530632,-0.05003318190574646,-0.3558669090270996,-1.8436810970306396
1701278837.0848498,-0.04989269748330116,-0.3549739122390747,-1.8431001901626587
1701278837.1184464,-0.049781300127506256,-0.3555068075656891,-1.8413045406341553
1701278837.1535037,-0.049859531223773956,-0.3561098873615265,-1.840164303779602
1701278837.185548,-0.049356285482645035,-0.35697299242019653,-1.8402801752090454
1701278837.2190738,-0.04875825345516205,-0.3583146929740906,-1.8408894538879395
1701278837.253148,-0.0483020581305027,-0.3595830798149109,-1.842495083808899
1701278837.2861984,-0.048995088785886765,-0.35810142755508423,-1.8482236862182617
1701278837.3197253,-0.04842928424477577,-0.3575296401977539,-1.8502790927886963
1701278837.3523126,-0.045230306684970856,-0.35503917932510376,-1.8549145460128784
1701278837.3873873,-0.042477697134017944,-0.35126203298568726,-1.8541748523712158
1701278837.4194582,-0.04040248319506645,-0.34751516580581665,-1.8522859811782837
1701278837.451345,-0.03921045362949371,-0.34739381074905396,-1.8500646352767944
1701278837.4864538,-0.03933561593294144,-0.34734341502189636,-1.847333550453186
1701278837.520999,-0.04308678209781647,-0.3460158407688141,-1.8433780670166016
1701278837.553292,-0.04904581606388092,-0.34565991163253784,-1.8374840021133423
1701278837.5874321,-0.054970402270555496,-0.3445896506309509,-1.8378623723983765
1701278837.6212752,-0.06097786873579025,-0.3427794873714447,-1.8366165161132812
1701278837.6542518,-0.0587739571928978,-0.3439655005931854,-1.838480830192566
1701278837.6863093,-0.0554543137550354,-0.34181517362594604,-1.840442180633545
1701278837.7196298,-0.05619397759437561,-0.33938509225845337,-1.839660406112671
1701278837.7551155,-0.05699627101421356,-0.33587488532066345,-1.8374592065811157
1701278837.7893062,-0.05322767049074173,-0.33199551701545715,-1.8375096321105957
1701278837.8223848,-0.04935947805643082,-0.3287659287452698,-1.8369117975234985
1701278837.8559093,-0.048269908875226974,-0.32424360513687134,-1.836120367050171
1701278837.8889759,-0.04553946852684021,-0.32554998993873596,-1.839376449584961
1701278837.9212215,-0.04288360849022865,-0.32644402980804443,-1.8437767028808594
1701278837.9554002,-0.044203586876392365,-0.32634276151657104,-1.8442898988723755
1701278837.9904563,-0.041983697563409805,-0.327237069606781,-1.848727822303772
1701278838.0223668,-0.04318971931934357,-0.3268924653530121,-1.8481189012527466
1701278838.0549169,-0.04167326167225838,-0.32127684354782104,-1.8447173833847046
1701278838.088983,-0.042518287897109985,-0.31610608100891113,-1.8343957662582397
1701278838.1230524,-0.04462554678320885,-0.31140077114105225,-1.8260585069656372
1701278838.1583657,-0.047482170164585114,-0.3081699311733246,-1.8200759887695312
1701278838.1875315,-0.05046666041016579,-0.30419477820396423,-1.816741704940796
1701278838.2236123,-0.050871387124061584,-0.30214381217956543,-1.8132860660552979
1701278838.2551324,-0.052499596029520035,-0.2997250258922577,-1.807494878768921
1701278838.301128,-0.05478318780660629,-0.29748478531837463,-1.8045313358306885
1701278838.3418493,-0.05564607307314873,-0.29661598801612854,-1.8014377355575562
1701278838.3844686,-0.05501970276236534,-0.29442787170410156,-1.8040831089019775
1701278838.4255,-0.05462462455034256,-0.2935601770877838,-1.8038820028305054
1701278838.469537,-0.05224849283695221,-0.29336684942245483,-1.807121992111206
1701278838.5092485,-0.05159352719783783,-0.29583656787872314,-1.8087058067321777
1701278838.5542743,-0.04854021221399307,-0.2985093295574188,-1.816175103187561
1701278838.5963614,-0.042576082050800323,-0.30279242992401123,-1.8232780694961548
1701278838.6394033,-0.03872934728860855,-0.303561806678772,-1.8247007131576538
1701278838.6802182,-0.03742765262722969,-0.3049144744873047,-1.8238587379455566
1701278838.7210422,-0.03763618692755699,-0.30518367886543274,-1.8220561742782593
1701278838.7598567,-0.04049389064311981,-0.3044181168079376,-1.820701003074646
1701278838.8021908,-0.041120294481515884,-0.3011426329612732,-1.8206266164779663
1701278838.8432755,-0.04354250803589821,-0.3012465238571167,-1.8165947198867798
1701278838.8854754,-0.04571819677948952,-0.2996498644351959,-1.8160425424575806
1701278838.925892,-0.04762910306453705,-0.29806455969810486,-1.814903974533081
1701278838.9679856,-0.04952874779701233,-0.2951798439025879,-1.8129066228866577
1701278839.0100515,-0.049634940922260284,-0.29423362016677856,-1.8126202821731567
1701278839.0516293,-0.05021879822015762,-0.2940773367881775,-1.8132085800170898
1701278839.0932114,-0.04963389039039612,-0.2940489649772644,-1.8138244152069092
1701278839.1363127,-0.046268437057733536,-0.29206129908561707,-1.8164273500442505
1701278839.1784077,-0.04280459135770798,-0.2918154299259186,-1.8158994913101196
1701278839.219488,-0.036749862134456635,-0.2867562770843506,-1.821794033050537
1701278839.2595327,-0.029644746333360672,-0.28451281785964966,-1.8178954124450684
1701278839.3025942,-0.025420809164643288,-0.29065778851509094,-1.8109874725341797
1701278839.342814,-0.02388046868145466,-0.29475632309913635,-1.8118669986724854
1701278839.3853838,-0.018873240798711777,-0.29600989818573,-1.8149455785751343
1701278839.4264662,-0.016163505613803864,-0.29488542675971985,-1.815077781677246
1701278839.470508,-0.0145078394562006,-0.2926134765148163,-1.8145151138305664
1701278839.5140676,-0.01490926742553711,-0.29418081045150757,-1.8125089406967163
1701278839.5571067,-0.016939383000135422,-0.2971852123737335,-1.8120274543762207
1701278839.596189,-0.01983959972858429,-0.29923900961875916,-1.8131442070007324
1701278839.639281,-0.02337830327451229,-0.2993956208229065,-1.8128589391708374
1701278839.680331,-0.02616221085190773,-0.2987431585788727,-1.8143421411514282
1701278839.712371,-0.02624352276325226,-0.2973334789276123,-1.8176674842834473
1701278839.7429056,-0.026799902319908142,-0.2971384823322296,-1.8156518936157227
1701278839.771494,-0.029448486864566803,-0.2986549735069275,-1.81168794631958
1701278839.8019578,-0.03150767832994461,-0.30083850026130676,-1.81204092502594
1701278843.893431,-0.13624194264411926,-0.20316928625106812,-1.5049519538879395
1701278843.9613523,-0.13165774941444397,-0.20824837684631348,-1.4897278547286987
1701278844.030431,-0.12943655252456665,-0.2099955976009369,-1.4874536991119385
1701278844.0945034,-0.1336207240819931,-0.2174278050661087,-1.4857174158096313
1701278844.1595964,-0.12963207066059113,-0.21804066002368927,-1.490602970123291
1701278844.222694,-0.1272532343864441,-0.2164222151041031,-1.4876216650009155
1701278844.2829726,-0.13060663640499115,-0.21712279319763184,-1.4799805879592896
1701278844.3310285,-0.1348036229610443,-0.21690765023231506,-1.472564697265625
1701278844.3771086,-0.1366986185312271,-0.21484069526195526,-1.4702684879302979
1701278844.4202476,-0.14265859127044678,-0.20950783789157867,-1.4596302509307861
1701278844.4638484,-0.14557301998138428,-0.20609384775161743,-1.4557390213012695
1701278844.507425,-0.14714138209819794,-0.2023504227399826,-1.4537986516952515
1701278844.551979,-0.14893442392349243,-0.19509804248809814,-1.448288083076477
1701278844.5955951,-0.14989891648292542,-0.19322043657302856,-1.4496835470199585
1701278844.6386518,-0.15024439990520477,-0.19312049448490143,-1.4543170928955078
1701278844.6837614,-0.14889895915985107,-0.19480472803115845,-1.4646378755569458
1701278844.7278247,-0.14614519476890564,-0.19525712728500366,-1.4688506126403809
1701278844.7730048,-0.14346985518932343,-0.19584739208221436,-1.4697190523147583
1701278844.8170593,-0.1417517215013504,-0.19816961884498596,-1.4649901390075684
1701278844.8591275,-0.14151187241077423,-0.20042866468429565,-1.4587959051132202
1701278844.9032614,-0.14174945652484894,-0.20329982042312622,-1.4529916048049927
1701278844.9451408,-0.14201343059539795,-0.20407995581626892,-1.451503038406372
1701278844.990322,-0.14225324988365173,-0.20627881586551666,-1.4484862089157104
1701278845.0344372,-0.13971459865570068,-0.20610874891281128,-1.4530956745147705
1701278845.076965,-0.13624519109725952,-0.20337730646133423,-1.4546562433242798
1701278845.1200264,-0.1372189074754715,-0.208110973238945,-1.4564933776855469
1701278845.162606,-0.1366613507270813,-0.20858052372932434,-1.4636324644088745
1701278845.204206,-0.13458968698978424,-0.20647315680980682,-1.4656215906143188
1701278845.2442746,-0.13274133205413818,-0.20539462566375732,-1.461387038230896
1701278845.2868538,-0.12325701117515564,-0.2079559713602066,-1.4604600667953491
1701278845.326931,-0.11499258130788803,-0.21411404013633728,-1.4593901634216309
1701278845.3716278,-0.10566794872283936,-0.22210603952407837,-1.4595712423324585
1701278845.4126928,-0.09864362329244614,-0.22857747972011566,-1.4609590768814087
1701278845.453356,-0.08508146554231644,-0.2414289265871048,-1.4697115421295166
1701278845.4949234,-0.0771753117442131,-0.24769601225852966,-1.474524736404419
1701278845.5379813,-0.0693901851773262,-0.2540675699710846,-1.48007071018219
1701278845.576587,-0.06205368414521217,-0.25760748982429504,-1.4856288433074951
1701278845.617669,-0.04995228350162506,-0.2611231207847595,-1.4927743673324585
1701278845.6612928,-0.04370570182800293,-0.25887247920036316,-1.4901337623596191
1701278845.6898983,-0.040193699300289154,-0.25943177938461304,-1.4850164651870728
1701278845.721448,-0.038339193910360336,-0.25944989919662476,-1.4812426567077637
1701278845.7501328,-0.037447087466716766,-0.26021599769592285,-1.4772801399230957
1701278845.7837274,-0.03703727200627327,-0.26050156354904175,-1.4749361276626587
1701278845.8152955,-0.03684476017951965,-0.26090678572654724,-1.4701576232910156
1701278845.8498623,-0.03458542004227638,-0.25804775953292847,-1.467307209968567
1701278845.8844655,-0.03092513047158718,-0.2552489936351776,-1.4644958972930908
1701278845.9180083,-0.02617129497230053,-0.25213560461997986,-1.4638524055480957
1701278845.949552,-0.02360793575644493,-0.2532232999801636,-1.462525486946106
1701278845.9851685,-0.02098793536424637,-0.2538983225822449,-1.4632620811462402
1701278846.0177143,-0.020153813064098358,-0.25913920998573303,-1.4662691354751587
1701278846.0502644,-0.020850807428359985,-0.2658803164958954,-1.4727058410644531
1701278846.0838482,-0.02144780382514,-0.2688137888908386,-1.4804658889770508
1701278846.1184156,-0.022165890783071518,-0.269752562046051,-1.4851346015930176
1701278846.1524725,-0.023613546043634415,-0.27016007900238037,-1.4885764122009277
1701278846.1851096,-0.025730738416314125,-0.27304497361183167,-1.4884871244430542
1701278846.219647,-0.029039893299341202,-0.2763824164867401,-1.4880704879760742
1701278846.2518556,-0.03149300441145897,-0.27576228976249695,-1.4901467561721802
1701278846.2869143,-0.03427284210920334,-0.27347633242607117,-1.4878613948822021
1701278846.3190827,-0.03642852604389191,-0.27006134390830994,-1.4851223230361938
1701278846.353129,-0.03912582993507385,-0.2662906348705292,-1.4812124967575073
1701278846.385193,-0.04240446537733078,-0.2653425633907318,-1.479295015335083
1701278846.4272685,-0.04665093123912811,-0.2670854330062866,-1.4774248600006104
1701278846.456811,-0.04871693253517151,-0.2689705491065979,-1.4781745672225952
1701278846.4868393,-0.05073839798569679,-0.2714478075504303,-1.481065034866333
1701278846.5190878,-0.05027930065989494,-0.26998481154441833,-1.485878348350525
1701278846.5531833,-0.049355536699295044,-0.267530232667923,-1.4874881505966187
1701278846.586278,-0.046342916786670685,-0.265643447637558,-1.4872808456420898
1701278846.6178415,-0.04347831755876541,-0.26448729634284973,-1.4864883422851562
1701278846.6519058,-0.04082261770963669,-0.26391780376434326,-1.4843511581420898
1701278846.6869352,-0.04021565243601799,-0.26534005999565125,-1.4813973903656006
1701278846.7223914,-0.03962425887584686,-0.26509514451026917,-1.485209345817566
1701278846.7559175,-0.03898340091109276,-0.26386237144470215,-1.4840108156204224
1701278846.7878592,-0.03933241218328476,-0.263922780752182,-1.4807558059692383
1701278846.8215187,-0.03902345150709152,-0.2641967535018921,-1.4833046197891235
1701278846.8524213,-0.03924591466784477,-0.26685959100723267,-1.4867244958877563
1701278846.8865235,-0.038902707397937775,-0.2698950469493866,-1.4924211502075195
1701278846.9200468,-0.03745885193347931,-0.2742518186569214,-1.4990943670272827
1701278846.95513,-0.03678206354379654,-0.27815860509872437,-1.5033800601959229
1701278846.9867136,-0.034021105617284775,-0.27892011404037476,-1.5079014301300049
1701278847.0224183,-0.03289692848920822,-0.2794504761695862,-1.5088921785354614
1701278847.055052,-0.032071493566036224,-0.28116825222969055,-1.5081062316894531
1701278847.086479,-0.032001182436943054,-0.2809281051158905,-1.5103999376296997
1701278847.122434,-0.03350643068552017,-0.2819075882434845,-1.5128430128097534
1701278847.1551833,-0.03412378206849098,-0.2787661552429199,-1.5105211734771729
1701278847.1883087,-0.036485735327005386,-0.27665430307388306,-1.5041444301605225
1701278847.22201,-0.03843320906162262,-0.2734866440296173,-1.5007017850875854
1701278847.2561324,-0.04122267663478851,-0.27307406067848206,-1.4968417882919312
1701278847.2911518,-0.042563699185848236,-0.27209576964378357,-1.4916349649429321
1701278847.321303,-0.040526095777750015,-0.267578125,-1.4877147674560547
1701278847.3543918,-0.039018742740154266,-0.266644150018692,-1.4805282354354858
1701278847.387951,-0.03760972619056702,-0.2639181315898895,-1.4754505157470703
1701278847.4225183,-0.03621029108762741,-0.2607402503490448,-1.4730316400527954
1701278847.4553928,-0.03745441138744354,-0.2622133493423462,-1.469436764717102
1701278847.4899426,-0.04019246995449066,-0.2641468644142151,-1.4692367315292358
1701278847.523632,-0.044471584260463715,-0.2684149742126465,-1.472935676574707
1701278847.5563889,-0.04816964268684387,-0.2715350091457367,-1.4757283926010132
1701278847.5915935,-0.04997558146715164,-0.26954787969589233,-1.4805080890655518
1701278847.6225193,-0.051335446536540985,-0.2661462426185608,-1.4817025661468506
1701278847.6560912,-0.051129020750522614,-0.26219868659973145,-1.4810692071914673
1701278847.692175,-0.050233229994773865,-0.25821453332901,-1.477255940437317
1701278847.7256978,-0.046889159828424454,-0.2546975910663605,-1.4714425802230835
1701278847.7564175,-0.04469393938779831,-0.25293391942977905,-1.4672539234161377
1701278847.793384,-0.04230629652738571,-0.2535296082496643,-1.464564323425293
1701278847.8254611,-0.040307193994522095,-0.2531679570674896,-1.4641761779785156
1701278847.8569837,-0.0384090431034565,-0.2532378137111664,-1.4641679525375366
1701278847.905191,-0.03696984797716141,-0.25594350695610046,-1.4679279327392578
1701278847.948527,-0.03884376585483551,-0.2628886103630066,-1.4728435277938843
1701278847.9958348,-0.04129396006464958,-0.26611897349357605,-1.4831874370574951
1701278848.036443,-0.04247237369418144,-0.2681821882724762,-1.4923287630081177
1701278848.0780416,-0.04146921634674072,-0.2688973546028137,-1.4997931718826294
1701278848.1211014,-0.038055114448070526,-0.2693646550178528,-1.501662254333496
1701278848.1642497,-0.03455642983317375,-0.26747366786003113,-1.5031449794769287
1701278848.206923,-0.032782215625047684,-0.271445095539093,-1.4994405508041382
1701278848.2544625,-0.030519284307956696,-0.2723105251789093,-1.5050352811813354
1701278848.2950418,-0.028007585555315018,-0.2732626795768738,-1.5050663948059082
1701278848.3380904,-0.03251078724861145,-0.2743716835975647,-1.5034470558166504
1701278848.3796835,-0.03632732108235359,-0.2742369472980499,-1.5059362649917603
1701278848.4232595,-0.04149115830659866,-0.2753857970237732,-1.50831139087677
1701278848.4673564,-0.049970079213380814,-0.27205947041511536,-1.5036481618881226
1701278848.508428,-0.05214828625321388,-0.2697807848453522,-1.4965027570724487
1701278848.5530012,-0.05107668787240982,-0.2656552791595459,-1.4910433292388916
1701278848.5947802,-0.04952612146735191,-0.2627808451652527,-1.4890074729919434
1701278848.6368122,-0.04100736975669861,-0.2635706961154938,-1.489524006843567
1701278848.6760435,-0.03428717702627182,-0.26622533798217773,-1.4915767908096313
1701278848.7179208,-0.031151581555604935,-0.2724556028842926,-1.4936586618423462
1701278848.7580943,-0.028922876343131065,-0.27494263648986816,-1.4997342824935913
1701278848.8020546,-0.023594023659825325,-0.2791421413421631,-1.5023038387298584
1701278848.84132,-0.02180289477109909,-0.2816741466522217,-1.5026358366012573
1701278848.886094,-0.02296627312898636,-0.28514614701271057,-1.5018619298934937
1701278848.9262738,-0.02545446902513504,-0.2878260612487793,-1.5035197734832764
1701278848.969149,-0.02700057253241539,-0.2931826710700989,-1.5096462965011597
1701278849.009367,-0.027386119589209557,-0.29156699776649475,-1.5123530626296997
1701278849.0513964,-0.026654832065105438,-0.2894023060798645,-1.5107452869415283
1701278849.0904567,-0.026407714933156967,-0.28729352355003357,-1.508679747581482
A coordinates: -0.070520915 -1.331193
B coordinates: -0.38357952 -1.6266277
