1698865978.2880757,0.38035210967063904,-0.422789603471756,-1.3811639547348022
1698865978.3739429,0.38110819458961487,-0.4162978529930115,-1.374630331993103
1698865978.4832885,0.3803284764289856,-0.417491614818573,-1.3772791624069214
1698865978.534514,0.37902361154556274,-0.41951075196266174,-1.3787142038345337
1698865978.5815883,0.37861186265945435,-0.4214880168437958,-1.3802415132522583
1698865978.627651,0.37848448753356934,-0.4230920970439911,-1.3814963102340698
1698865978.6727242,0.37834030389785767,-0.4227185845375061,-1.3820327520370483
1698865978.717772,0.3783913552761078,-0.42160406708717346,-1.3827691078186035
1698865978.7617216,0.3777580261230469,-0.4216836094856262,-1.3826581239700317
1698865978.8029244,0.3771709203720093,-0.42357417941093445,-1.3842295408248901
1698865978.8449054,0.37750449776649475,-0.4251074492931366,-1.3848992586135864
1698865978.8873367,0.3776901066303253,-0.42566415667533875,-1.3853542804718018
1698865978.9299757,0.3774538040161133,-0.42594581842422485,-1.3848093748092651
1698865978.9721828,0.3773374855518341,-0.4279171824455261,-1.3873392343521118
1698865979.0169828,0.37755730748176575,-0.42815956473350525,-1.3878674507141113
1698865979.059897,0.37772348523139954,-0.42796140909194946,-1.388018250465393
1698865979.10395,0.3776863217353821,-0.4294212758541107,-1.3903324604034424
1698865979.1459875,0.3778391182422638,-0.4298866093158722,-1.3902904987335205
1698865979.1865537,0.37775251269340515,-0.4299747347831726,-1.3891239166259766
1698865979.2256339,0.3776124119758606,-0.42963674664497375,-1.3875148296356201
1698865979.2666917,0.37746462225914,-0.4290311932563782,-1.3871650695800781
1698865979.3067799,0.37765470147132874,-0.4297003149986267,-1.3871580362319946
1698865979.347885,0.3779098391532898,-0.42921966314315796,-1.3863708972930908
1698865979.3900414,0.3778420686721802,-0.4288286566734314,-1.3848602771759033
1698865979.4311326,0.37846118211746216,-0.4287914037704468,-1.3847050666809082
1698865979.4727936,0.3789980113506317,-0.42856183648109436,-1.3838207721710205
1698865979.5145733,0.37891262769699097,-0.4285550117492676,-1.3838989734649658
1698865979.5561397,0.37922337651252747,-0.4282701015472412,-1.383541464805603
1698865979.5987077,0.37957096099853516,-0.42823392152786255,-1.3832913637161255
1698865979.639741,0.3799615800380707,-0.4288608729839325,-1.3833986520767212
1698865979.682247,0.37966975569725037,-0.42783695459365845,-1.3803995847702026
1698865979.723993,0.37974250316619873,-0.42796894907951355,-1.378858208656311
1698865979.765974,0.3795124888420105,-0.4284129738807678,-1.3780395984649658
1698865979.8066545,0.3790071904659271,-0.4284496009349823,-1.3767908811569214
1698865979.8497055,0.37992754578590393,-0.42887258529663086,-1.3790229558944702
1698865979.8899546,0.38024765253067017,-0.429808646440506,-1.3802417516708374
1698865979.9315934,0.3804851770401001,-0.4299800992012024,-1.3806737661361694
1698865979.9743092,0.38143160939216614,-0.4313236176967621,-1.3818633556365967
1698865980.0159318,0.3826245665550232,-0.4322410225868225,-1.3833370208740234
1698865980.0561328,0.3831462860107422,-0.43369045853614807,-1.3848284482955933
1698865980.0979772,0.38322991132736206,-0.4344111382961273,-1.3852699995040894
1698865980.1384838,0.383027046918869,-0.4348311126232147,-1.384808897972107
1698865980.1822004,0.38340210914611816,-0.43451759219169617,-1.3855470418930054
1698865980.222792,0.38368508219718933,-0.43413275480270386,-1.385903239250183
1698865980.2649398,0.3838861882686615,-0.43388688564300537,-1.3865541219711304
1698865980.3085294,0.38509878516197205,-0.43324822187423706,-1.387183666229248
1698865980.338027,0.3852299451828003,-0.43366217613220215,-1.3876136541366577
1698865980.3670914,0.3854658007621765,-0.43396514654159546,-1.388680338859558
1698865980.402212,0.3850988447666168,-0.4337421953678131,-1.3877174854278564
1698865980.433775,0.384925901889801,-0.43403011560440063,-1.3877041339874268
1698865980.466353,0.38500404357910156,-0.4351513087749481,-1.3897435665130615
1698865980.501969,0.38525211811065674,-0.43707695603370667,-1.3922277688980103
1698865980.536044,0.3851734697818756,-0.4391627311706543,-1.3941459655761719
1698865980.5699203,0.38534262776374817,-0.4406580924987793,-1.3949779272079468
1698865980.6019917,0.3851053714752197,-0.44141700863838196,-1.3946408033370972
1698865980.6355176,0.3850901424884796,-0.44184789061546326,-1.3944936990737915
1698865980.6697571,0.38502344489097595,-0.4416724443435669,-1.3936660289764404
1698865980.702879,0.384860098361969,-0.44168582558631897,-1.392523169517517
1698865980.7359452,0.3842434585094452,-0.4415470361709595,-1.3909127712249756
1698865980.7701118,0.3838420510292053,-0.44081103801727295,-1.3885283470153809
1698865980.8031466,0.38324227929115295,-0.4393584728240967,-1.386003851890564
1698865980.8372662,0.3824738562107086,-0.4370555281639099,-1.3821793794631958
1698865980.871062,0.38161221146583557,-0.43476489186286926,-1.3796555995941162
1698865980.9035814,0.38111454248428345,-0.43397092819213867,-1.3800808191299438
1698865980.9369245,0.3811292052268982,-0.4348989725112915,-1.3828243017196655
1698865980.9698143,0.38145554065704346,-0.43614864349365234,-1.3868968486785889
1698865981.004007,0.38170644640922546,-0.4371880292892456,-1.3893365859985352
1698865981.0361989,0.38181233406066895,-0.43720123171806335,-1.389356017112732
1698865981.072174,0.38150671124458313,-0.43677109479904175,-1.3883835077285767
1698865981.1027422,0.38167306780815125,-0.4359011650085449,-1.38812255859375
1698865981.1377747,0.3819778561592102,-0.43446090817451477,-1.387589454650879
1698865981.1711159,0.38233518600463867,-0.43337246775627136,-1.387021541595459
1698865981.203261,0.3824923038482666,-0.433058500289917,-1.386529803276062
1698865981.236532,0.38272222876548767,-0.43305879831314087,-1.3855040073394775
1698865981.2711194,0.3827539086341858,-0.43363824486732483,-1.3841891288757324
1698865981.303182,0.38283154368400574,-0.4345299005508423,-1.383130669593811
1698865981.336579,0.38288241624832153,-0.4351983070373535,-1.3820302486419678
1698865981.3731961,0.38301753997802734,-0.43592628836631775,-1.3818997144699097
1698865981.404004,0.3834720849990845,-0.4364990293979645,-1.382880687713623
1698865981.4374144,0.38385218381881714,-0.43706774711608887,-1.3840886354446411
1698865981.472225,0.384121298789978,-0.4373963475227356,-1.385135293006897
1698865981.5048053,0.38455626368522644,-0.4384118318557739,-1.3873413801193237
1698865981.5383878,0.38528040051460266,-0.43973028659820557,-1.390024185180664
1698865981.5711677,0.3856640160083771,-0.4403456151485443,-1.3917360305786133
1698865981.6049955,0.3858146369457245,-0.44093188643455505,-1.3930237293243408
1698865981.6385202,0.385932981967926,-0.44081413745880127,-1.392738699913025
1698865981.6741111,0.386024534702301,-0.44030535221099854,-1.3919016122817993
1698865981.70417,0.3858542740345001,-0.4404347240924835,-1.3917709589004517
1698865981.7405703,0.38566353917121887,-0.44061264395713806,-1.392085075378418
1698865981.7731194,0.38576292991638184,-0.4411467909812927,-1.393288254737854
1698865981.8071992,0.38594624400138855,-0.44098636507987976,-1.392438530921936
1698865981.841211,0.3860059976577759,-0.4415358304977417,-1.3919894695281982
1698865981.8727639,0.3859586715698242,-0.4418313801288605,-1.3907197713851929
1698865981.9052851,0.38611382246017456,-0.44252657890319824,-1.3899378776550293
1698865981.940015,0.386513888835907,-0.4432928264141083,-1.3911153078079224
1698865981.9720778,0.3865443170070648,-0.44263985753059387,-1.3906022310256958
1698865982.0057812,0.3867928981781006,-0.44206011295318604,-1.39013671875
1698865982.039938,0.38688603043556213,-0.4415171146392822,-1.3898468017578125
1698865982.0720105,0.38671380281448364,-0.440752774477005,-1.389228343963623
1698865982.1085458,0.38644886016845703,-0.4403197467327118,-1.3887836933135986
1698865982.1540985,0.3860306143760681,-0.4396779239177704,-1.387770652770996
1698865982.1948233,0.3855302333831787,-0.44032418727874756,-1.3882251977920532
1698865982.23693,0.3845430314540863,-0.44038933515548706,-1.3872449398040771
1698865982.2799563,0.3831925392150879,-0.4390450716018677,-1.3839503526687622
1698865982.321526,0.3828830420970917,-0.438850075006485,-1.3836984634399414
1698865982.3621998,0.3828662633895874,-0.4390018582344055,-1.3837450742721558
1698865982.4022577,0.38281092047691345,-0.43858057260513306,-1.3826005458831787
1698865982.442885,0.3833240866661072,-0.43869394063949585,-1.3833988904953003
1698865982.4859319,0.38358837366104126,-0.43666380643844604,-1.3816959857940674
1698865982.526836,0.3837798237800598,-0.43569889664649963,-1.3821918964385986
1698865982.5670407,0.38325104117393494,-0.4350166618824005,-1.3822423219680786
1698865982.608145,0.3824096918106079,-0.4341212809085846,-1.3805607557296753
1698865982.6497402,0.3815110921859741,-0.4333881735801697,-1.3786344528198242
1698865982.6909673,0.3811258375644684,-0.43334195017814636,-1.3791604042053223
1698865982.7353969,0.38091909885406494,-0.43387770652770996,-1.379417896270752
1698865982.774532,0.38054153323173523,-0.43413716554641724,-1.3784600496292114
1698865982.8173048,0.38019585609436035,-0.43478158116340637,-1.3777977228164673
1698865982.857955,0.380455881357193,-0.43517351150512695,-1.3794313669204712
1698865982.9011142,0.3808346688747406,-0.43585366010665894,-1.3806262016296387
1698865982.9415107,0.381115198135376,-0.43683308362960815,-1.3812587261199951
1698865982.983136,0.3813473880290985,-0.43882837891578674,-1.3832042217254639
1698865983.0232775,0.38138264417648315,-0.43833988904953003,-1.3818492889404297
1698865983.0638344,0.38124939799308777,-0.43811652064323425,-1.3814697265625
1698865983.1049364,0.38153210282325745,-0.43824756145477295,-1.3820223808288574
1698865983.1449893,0.3823789060115814,-0.4392932057380676,-1.3845140933990479
1698865983.1850655,0.3831949532032013,-0.43925559520721436,-1.3840620517730713
1698865983.2231274,0.3844560384750366,-0.4393323063850403,-1.3853843212127686
1698865983.2632895,0.3849075436592102,-0.4402385652065277,-1.3871458768844604
1698865983.3048797,0.3846479654312134,-0.4401574730873108,-1.386531114578247
1698865983.3444796,0.38427847623825073,-0.44001105427742004,-1.3865529298782349
1698865983.3861663,0.38333454728126526,-0.44009459018707275,-1.3871386051177979
1698865983.426177,0.3828706741333008,-0.43905070424079895,-1.3849903345108032
1698865983.4680295,0.38245609402656555,-0.43762293457984924,-1.3815628290176392
1698865990.6389196,0.003690378274768591,-0.35895875096321106,-1.0547174215316772
1698865990.7077537,0.005677328910678625,-0.35578274726867676,-1.046998143196106
1698865990.7637522,0.012883677147328854,-0.35885944962501526,-1.0893446207046509
1698865990.8289864,0.01513122022151947,-0.36459100246429443,-1.0912138223648071
1698865990.8901663,0.013655557297170162,-0.3628997802734375,-1.086695671081543
1698865990.9390328,0.012657267041504383,-0.3640784025192261,-1.0952503681182861
1698865990.9841318,0.01380566880106926,-0.35645753145217896,-1.0874388217926025
1698865991.0308254,0.017566606402397156,-0.3432186245918274,-1.0845708847045898
1698865991.0774193,0.018509848043322563,-0.3334521949291229,-1.067862868309021
1698865991.1229637,0.021603506058454514,-0.33786848187446594,-1.0756443738937378
1698865991.1659038,0.019754232838749886,-0.34144890308380127,-1.0670580863952637
1698865991.2089915,0.017675261944532394,-0.3465999364852905,-1.0608696937561035
1698865991.2530177,0.014317469671368599,-0.3590546250343323,-1.0616264343261719
1698865991.2966144,0.01292819157242775,-0.364973247051239,-1.0689762830734253
1698865991.3386998,0.012942299246788025,-0.36484718322753906,-1.069988489151001
1698865991.3822048,0.012786583974957466,-0.3660246431827545,-1.0748720169067383
1698865991.4298925,0.012115483172237873,-0.3627891540527344,-1.0752729177474976
1698865991.4733386,0.011486394330859184,-0.36324501037597656,-1.07887864112854
1698865991.5176566,0.009753365069627762,-0.3669687807559967,-1.0862963199615479
1698865991.558232,0.007482715416699648,-0.37234145402908325,-1.0919485092163086
1698865991.6011107,0.005129863973706961,-0.37996092438697815,-1.0990890264511108
1698865991.6431732,0.003382621333003044,-0.3843725919723511,-1.1037826538085938
1698865991.6862562,0.0012040846049785614,-0.3892764747142792,-1.1096683740615845
1698865991.7269988,0.0018255067989230156,-0.38847604393959045,-1.1099780797958374
1698865991.7697518,0.0031663430854678154,-0.38519448041915894,-1.1070011854171753
1698865991.810714,0.0058309235610067844,-0.3805810511112213,-1.1070035696029663
1698865991.855826,0.006360908504575491,-0.38064178824424744,-1.107823133468628
1698865991.9005618,0.006781791802495718,-0.3818999230861664,-1.1110398769378662
1698865991.940594,0.009125014767050743,-0.38306817412376404,-1.1136685609817505
1698865991.9821944,0.008244739845395088,-0.3849293291568756,-1.1130831241607666
1698865992.02276,0.007676970213651657,-0.3866535425186157,-1.1114768981933594
1698865992.0685055,0.007764252834022045,-0.3860296607017517,-1.1087830066680908
1698865992.1113834,0.00774712348356843,-0.3847358822822571,-1.105950117111206
1698865992.158961,0.008484265767037868,-0.38289710879325867,-1.1015642881393433
1698865992.2033336,0.00857529416680336,-0.3812016248703003,-1.1003162860870361
1698865992.2473695,0.010364517569541931,-0.37145352363586426,-1.095030665397644
1698865992.2897444,0.012948942370712757,-0.36489298939704895,-1.0887941122055054
1698865992.3317766,0.013104002922773361,-0.36095768213272095,-1.0876835584640503
1698865992.373857,0.014089714735746384,-0.35809823870658875,-1.0894169807434082
1698865992.414911,0.013566005043685436,-0.3634592592716217,-1.097936987876892
1698865992.4551055,0.01198236271739006,-0.36964520812034607,-1.1040613651275635
1698865992.4961116,0.011351420544087887,-0.3737841248512268,-1.1088342666625977
1698865992.5238254,0.01066040899604559,-0.3758981227874756,-1.1112096309661865
1698865992.5533931,0.01096375659108162,-0.37553441524505615,-1.1119354963302612
1698865992.5829937,0.01314972247928381,-0.3734269142150879,-1.1106473207473755
1698865992.6127992,0.014455469325184822,-0.36816471815109253,-1.107226014137268
1698865992.64535,0.016642536967992783,-0.3638640344142914,-1.1048394441604614
1698865992.7009373,0.016445472836494446,-0.36074888706207275,-1.1049106121063232
1698865992.7344923,0.01565307378768921,-0.35878628492355347,-1.1043171882629395
1698865992.7660346,0.01456170529127121,-0.35926997661590576,-1.1035979986190796
1698865992.796598,0.013162622228264809,-0.361471951007843,-1.1043615341186523
1698865992.8306477,0.012859240174293518,-0.36395493149757385,-1.1058907508850098
1698865992.860735,0.011639377102255821,-0.36659595370292664,-1.1078464984893799
1698865992.8925471,0.010386830195784569,-0.37045884132385254,-1.1107784509658813
1698865992.9220712,0.00906024407595396,-0.3737950026988983,-1.1137865781784058
1698865992.9519773,0.008399106562137604,-0.37479549646377563,-1.1149543523788452
1698865992.9820044,0.008409343659877777,-0.37373805046081543,-1.1152570247650146
1698865993.0121212,0.009769420139491558,-0.3702472448348999,-1.1140053272247314
1698865993.045221,0.010158771649003029,-0.3674858808517456,-1.1128524541854858
1698865993.078277,0.009670845232903957,-0.36620357632637024,-1.1117533445358276
1698865993.1108086,0.00873851403594017,-0.36667588353157043,-1.1114674806594849
1698865993.1449828,0.00770089915022254,-0.36814573407173157,-1.1118701696395874
1698865993.1808994,0.006762541830539703,-0.36989760398864746,-1.112553358078003
1698865993.2129455,0.006293158512562513,-0.3715718984603882,-1.1133172512054443
1698865993.250719,0.0063999854028224945,-0.3729691207408905,-1.1148995161056519
1698865993.278532,0.0071517969481647015,-0.37312570214271545,-1.1184133291244507
1698865993.3135672,0.008077383041381836,-0.37187013030052185,-1.1211109161376953
1698865993.3471296,0.008942929096519947,-0.3697814643383026,-1.11925208568573
1698865993.3802218,0.00961496401578188,-0.36960363388061523,-1.1163989305496216
1698865993.4131832,0.010269861668348312,-0.370161235332489,-1.1162848472595215
1698865993.448713,0.010082511231303215,-0.3713962435722351,-1.1150625944137573
1698865993.4817846,0.010430213063955307,-0.3718968331813812,-1.1127439737319946
1698865993.5140429,0.010875841602683067,-0.37167635560035706,-1.1103713512420654
1698865993.54619,0.011919006705284119,-0.36959075927734375,-1.1079251766204834
1698865993.580774,0.011885397136211395,-0.37128981947898865,-1.1078777313232422
1698865993.6468825,0.011533228680491447,-0.37227708101272583,-1.1090128421783447
1698865993.6816072,0.011795565485954285,-0.37201347947120667,-1.1105610132217407
1698865993.713709,0.0119771184399724,-0.371773898601532,-1.1117899417877197
1698865993.7472856,0.011725999414920807,-0.37305691838264465,-1.1112854480743408
1698865993.780892,0.011915527284145355,-0.37489017844200134,-1.112072229385376
1698865993.8154337,0.012173958122730255,-0.37523898482322693,-1.1127150058746338
1698865993.846987,0.01222038734704256,-0.3746263086795807,-1.1111252307891846
1698865993.881295,0.012528453022241592,-0.374629408121109,-1.1104977130889893
1698865993.915835,0.012172745540738106,-0.3746865689754486,-1.1098313331604004
1698865993.9486887,0.011585554108023643,-0.3740866184234619,-1.1086801290512085
1698865993.982608,0.011374065652489662,-0.373645544052124,-1.108126163482666
1698865994.0157669,0.010926798917353153,-0.3732525706291199,-1.1075758934020996
1698865994.0490363,0.010323401540517807,-0.3735087811946869,-1.1076064109802246
1698865994.0820866,0.010003723204135895,-0.37382420897483826,-1.1082277297973633
1698865994.115635,0.009673794731497765,-0.3741516172885895,-1.110465407371521
1698865994.150221,0.010507993400096893,-0.37371528148651123,-1.1135492324829102
1698865994.1827767,0.011899933218955994,-0.3714466094970703,-1.1143932342529297
1698865994.2149298,0.013499516993761063,-0.36727991700172424,-1.1119568347930908
1698865994.2500064,0.015075284987688065,-0.36385050415992737,-1.1106845140457153
1698865994.2841303,0.015949957072734833,-0.3610801100730896,-1.1106964349746704
1698865994.3177001,0.018050741404294968,-0.3576402962207794,-1.111054539680481
1698865994.3507638,0.019078871235251427,-0.35461199283599854,-1.110508918762207
1698865994.3848047,0.02008952759206295,-0.35201549530029297,-1.1084823608398438
1698865994.419896,0.020322628319263458,-0.34992751479148865,-1.1052002906799316
1698865994.4520605,0.019096795469522476,-0.3505161702632904,-1.1032665967941284
1698865994.4848437,0.017449617385864258,-0.3524504601955414,-1.1051281690597534
1698865994.5184195,0.016424238681793213,-0.3545398712158203,-1.1074281930923462
1698865994.5521219,0.016124572604894638,-0.35570403933525085,-1.1082079410552979
1698865994.5861673,0.014816919341683388,-0.35893118381500244,-1.1090483665466309
1698865994.6187408,0.014311214908957481,-0.36178815364837646,-1.1114355325698853
1698865994.6541343,0.013997839763760567,-0.36458176374435425,-1.113017201423645
1698865994.6871927,0.01371268555521965,-0.36686885356903076,-1.1130399703979492
1698865994.7198577,0.012979777529835701,-0.369088739156723,-1.1117480993270874
1698865994.753389,0.012575812637805939,-0.37016138434410095,-1.1109658479690552
1698865994.7849445,0.012378040701150894,-0.3709208071231842,-1.1107732057571411
1698865994.8210244,0.011835701763629913,-0.37048429250717163,-1.1078436374664307
1698865994.8535676,0.011220987886190414,-0.36958613991737366,-1.1048803329467773
1698865994.8871064,0.010853389278054237,-0.37079158425331116,-1.1055623292922974
1698865994.9201896,0.010852068662643433,-0.3717891573905945,-1.1052870750427246
1698865994.9527693,0.012050002813339233,-0.369314044713974,-1.1049214601516724
1698865994.9872906,0.013246212154626846,-0.3651542663574219,-1.101420283317566
1698865995.0208442,0.014500927180051804,-0.3608999252319336,-1.0991122722625732
1698865995.0543718,0.015583102591335773,-0.3574407696723938,-1.098718523979187
1698865995.086949,0.01536803599447012,-0.35717275738716125,-1.0990126132965088
1698865995.1200376,0.014908794313669205,-0.35853686928749084,-1.1011348962783813
1698865995.155109,0.013400496914982796,-0.36173975467681885,-1.103628396987915
1698865995.186659,0.012175267562270164,-0.3648063838481903,-1.1057980060577393
1698865995.2205412,0.011031811125576496,-0.36805540323257446,-1.1083472967147827
1698865995.2550876,0.010688500478863716,-0.3710891604423523,-1.1117976903915405
1698865995.2886615,0.009913764894008636,-0.3715481758117676,-1.114485502243042
1698865995.3361964,0.01133711077272892,-0.36940208077430725,-1.1158740520477295
1698865995.3788228,0.013334100134670734,-0.36525365710258484,-1.1159005165100098
1698865995.421897,0.014905131421983242,-0.358913391828537,-1.113308310508728
1698865995.4629245,0.017938388511538506,-0.35167285799980164,-1.1098418235778809
1698865995.5072517,0.01866956055164337,-0.3453464210033417,-1.10687255859375
1698865995.5486646,0.020391730591654778,-0.33830487728118896,-1.0968000888824463
1698865995.593013,0.018658708781003952,-0.3354093134403229,-1.094666838645935
1698865995.637014,0.015318883582949638,-0.33340492844581604,-1.0941053628921509
1698865995.6789742,0.012281376868486404,-0.33866414427757263,-1.096805214881897
1698865995.720181,0.01017523743212223,-0.34442052245140076,-1.0997554063796997
1698865995.7614417,0.010142723098397255,-0.3496635854244232,-1.1093271970748901
1698865995.8054876,0.012120252475142479,-0.35250040888786316,-1.1144429445266724
1698866001.727293,-0.23106692731380463,-0.392336905002594,-1.4889614582061768
1698866001.7991648,-0.22688493132591248,-0.38618823885917664,-1.4932721853256226
1698866001.878918,-0.23343807458877563,-0.38964635133743286,-1.48721444606781
1698866001.9553423,-0.23861227929592133,-0.39421334862709045,-1.4891839027404785
1698866002.0269728,-0.23555351793766022,-0.3984028100967407,-1.4890530109405518
1698866002.095583,-0.23546530306339264,-0.4010356664657593,-1.4910094738006592
1698866002.1376617,-0.23303484916687012,-0.40255242586135864,-1.492679238319397
1698866002.1810327,-0.23170150816440582,-0.40516287088394165,-1.49355149269104
1698866002.2260232,-0.23190726339817047,-0.4069153070449829,-1.493569016456604
1698866002.2697937,-0.23320499062538147,-0.4076569974422455,-1.4951258897781372
1698866002.3120337,-0.23441067337989807,-0.4080126881599426,-1.4970920085906982
1698866002.355106,-0.23528140783309937,-0.41004782915115356,-1.4991260766983032
1698866002.3988125,-0.23646317422389984,-0.40980252623558044,-1.5011980533599854
1698866002.4440389,-0.23627671599388123,-0.4075320363044739,-1.5042864084243774
1698866002.4875815,-0.2363104224205017,-0.4039490222930908,-1.504905104637146
1698866002.529799,-0.23515811562538147,-0.40291905403137207,-1.5052508115768433
1698866002.570925,-0.23395204544067383,-0.40168246626853943,-1.506809115409851
1698866002.6157868,-0.23239825665950775,-0.4016970992088318,-1.5056027173995972
1698866002.6618993,-0.23322460055351257,-0.4035628139972687,-1.5104092359542847
1698866002.7079906,-0.2335614711046219,-0.40460845828056335,-1.5134572982788086
1698866002.7492177,-0.2332354038953781,-0.40478771924972534,-1.5174232721328735
1698866002.7908254,-0.23094536364078522,-0.40292444825172424,-1.5138015747070312
1698866002.8354867,-0.23010632395744324,-0.402752161026001,-1.5075643062591553
1698866002.8741062,-0.22958965599536896,-0.40416955947875977,-1.507217526435852
1698866002.9186273,-0.2284262776374817,-0.40534690022468567,-1.5048259496688843
1698866002.9582393,-0.22788937389850616,-0.40590962767601013,-1.5036412477493286
1698866003.0008748,-0.2281462699174881,-0.406464159488678,-1.5018025636672974
1698866003.0415022,-0.22801361978054047,-0.407039999961853,-1.5014941692352295
1698866003.0845644,-0.22779716551303864,-0.408071905374527,-1.5000985860824585
1698866003.1132517,-0.22768977284431458,-0.407542884349823,-1.4969500303268433
1698866003.1468003,-0.22798846662044525,-0.4067229628562927,-1.493674874305725
1698866003.1811054,-0.22847121953964233,-0.40577685832977295,-1.4902368783950806
1698866003.218379,-0.22980648279190063,-0.4056583344936371,-1.4896551370620728
1698866003.258422,-0.23180294036865234,-0.40566614270210266,-1.492920160293579
1698866003.2907398,-0.23300424218177795,-0.4059480130672455,-1.495540738105774
1698866003.32237,-0.234432652592659,-0.4072608947753906,-1.502924919128418
1698866003.3529334,-0.2349873185157776,-0.4080888628959656,-1.5090820789337158
1698866003.379998,-0.23414072394371033,-0.409052312374115,-1.5135537385940552
1698866003.4118357,-0.23318281769752502,-0.4104156494140625,-1.5166231393814087
1698866003.4489746,-0.2300921082496643,-0.41098910570144653,-1.5212202072143555
1698866003.480788,-0.22805330157279968,-0.41167470812797546,-1.526498556137085
1698866003.515486,-0.22612489759922028,-0.4119403064250946,-1.529944896697998
1698866003.5501738,-0.22447586059570312,-0.4118306338787079,-1.5306504964828491
1698866003.5822098,-0.22332623600959778,-0.4106292724609375,-1.5290491580963135
1698866003.6159735,-0.22237801551818848,-0.4089176058769226,-1.5262879133224487
1698866003.6500523,-0.22252735495567322,-0.4071565866470337,-1.5238900184631348
1698866003.6831102,-0.22361764311790466,-0.40700966119766235,-1.524444580078125
1698866003.716926,-0.2253548800945282,-0.40736737847328186,-1.524931788444519
1698866003.7484455,-0.22708821296691895,-0.40778276324272156,-1.5230302810668945
1698866003.783019,-0.22835271060466766,-0.40784794092178345,-1.5210685729980469
1698866003.815077,-0.22930684685707092,-0.406804621219635,-1.518911600112915
1698866003.8511648,-0.2298755794763565,-0.40529847145080566,-1.5162336826324463
1698866003.8842921,-0.2298937886953354,-0.4038653075695038,-1.5146288871765137
1698866003.9159775,-0.23052282631397247,-0.4024045467376709,-1.513408899307251
1698866003.9486685,-0.23181116580963135,-0.40104037523269653,-1.5121562480926514
1698866003.9837656,-0.2329992949962616,-0.39947256445884705,-1.5109084844589233
1698866004.0168257,-0.23399586975574493,-0.39820337295532227,-1.5080742835998535
1698866004.0511038,-0.2344437837600708,-0.3973414897918701,-1.5051988363265991
1698866004.084158,-0.23436886072158813,-0.39678019285202026,-1.502253770828247
1698866004.1174235,-0.23410935699939728,-0.39647430181503296,-1.5003269910812378
1698866004.15209,-0.2335640788078308,-0.3965582549571991,-1.499121904373169
1698866004.184632,-0.2334495335817337,-0.39642295241355896,-1.4984424114227295
1698866004.2177072,-0.2331962138414383,-0.39619317650794983,-1.4982908964157104
1698866004.2517598,-0.2327803075313568,-0.39608922600746155,-1.4975513219833374
1698866004.28379,-0.2322179675102234,-0.3963433802127838,-1.497326135635376
1698866004.318514,-0.2301820069551468,-0.39544278383255005,-1.4968308210372925
1698866004.3535845,-0.2279064804315567,-0.3937107026576996,-1.4925891160964966
1698866004.3851404,-0.2272493541240692,-0.3928779661655426,-1.4882844686508179
1698866004.4199464,-0.2276972532272339,-0.3936437964439392,-1.487392783164978
1698866004.4516213,-0.22824615240097046,-0.3950898349285126,-1.4878548383712769
1698866004.485196,-0.22903840243816376,-0.396585613489151,-1.4886271953582764
1698866004.5198228,-0.2294258177280426,-0.39803004264831543,-1.4894566535949707
1698866004.5528774,-0.2299422323703766,-0.3989723026752472,-1.4899699687957764
1698866004.5854325,-0.23052141070365906,-0.399701863527298,-1.4903860092163086
1698866004.6191597,-0.2306523323059082,-0.400113970041275,-1.4907426834106445
1698866004.6537898,-0.2303745299577713,-0.4000898003578186,-1.4910948276519775
1698866004.68584,-0.23051764070987701,-0.40007221698760986,-1.491984486579895
1698866004.719874,-0.230227530002594,-0.40003320574760437,-1.4923820495605469
1698866004.7539024,-0.2295188158750534,-0.3998004198074341,-1.4920110702514648
1698866004.7886102,-0.22839730978012085,-0.3994385302066803,-1.4907523393630981
1698866004.8191442,-0.2262171059846878,-0.3982754051685333,-1.489277958869934
1698866004.8547957,-0.22466376423835754,-0.397572785615921,-1.4862498044967651
1698866004.8873482,-0.22457146644592285,-0.3970198333263397,-1.4837546348571777
1698866004.9332721,-0.22507619857788086,-0.39735376834869385,-1.483553171157837
1698866004.9753425,-0.22597934305667877,-0.3975479304790497,-1.48406183719635
1698866005.0179243,-0.22735251486301422,-0.3979194462299347,-1.4847558736801147
1698866005.0582428,-0.22878019511699677,-0.398207426071167,-1.4840288162231445
1698866005.1018894,-0.22996893525123596,-0.3983779847621918,-1.4838964939117432
1698866005.142043,-0.22868293523788452,-0.3968598544597626,-1.483929991722107
1698866005.1857572,-0.22754985094070435,-0.39599481225013733,-1.4820832014083862
1698866005.226582,-0.22840122878551483,-0.39663800597190857,-1.4820911884307861
1698866005.2701135,-0.2298559546470642,-0.3977912366390228,-1.4826141595840454
1698866005.3107624,-0.2306109070777893,-0.39827632904052734,-1.4832123517990112
1698866005.353821,-0.2306317389011383,-0.39820772409439087,-1.4832202196121216
1698866005.3944182,-0.23061829805374146,-0.3981868028640747,-1.4826465845108032
1698866005.4374843,-0.2305169701576233,-0.3983791768550873,-1.4823492765426636
1698866005.4772484,-0.23054862022399902,-0.3983854651451111,-1.482615351676941
1698866005.5188322,-0.23095545172691345,-0.3987671732902527,-1.4830944538116455
1698866005.5601504,-0.23137907683849335,-0.39991575479507446,-1.4824916124343872
1698866005.603968,-0.2310839146375656,-0.4004351794719696,-1.4815343618392944
1698866005.6455982,-0.23079028725624084,-0.4002506136894226,-1.4798332452774048
1698866005.6874628,-0.2305644452571869,-0.4001968204975128,-1.478097677230835
1698866005.7270231,-0.228865846991539,-0.3984754979610443,-1.4717386960983276
1698866005.769942,-0.22904737293720245,-0.3967670798301697,-1.4697428941726685
1698866005.8107762,-0.2301407903432846,-0.39661815762519836,-1.4687525033950806
1698866005.8558123,-0.23136427998542786,-0.39624476432800293,-1.4703024625778198
1698866005.894035,-0.23203144967556,-0.39567750692367554,-1.473025918006897
1698866005.9261396,-0.23328377306461334,-0.39664706587791443,-1.4743900299072266
1698866005.9582508,-0.23402845859527588,-0.3977256715297699,-1.4758387804031372
1698866005.9907954,-0.2339635193347931,-0.3981632590293884,-1.4778976440429688
1698866006.024904,-0.23420290648937225,-0.39821475744247437,-1.4787133932113647
1698866006.0560842,-0.2344682216644287,-0.398553729057312,-1.478588342666626
1698866006.0911744,-0.23442164063453674,-0.39808735251426697,-1.4787921905517578
1698866006.125301,-0.23407235741615295,-0.3973197937011719,-1.4787522554397583
1698866006.1588533,-0.23364628851413727,-0.3968062996864319,-1.4787184000015259
1698866006.1930256,-0.23338469862937927,-0.3965551555156708,-1.4788134098052979
1698866006.2239609,-0.23340174555778503,-0.3965681791305542,-1.479274868965149
1698866006.2582326,-0.2333993911743164,-0.39694079756736755,-1.4805707931518555
1698866006.290797,-0.2337663620710373,-0.3984788954257965,-1.4827077388763428
1698866006.324891,-0.23392893373966217,-0.39984339475631714,-1.4862310886383057
1698866006.3582675,-0.23421578109264374,-0.40129995346069336,-1.4896270036697388
1698866006.3916705,-0.23473244905471802,-0.40257471799850464,-1.4934812784194946
1698866006.425211,-0.2349667102098465,-0.40338584780693054,-1.4955658912658691
1698866006.4582586,-0.23510746657848358,-0.40378350019454956,-1.4963115453720093
1698866006.4928489,-0.23517796397209167,-0.40403565764427185,-1.4962407350540161
1698866006.5264034,-0.23496749997138977,-0.40416115522384644,-1.4958075284957886
1698866006.559835,-0.23475120961666107,-0.4041658639907837,-1.4953864812850952
1698866006.592905,-0.23493069410324097,-0.4048510491847992,-1.494816780090332
1698866006.6254652,-0.23468472063541412,-0.4050912857055664,-1.4947453737258911
1698866006.6589947,-0.2340506613254547,-0.4049287736415863,-1.493951678276062
1698866006.6931036,-0.233510822057724,-0.40464258193969727,-1.4930020570755005
1698866006.7266552,-0.2329210340976715,-0.40411847829818726,-1.4918991327285767
1698866006.7612343,-0.23263058066368103,-0.4035961627960205,-1.491166591644287
1698866006.7920105,-0.2325228452682495,-0.40325844287872314,-1.4911181926727295
1698866006.8275576,-0.23217599093914032,-0.4027245044708252,-1.4908534288406372
1698866006.8611517,-0.23159703612327576,-0.40222039818763733,-1.4904676675796509
1698866006.8932183,-0.2314806431531906,-0.401719868183136,-1.490621566772461
1698866006.9267838,-0.2313229739665985,-0.4014127254486084,-1.4907852411270142
1698866011.7598207,0.05096352472901344,-0.42241108417510986,-1.701812744140625
1698866011.8289413,0.053910065442323685,-0.4335561990737915,-1.7425330877304077
1698866011.8953643,0.05182371288537979,-0.43481379747390747,-1.7699658870697021
1698866011.961766,0.04951094463467598,-0.4359274208545685,-1.7831885814666748
1698866012.0282254,0.04874318093061447,-0.4390205442905426,-1.7824244499206543
1698866012.091951,0.04746811091899872,-0.44333311915397644,-1.781473159790039
1698866012.1350656,0.04666658490896225,-0.445076048374176,-1.7779017686843872
1698866012.1766348,0.04636864736676216,-0.44562506675720215,-1.7745826244354248
1698866012.2208395,0.04724397882819176,-0.44679659605026245,-1.765573501586914
1698866012.2632008,0.047602370381355286,-0.4458630681037903,-1.7564008235931396
1698866012.3079116,0.047082800418138504,-0.4451961815357208,-1.7509313821792603
1698866012.3511186,0.047721900045871735,-0.4438609182834625,-1.756670355796814
1698866012.392525,0.047242309898138046,-0.44251352548599243,-1.767133116722107
1698866012.4386077,0.04718788340687752,-0.4411400258541107,-1.7754318714141846
1698866012.4843752,0.04339670017361641,-0.44105225801467896,-1.7916051149368286
1698866012.5271068,0.04189394414424896,-0.4413107633590698,-1.7964462041854858
1698866012.5723093,0.04200481250882149,-0.44192981719970703,-1.7974698543548584
1698866012.6133645,0.0421437993645668,-0.44300055503845215,-1.7969495058059692
1698866012.6549823,0.04381773620843887,-0.44399967789649963,-1.793880820274353
1698866012.699199,0.04538373649120331,-0.4434863328933716,-1.7900193929672241
1698866012.7435274,0.046945542097091675,-0.44252297282218933,-1.7864128351211548
1698866012.7885873,0.04702671244740486,-0.44030076265335083,-1.777282476425171
1698866012.8312924,0.04557456076145172,-0.43871021270751953,-1.7735620737075806
1698866012.8749099,0.04408162087202072,-0.4377221167087555,-1.7725785970687866
1698866012.9239678,0.040919773280620575,-0.4370875656604767,-1.765952467918396
1698866012.965182,0.03699227795004845,-0.43739190697669983,-1.7623082399368286
1698866013.0088005,0.03252997621893883,-0.4381996989250183,-1.7618881464004517
1698866013.051781,0.030406542122364044,-0.4393389821052551,-1.7636433839797974
1698866013.0945694,0.029971294105052948,-0.43948447704315186,-1.7581868171691895
1698866013.1367767,0.03182211518287659,-0.438933402299881,-1.7533979415893555
1698866013.1811333,0.03360949084162712,-0.43813326954841614,-1.749151587486267
1698866013.223747,0.03601629287004471,-0.4363519847393036,-1.7435190677642822
1698866013.2660606,0.036998264491558075,-0.4351986050605774,-1.7351104021072388
1698866013.3123457,0.03788101673126221,-0.4361118972301483,-1.7383321523666382
1698866013.3553832,0.036513153463602066,-0.43750789761543274,-1.7440896034240723
1698866013.3954628,0.036098770797252655,-0.439170241355896,-1.7482224702835083
1698866013.4355316,0.03670278191566467,-0.4420049786567688,-1.7530245780944824
1698866013.4771254,0.03743966296315193,-0.44448330998420715,-1.7575496435165405
1698866013.5213125,0.039417244493961334,-0.44727715849876404,-1.7534290552139282
1698866013.5626166,0.04071517661213875,-0.4473315179347992,-1.7452709674835205
1698866013.6052647,0.040769804269075394,-0.44849932193756104,-1.74676513671875
1698866013.645333,0.040313880890607834,-0.4487142562866211,-1.7424029111862183
1698866013.688406,0.03839420899748802,-0.4515402317047119,-1.7521620988845825
1698866013.7199705,0.03845818340778351,-0.45260193943977356,-1.7575031518936157
1698866013.7515247,0.03883735463023186,-0.4529034197330475,-1.7608157396316528
1698866013.7840881,0.039492882788181305,-0.45302215218544006,-1.764581561088562
1698866013.8332002,0.040135785937309265,-0.45276254415512085,-1.7662864923477173
1698866013.861595,0.041409511119127274,-0.45269501209259033,-1.7648454904556274
1698866013.892122,0.04179324582219124,-0.4526642858982086,-1.7656642198562622
1698866013.9235246,0.04105410724878311,-0.4529241919517517,-1.7668465375900269
1698866013.954167,0.04058340936899185,-0.45320773124694824,-1.7694194316864014
1698866013.986205,0.039739590138196945,-0.4531862139701843,-1.7719937562942505
1698866014.0182393,0.03939001262187958,-0.4537229835987091,-1.7755351066589355
1698866014.05131,0.03825550153851509,-0.45421546697616577,-1.780171513557434
1698866014.085848,0.03710801899433136,-0.45465409755706787,-1.7839226722717285
1698866014.1200285,0.03640469163656235,-0.45483919978141785,-1.7867035865783691
1698866014.1542249,0.03615260496735573,-0.4546911120414734,-1.7860883474349976
1698866014.1853487,0.03788033127784729,-0.45445311069488525,-1.7786790132522583
1698866014.2199183,0.03908713534474373,-0.45384299755096436,-1.7734183073043823
1698866014.2529998,0.04004526510834694,-0.4533497989177704,-1.7700045108795166
1698866014.2883031,0.04138299450278282,-0.4531833231449127,-1.7647866010665894
1698866014.3208435,0.04247915372252464,-0.4527616500854492,-1.7570347785949707
1698866014.3540652,0.04271404445171356,-0.4519597291946411,-1.7479808330535889
1698866014.3866293,0.04229653254151344,-0.4512268006801605,-1.7430583238601685
1698866014.42086,0.04242110997438431,-0.450634241104126,-1.7394311428070068
1698866014.4540613,0.04190431162714958,-0.45021384954452515,-1.7348963022232056
1698866014.4886024,0.03977566957473755,-0.4512006640434265,-1.7411764860153198
1698866014.5211906,0.03967089205980301,-0.45236051082611084,-1.7457010746002197
1698866014.5542922,0.037534113973379135,-0.45309579372406006,-1.749910593032837
1698866014.586676,0.03715363144874573,-0.4541000425815582,-1.7533926963806152
1698866014.6208081,0.03731114789843559,-0.45490598678588867,-1.7564678192138672
1698866014.6550329,0.037418022751808167,-0.4556756615638733,-1.7616523504257202
1698866014.6871033,0.03744654357433319,-0.4561900496482849,-1.767633080482483
1698866014.7223077,0.03795880079269409,-0.4563300609588623,-1.773184895515442
1698866014.754265,0.03912695497274399,-0.4565082788467407,-1.7745978832244873
1698866014.7877898,0.03940136730670929,-0.4562419652938843,-1.7745716571807861
1698866014.8226118,0.040023330599069595,-0.4561820924282074,-1.7707620859146118
1698866014.856192,0.04024340584874153,-0.4559043347835541,-1.7671531438827515
1698866014.8877459,0.03793899342417717,-0.45582517981529236,-1.7687063217163086
1698866014.9209874,0.035864803940057755,-0.45530375838279724,-1.77082097530365
1698866014.9541678,0.03438916429877281,-0.4548798203468323,-1.7725461721420288
1698866014.9909284,0.0338158942759037,-0.4557192325592041,-1.7731810808181763
1698866015.0230296,0.03293581306934357,-0.4569058418273926,-1.7659919261932373
1698866015.055265,0.0332866869866848,-0.45844897627830505,-1.7685695886611938
1698866015.088511,0.03365709260106087,-0.45911556482315063,-1.769995093345642
1698866015.121797,0.03523708134889603,-0.4599922001361847,-1.7672168016433716
1698866015.1559043,0.03654731065034866,-0.4604721963405609,-1.7633956670761108
1698866015.1901026,0.0377894788980484,-0.46048346161842346,-1.758093237876892
1698866015.223302,0.03886903077363968,-0.459674596786499,-1.7555590867996216
1698866015.2568343,0.038919586688280106,-0.45912042260169983,-1.7551931142807007
1698866015.290042,0.03715462237596512,-0.4585726261138916,-1.7562586069107056
1698866015.3241322,0.03575119376182556,-0.4585113227367401,-1.7610739469528198
1698866015.3563688,0.03436235338449478,-0.45890289545059204,-1.768153190612793
1698866015.3909883,0.032043687999248505,-0.45894038677215576,-1.7751063108444214
1698866015.4240623,0.02953394688665867,-0.458660751581192,-1.7804394960403442
1698866015.4571328,0.029582343995571136,-0.45870348811149597,-1.7810763120651245
1698866015.4910026,0.028714431449770927,-0.45866507291793823,-1.780385971069336
1698866015.542079,0.028925079852342606,-0.4587111473083496,-1.779437780380249
1698866015.5851736,0.03000485524535179,-0.45882871747016907,-1.778650164604187
1698866015.625327,0.03246968612074852,-0.45936721563339233,-1.7776790857315063
1698866015.6683815,0.03704150393605232,-0.4600699543952942,-1.773795247077942
1698866015.710469,0.038648687303066254,-0.46028515696525574,-1.7749207019805908
1698866015.7410462,0.037887006998062134,-0.4603292644023895,-1.767652988433838
1698866015.7726634,0.03854506090283394,-0.46066048741340637,-1.7678476572036743
1698866015.8016899,0.03686114028096199,-0.4606112539768219,-1.7672358751296997
1698866015.8322477,0.03675084933638573,-0.4608132243156433,-1.7666220664978027
1698866015.862507,0.037496741861104965,-0.4613322913646698,-1.7647608518600464
1698866015.8930628,0.03833393380045891,-0.46197041869163513,-1.7610976696014404
1698866015.9257374,0.03876392915844917,-0.4626808166503906,-1.7606987953186035
1698866015.9582746,0.038797009736299515,-0.4630616009235382,-1.7640527486801147
1698866015.9939291,0.03930410370230675,-0.4630262851715088,-1.765352487564087
1698866016.0276034,0.039795830845832825,-0.4627324342727661,-1.7630141973495483
1698866016.0591557,0.04016852751374245,-0.462678462266922,-1.7587494850158691
1698866016.094217,0.040173161774873734,-0.46282538771629333,-1.7555657625198364
1698866016.1299753,0.04044743627309799,-0.46358853578567505,-1.7540310621261597
1698866016.1584792,0.04041289910674095,-0.4639662504196167,-1.7547402381896973
1698866016.1932292,0.04051758721470833,-0.4644966423511505,-1.7532756328582764
1698866016.2289686,0.040903400629758835,-0.46557411551475525,-1.7555077075958252
1698866016.2628512,0.04061455279588699,-0.4660509526729584,-1.7561967372894287
1698866016.2950864,0.04053398221731186,-0.4659183919429779,-1.758318305015564
1698866016.3286347,0.04036325961351395,-0.46576613187789917,-1.7602145671844482
1698866016.3629081,0.03949117287993431,-0.4653257429599762,-1.7615513801574707
1698866016.3955293,0.03946275636553764,-0.4654860496520996,-1.761576771736145
1698866016.4290886,0.03971561789512634,-0.4656112790107727,-1.7580050230026245
1698866016.4627872,0.04022921249270439,-0.46508219838142395,-1.752881646156311
1698866016.4948432,0.04043235629796982,-0.4639196991920471,-1.7498466968536377
1698866016.5300295,0.040951453149318695,-0.46312859654426575,-1.7453089952468872
1698866016.563913,0.04098657891154289,-0.4628514349460602,-1.7417564392089844
1698866016.5969863,0.04076486825942993,-0.4625110924243927,-1.7408212423324585
1698866016.6300929,0.04051277041435242,-0.46294450759887695,-1.7425150871276855
1698866016.6630588,0.040217310190200806,-0.46302372217178345,-1.7435988187789917
1698866016.697109,0.04019153118133545,-0.46279460191726685,-1.743229866027832
1698866016.7307768,0.039485830813646317,-0.46283212304115295,-1.7463243007659912
1698866016.7639961,0.03920832648873329,-0.46367350220680237,-1.75121009349823
1698866016.7972226,0.03937286138534546,-0.4650327265262604,-1.7555514574050903
1698866016.831835,0.0396340936422348,-0.4655667245388031,-1.7561836242675781
1698866016.8648186,0.03988201916217804,-0.4659310579299927,-1.757673740386963
1698866016.897012,0.0405794195830822,-0.46534591913223267,-1.7556856870651245
1698866021.1838849,0.014755050651729107,-0.4317311644554138,-1.4459543228149414
1698866021.2539701,0.026791803538799286,-0.4173375070095062,-1.4599608182907104
1698866021.317826,0.02251289039850235,-0.4199548661708832,-1.4414682388305664
1698866021.387978,0.022476643323898315,-0.4237738251686096,-1.4356366395950317
1698866021.4521194,0.01822049729526043,-0.4271572530269623,-1.4406408071517944
1698866021.5131931,0.018016241490840912,-0.4244523346424103,-1.4489175081253052
1698866021.5572443,0.01847066730260849,-0.4262928366661072,-1.457729458808899
1698866021.601833,0.020400702953338623,-0.4257417917251587,-1.462064504623413
1698866021.6422405,0.023249253630638123,-0.42528265714645386,-1.4661749601364136
1698866021.6871548,0.029509535059332848,-0.42131248116493225,-1.468561053276062
1698866021.7298677,0.030977893620729446,-0.41725918650627136,-1.4642068147659302
1698866021.772932,0.03233685716986656,-0.4121776819229126,-1.4633597135543823
1698866021.8150284,0.033086761832237244,-0.4099595546722412,-1.4597612619400024
1698866021.8592832,0.024003300815820694,-0.4114162027835846,-1.4573477506637573
1698866021.9051282,0.021056273952126503,-0.41391727328300476,-1.4580411911010742
1698866021.948847,0.02004432864487171,-0.41467511653900146,-1.4562196731567383
1698866021.9921324,0.017148226499557495,-0.4169098436832428,-1.4512176513671875
1698866022.0357008,0.01760384440422058,-0.4138103723526001,-1.454893708229065
1698866022.0798328,0.017338473349809647,-0.4159183204174042,-1.4521362781524658
1698866022.1240125,0.019088497385382652,-0.4193701148033142,-1.4586689472198486
1698866022.1681545,0.017538338899612427,-0.42113643884658813,-1.4595272541046143
1698866022.209309,0.019212903454899788,-0.4208931028842926,-1.4623936414718628
1698866022.2519848,0.021350540220737457,-0.420174777507782,-1.4619158506393433
1698866022.2930536,0.022481907159090042,-0.4162001311779022,-1.4661260843276978
1698866022.337503,0.019323034211993217,-0.4159485697746277,-1.4614049196243286
1698866022.380183,0.01917116343975067,-0.41626113653182983,-1.4622761011123657
1698866022.4210868,0.01859450712800026,-0.41409265995025635,-1.461753249168396
1698866022.4612951,0.018590528517961502,-0.4146176874637604,-1.4605058431625366
1698866022.5028696,0.019480636343359947,-0.4143044054508209,-1.4613909721374512
1698866022.5429428,0.020311200991272926,-0.413883239030838,-1.4612962007522583
1698866022.5860531,0.024124503135681152,-0.4113155007362366,-1.4660042524337769
1698866022.6269748,0.02572956308722496,-0.4098707139492035,-1.4657299518585205
1698866022.6688752,0.022003430873155594,-0.41124850511550903,-1.4629493951797485
1698866022.7093039,0.02214413322508335,-0.4107111096382141,-1.4670264720916748
1698866022.7514992,0.02334965392947197,-0.40877121686935425,-1.468707799911499
1698866022.790054,0.019398564472794533,-0.4106285572052002,-1.4669032096862793
1698866022.833026,0.021687768399715424,-0.40729886293411255,-1.4758273363113403
1698866022.8750987,0.026265116408467293,-0.40342211723327637,-1.4766298532485962
1698866022.9131362,0.03290101885795593,-0.3993060290813446,-1.4766110181808472
1698866022.9467216,0.03945812210440636,-0.3964671492576599,-1.470717191696167
1698866022.981785,0.044905614107847214,-0.39271578192710876,-1.468200445175171
1698866023.0153747,0.04824627935886383,-0.391252726316452,-1.4640005826950073
1698866023.0470707,0.049552127718925476,-0.3910394012928009,-1.4628363847732544
1698866023.0776062,0.04850700870156288,-0.3924713432788849,-1.464189052581787
1698866023.1061664,0.0467725545167923,-0.39685747027397156,-1.47025465965271
1698866023.1359031,0.045863159000873566,-0.4021839499473572,-1.4764432907104492
1698866023.1654148,0.04767213389277458,-0.40725177526474,-1.4789645671844482
1698866023.193991,0.04983343183994293,-0.41179466247558594,-1.4784116744995117
1698866023.2240787,0.051280248910188675,-0.4153542220592499,-1.4768353700637817
1698866023.2534354,0.05232072249054909,-0.4171358346939087,-1.4745159149169922
1698866023.284575,0.05457732081413269,-0.41852858662605286,-1.4718061685562134
1698866023.3188002,0.05695740133523941,-0.4200727641582489,-1.4698486328125
1698866023.352903,0.05951215326786041,-0.4207734167575836,-1.467686414718628
1698866023.384432,0.06101415678858757,-0.42155879735946655,-1.4645518064498901
1698866023.4190965,0.060910895466804504,-0.42244040966033936,-1.4631084203720093
1698866023.4511487,0.0596778430044651,-0.4233855605125427,-1.4600276947021484
1698866023.486273,0.05707667022943497,-0.4232065975666046,-1.4578994512557983
1698866023.51903,0.05405407026410103,-0.4229377508163452,-1.4550799131393433
1698866023.552878,0.050533443689346313,-0.42401373386383057,-1.4531233310699463
1698866023.5856082,0.047419726848602295,-0.42512473464012146,-1.4536718130111694
1698866023.6177874,0.04576767235994339,-0.42533034086227417,-1.4557890892028809
1698866023.6518617,0.04499533399939537,-0.4251420497894287,-1.4573036432266235
1698866023.6853974,0.04471965506672859,-0.42522719502449036,-1.4576250314712524
1698866023.7185793,0.04497263953089714,-0.425876647233963,-1.4594064950942993
1698866023.7522986,0.04564744979143143,-0.4264979064464569,-1.4625171422958374
1698866023.7878308,0.04634683579206467,-0.42738306522369385,-1.4645792245864868
1698866023.821023,0.0471918098628521,-0.4280894100666046,-1.4666059017181396
1698866023.8535433,0.04844830185174942,-0.42816317081451416,-1.4681872129440308
1698866023.887239,0.049518734216690063,-0.42755353450775146,-1.4693381786346436
1698866023.9198685,0.049929048866033554,-0.4278257489204407,-1.472333312034607
1698866023.953239,0.049727663397789,-0.4282982647418976,-1.4762569665908813
1698866023.988408,0.04992595687508583,-0.42771169543266296,-1.4804939031600952
1698866024.020076,0.04856381192803383,-0.4267503619194031,-1.4854007959365845
1698866024.0551229,0.04701989144086838,-0.42526018619537354,-1.490535020828247
1698866024.0876803,0.046604666858911514,-0.42254406213760376,-1.4948045015335083
1698866024.1221144,0.04734988883137703,-0.420217901468277,-1.4973540306091309
1698866024.154306,0.04905162379145622,-0.41759300231933594,-1.498052954673767
1698866024.188046,0.05060240626335144,-0.41496771574020386,-1.4963396787643433
1698866024.2201207,0.05148932337760925,-0.41175806522369385,-1.4929075241088867
1698866024.2552426,0.051661260426044464,-0.4089602530002594,-1.4895192384719849
1698866024.2885103,0.05112500488758087,-0.4063699245452881,-1.486552119255066
1698866024.3227184,0.049875859171152115,-0.4048002362251282,-1.483999252319336
1698866024.3543081,0.04865929111838341,-0.40386247634887695,-1.481907844543457
1698866024.3885627,0.04750462621450424,-0.403641015291214,-1.48087739944458
1698866024.4211435,0.04636874049901962,-0.40387091040611267,-1.4806206226348877
1698866024.4566793,0.045777495950460434,-0.40461277961730957,-1.4809337854385376
1698866024.4882483,0.04514672979712486,-0.40571433305740356,-1.481547236442566
1698866024.5222278,0.04325130954384804,-0.4070517122745514,-1.4823265075683594
1698866024.555316,0.040922194719314575,-0.40847697854042053,-1.4833695888519287
1698866024.5888946,0.038585394620895386,-0.4098580479621887,-1.4850749969482422
1698866024.6213093,0.036827027797698975,-0.4114101529121399,-1.485901951789856
1698866024.6553714,0.036022622138261795,-0.4124250113964081,-1.4855424165725708
1698866024.688205,0.035508427768945694,-0.4150018095970154,-1.482364296913147
1698866024.738777,0.03468773886561394,-0.41892096400260925,-1.4802192449569702
1698866024.780909,0.03514909744262695,-0.42121729254722595,-1.480200171470642
1698866024.823118,0.03517068549990654,-0.4234740734100342,-1.480542778968811
1698866024.8649077,0.03576657548546791,-0.4240124225616455,-1.4808673858642578
1698866024.9059808,0.03853996470570564,-0.4223288893699646,-1.481703519821167
1698866024.9463003,0.04035154730081558,-0.4207065999507904,-1.482208490371704
1698866024.9879792,0.04125552996993065,-0.41923901438713074,-1.4828511476516724
1698866025.0290513,0.041901830583810806,-0.4196416437625885,-1.4823391437530518
1698866025.073365,0.040884390473365784,-0.4210021197795868,-1.4821152687072754
1698866025.1160548,0.03971658647060394,-0.4223170876502991,-1.4818586111068726
1698866025.158116,0.039076708257198334,-0.42406338453292847,-1.482886552810669
1698866025.2009082,0.042517539113759995,-0.42469966411590576,-1.481781005859375
1698866025.2420568,0.04618052765727043,-0.42403480410575867,-1.4809807538986206
1698866025.2831416,0.049114689230918884,-0.42278045415878296,-1.4790581464767456
1698866025.3252525,0.05152527615427971,-0.422513484954834,-1.4778425693511963
1698866025.369014,0.05125926062464714,-0.4237128496170044,-1.4785398244857788
1698866025.4082575,0.05104265734553337,-0.4231836199760437,-1.4797303676605225
1698866025.4493017,0.049526579678058624,-0.42086225748062134,-1.4819661378860474
1698866025.4920385,0.046858444809913635,-0.4211903214454651,-1.4838672876358032
1698866025.535146,0.04283389076590538,-0.4250037372112274,-1.4878208637237549
1698866025.5800483,0.04077469930052757,-0.4282555878162384,-1.489583134651184
1698866025.6212177,0.03985089436173439,-0.43021059036254883,-1.4909112453460693
1698866025.6607144,0.03993427753448486,-0.43072861433029175,-1.4913674592971802
1698866025.7037747,0.040049031376838684,-0.4283475875854492,-1.492767572402954
1698866025.743858,0.040394194424152374,-0.42686229944229126,-1.492622971534729
1698866025.8047068,0.04228174686431885,-0.42451614141464233,-1.4911808967590332
1698866025.8458881,0.0431976318359375,-0.4228092432022095,-1.4895944595336914
1698866025.8872936,0.04334849864244461,-0.42004862427711487,-1.4889098405838013
1698866025.9285085,0.04338143765926361,-0.41911670565605164,-1.4884638786315918
1698866025.9707367,0.04328787699341774,-0.4185907542705536,-1.487780213356018
1698866026.0123463,0.04276908561587334,-0.41903990507125854,-1.486916422843933
1698866026.0540936,0.04285677894949913,-0.4185234308242798,-1.4857122898101807
1698866026.0961378,0.04429297521710396,-0.41735905408859253,-1.483383297920227
1698866026.136679,0.044698573648929596,-0.4141022562980652,-1.4740318059921265
1698866026.1763978,0.044976603239774704,-0.41260844469070435,-1.4723381996154785
1698866026.218956,0.04616427794098854,-0.4124203026294708,-1.4733630418777466
1698866026.2593071,0.04567311704158783,-0.41132956743240356,-1.4761327505111694
1698866026.2998586,0.04372360557317734,-0.41146907210350037,-1.4808343648910522
1698866026.3309298,0.04251674935221672,-0.4139060080051422,-1.4837840795516968
1698866026.363843,0.04094095155596733,-0.4144291579723358,-1.4859001636505127
A coordinates: 0.01120725 -1.1100059
B coordinates: -0.23142245 -1.4935251
