1694970044.2931206,0.2782854437828064,0.29514798521995544,-2.3656904697418213
1694970044.3590384,0.2830185294151306,0.29831477999687195,-2.374070644378662
1694970044.42263,0.283966064453125,0.29762503504753113,-2.370802402496338
1694970044.4521666,0.2837475836277008,0.29708483815193176,-2.3643059730529785
1694970044.4802022,0.2829335629940033,0.29712945222854614,-2.3575868606567383
1694970044.5083797,0.2827993333339691,0.2983112037181854,-2.3587615489959717
1694970044.5633953,0.2830619812011719,0.3001321256160736,-2.357360601425171
1694970044.598158,0.2846461832523346,0.3016643524169922,-2.360964059829712
1694970044.6303976,0.2861787676811218,0.30343160033226013,-2.3656623363494873
1694970044.6643622,0.28810518980026245,0.30435749888420105,-2.370518445968628
1694970044.6991932,0.28969433903694153,0.30513399839401245,-2.3730533123016357
1694970044.7313807,0.29117682576179504,0.30463913083076477,-2.372337579727173
1694970044.7669654,0.29098957777023315,0.30257758498191833,-2.368074893951416
1694970044.7990406,0.2890656590461731,0.299371600151062,-2.3612990379333496
1694970044.8317149,0.2863623797893524,0.2957533001899719,-2.3554370403289795
1694970044.8652937,0.2843562662601471,0.2942088544368744,-2.3527092933654785
1694970044.8991823,0.2834668457508087,0.2927604913711548,-2.353113889694214
1694970044.933827,0.2831825315952301,0.29162895679473877,-2.354759693145752
1694970044.9689023,0.2846384644508362,0.2903832495212555,-2.3560285568237305
1694970044.9984248,0.28525251150131226,0.2898043394088745,-2.3574938774108887
1694970045.0449722,0.28564491868019104,0.28974297642707825,-2.360792636871338
1694970045.0865288,0.28527048230171204,0.28971993923187256,-2.363461494445801
1694970045.1260915,0.28501930832862854,0.2898252010345459,-2.366130828857422
1694970045.169348,0.28370046615600586,0.29051443934440613,-2.3607776165008545
1694970045.2080429,0.28225448727607727,0.29101839661598206,-2.351358652114868
1694970045.247647,0.28134581446647644,0.2926498055458069,-2.3422555923461914
1694970045.2773702,0.2813302278518677,0.2949516773223877,-2.340117931365967
1694970045.3078709,0.28132912516593933,0.29773592948913574,-2.3366358280181885
1694970045.3379123,0.2818593382835388,0.3003024756908417,-2.334550380706787
1694970045.3684595,0.2822926938533783,0.3019101619720459,-2.3348701000213623
1694970045.402567,0.2823708951473236,0.30385833978652954,-2.334178924560547
1694970045.436394,0.2820277512073517,0.3063550293445587,-2.3327202796936035
1694970045.4684613,0.28216752409935,0.3089601993560791,-2.3309478759765625
1694970045.5016754,0.2829497754573822,0.31095027923583984,-2.330781936645508
1694970045.5368366,0.284900426864624,0.31198108196258545,-2.3316261768341064
1694970045.569392,0.28651127219200134,0.31130754947662354,-2.3268606662750244
1694970045.60146,0.2875995934009552,0.31016820669174194,-2.3218624591827393
1694970045.6362941,0.28900617361068726,0.30862024426460266,-2.319953441619873
1694970045.669861,0.2904488146305084,0.30661308765411377,-2.3218207359313965
1694970045.7035453,0.2911856770515442,0.30440956354141235,-2.3232955932617188
1694970045.7352045,0.2899125814437866,0.3020946681499481,-2.3324851989746094
1694970045.7703967,0.29032331705093384,0.301722913980484,-2.356440544128418
1694970045.8395143,0.29065021872520447,0.30413690209388733,-2.3691492080688477
1694970045.8695395,0.2908760607242584,0.305836021900177,-2.374448299407959
1694970045.9019685,0.2911285161972046,0.30633509159088135,-2.3734211921691895
1694970045.9375367,0.29142987728118896,0.30596694350242615,-2.3674683570861816
1694970045.969839,0.29321062564849854,0.3054874837398529,-2.3604323863983154
1694970046.0043893,0.29515475034713745,0.30500251054763794,-2.3523952960968018
1694970046.0379262,0.29771506786346436,0.3044857084751129,-2.343951940536499
1694970046.0704834,0.2997693717479706,0.30421188473701477,-2.3357105255126953
1694970046.1048808,0.301168829202652,0.30368486046791077,-2.3285224437713623
1694970046.1389976,0.30181869864463806,0.30337533354759216,-2.321302890777588
1694970046.1725166,0.30083736777305603,0.30341506004333496,-2.314788818359375
1694970046.2053857,0.2989495098590851,0.3034197688102722,-2.3090786933898926
1694970046.2383602,0.2960798740386963,0.30339670181274414,-2.3036530017852783
1694970046.2723973,0.2947520613670349,0.3036167621612549,-2.3005356788635254
1694970046.3039188,0.2928450405597687,0.30328279733657837,-2.298388957977295
1694970046.3380742,0.2920008599758148,0.302475243806839,-2.297969341278076
1694970046.3716085,0.29194700717926025,0.30159494280815125,-2.2977375984191895
1694970046.4048023,0.292734295129776,0.30071794986724854,-2.3004953861236572
1694970046.439353,0.2941529154777527,0.30086439847946167,-2.3034510612487793
1694970046.471917,0.29597166180610657,0.3005063831806183,-2.3116846084594727
1694970046.5055861,0.2960493862628937,0.30000635981559753,-2.321347713470459
1694970046.5395753,0.29629629850387573,0.2997027635574341,-2.3308961391448975
1694970046.5726645,0.2963511347770691,0.3002069592475891,-2.3415253162384033
1694970046.6062162,0.29509007930755615,0.30087271332740784,-2.342764139175415
1694970046.6403828,0.2936609387397766,0.30222630500793457,-2.3426361083984375
1694970046.6725807,0.2920714318752289,0.30396419763565063,-2.340074300765991
1694970046.7047644,0.29087841510772705,0.30483806133270264,-2.344153642654419
1694970046.7404032,0.28984007239341736,0.3055160641670227,-2.347522735595703
1694970046.7744644,0.2892509996891022,0.30598559975624084,-2.354896068572998
1694970046.8084996,0.28916966915130615,0.30579936504364014,-2.3624658584594727
1694970046.8427067,0.28857097029685974,0.30650728940963745,-2.362941026687622
1694970046.8742661,0.2899015545845032,0.3067464232444763,-2.3618030548095703
1694970046.907372,0.2910163402557373,0.3075016140937805,-2.3583664894104004
1694970046.9412525,0.29210275411605835,0.30786797404289246,-2.3550424575805664
1694970046.9743702,0.2926999032497406,0.3078969717025757,-2.3521602153778076
1694970047.0074532,0.29263433814048767,0.30743643641471863,-2.348684072494507
1694970047.0403368,0.29271361231803894,0.3065779209136963,-2.345829725265503
1694970047.0750618,0.2931692898273468,0.30547067523002625,-2.342698574066162
1694970047.1080687,0.29459771513938904,0.3031858801841736,-2.339498519897461
1694970047.1426783,0.2964640259742737,0.30055880546569824,-2.3370378017425537
1694970047.1763396,0.29957789182662964,0.2963983118534088,-2.339137315750122
1694970047.2102652,0.30309364199638367,0.29385751485824585,-2.3387699127197266
1694970047.243303,0.30417439341545105,0.29203861951828003,-2.3363986015319824
1694970047.2773864,0.304500013589859,0.29081079363822937,-2.3341968059539795
1694970047.3094893,0.30443334579467773,0.2905566990375519,-2.3336706161499023
1694970047.3428855,0.30376774072647095,0.29106420278549194,-2.332866668701172
1694970047.3761115,0.3016704022884369,0.2937847375869751,-2.3353030681610107
1694970047.410237,0.29794490337371826,0.2973635792732239,-2.334657669067383
1694970047.4432993,0.29524603486061096,0.30128297209739685,-2.334683656692505
1694970047.4763994,0.29419928789138794,0.30464935302734375,-2.330787420272827
1694970047.5099645,0.2953792214393616,0.30800458788871765,-2.324618339538574
1694970047.5450082,0.2973770201206207,0.31149744987487793,-2.317946195602417
1694970047.5778127,0.30028101801872253,0.3148011863231659,-2.312532901763916
1694970047.6103823,0.3040647804737091,0.31700682640075684,-2.305440664291382
1694970047.6444445,0.30835455656051636,0.3173699975013733,-2.297321081161499
1694970047.679535,0.31155768036842346,0.31679823994636536,-2.2903387546539307
1694970047.7121174,0.31470987200737,0.31523188948631287,-2.2870535850524902
1694970047.746708,0.3162018656730652,0.3138788938522339,-2.28535795211792
1694970047.7792377,0.3158665597438812,0.31366294622421265,-2.284231424331665
1694970047.8117597,0.3131844997406006,0.31441730260849,-2.2808313369750977
1694970047.8472965,0.3101464807987213,0.315531462430954,-2.2791390419006348
1694970047.8808727,0.3065706789493561,0.31442368030548096,-2.278613805770874
1694970047.9144285,0.30046358704566956,0.31329110264778137,-2.2757678031921387
1694970047.9464624,0.29828041791915894,0.3129149079322815,-2.2760486602783203
1694970047.97952,0.29848363995552063,0.3112783133983612,-2.2735354900360107
1694970048.0130856,0.2993355095386505,0.3092469871044159,-2.271444320678711
1694970048.0461526,0.2992681860923767,0.3077094852924347,-2.2731382846832275
1694970048.0823095,0.2977738678455353,0.3068550229072571,-2.2760159969329834
1694970048.113873,0.29493066668510437,0.3063204884529114,-2.278851270675659
1694970048.1474507,0.2937699556350708,0.3058412969112396,-2.2803781032562256
1694970048.1800053,0.2934858798980713,0.3053377568721771,-2.2783725261688232
1694970048.2135575,0.29229557514190674,0.30574941635131836,-2.279383420944214
1694970048.2471287,0.29018959403038025,0.3065072298049927,-2.280731201171875
1694970048.2806797,0.28888216614723206,0.3069235682487488,-2.2810606956481934
1694970048.3162353,0.2892114520072937,0.30773499608039856,-2.2895824909210205
1694970048.349797,0.28795546293258667,0.3071513772010803,-2.2956488132476807
1694970048.3813376,0.2874163091182709,0.30447566509246826,-2.298966646194458
1694970048.4138737,0.28709569573402405,0.30149975419044495,-2.301690101623535
1694970048.4481165,0.2872624099254608,0.29772061109542847,-2.3180410861968994
1694970048.4816983,0.28804734349250793,0.29497241973876953,-2.3360021114349365
1694970048.516284,0.2918793261051178,0.2945118844509125,-2.355349063873291
1694970048.5548596,0.29636165499687195,0.29453232884407043,-2.3686819076538086
1694970048.5854292,0.3005542457103729,0.2943200469017029,-2.373861789703369
1694970048.6174984,0.3038739562034607,0.29311859607696533,-2.377047300338745
1694970048.649539,0.30743852257728577,0.2892265021800995,-2.3846027851104736
1694970048.6840982,0.30949684977531433,0.28542518615722656,-2.3916850090026855
1694970048.7161484,0.31023210287094116,0.2776603400707245,-2.3968687057495117
1694970048.7502062,0.3103332817554474,0.2680860757827759,-2.3995933532714844
1694970048.7837882,0.30847370624542236,0.257174551486969,-2.401268720626831
1694970048.8188493,0.30544406175613403,0.24419988691806793,-2.4012691974639893
1694970048.8518999,0.30215591192245483,0.23166979849338531,-2.402252674102783
1694970048.8844724,0.299325168132782,0.2233828604221344,-2.406630039215088
1694970048.91952,0.29736968874931335,0.21774961054325104,-2.4115991592407227
1694970048.952598,0.29634037613868713,0.21469470858573914,-2.415820837020874
1694970048.9866505,0.29616522789001465,0.21358557045459747,-2.4193732738494873
1694970049.017217,0.2966466546058655,0.21258287131786346,-2.423086643218994
1694970049.0503275,0.2971150577068329,0.21314699947834015,-2.4255895614624023
1694970049.0839067,0.2977309823036194,0.21500654518604279,-2.4276413917541504
1694970049.119964,0.29804497957229614,0.2189253717660904,-2.4298810958862305
1694970049.1526117,0.29817140102386475,0.22525787353515625,-2.4323790073394775
1694970049.1841571,0.2984004318714142,0.23240622878074646,-2.4365017414093018
1694970049.2192395,0.29803335666656494,0.24221789836883545,-2.4410243034362793
1694970049.2523117,0.29701727628707886,0.2542473375797272,-2.4445879459381104
1694970049.283872,0.2951851487159729,0.2660502791404724,-2.4456253051757812
1694970049.3189893,0.29311567544937134,0.2776985466480255,-2.444143056869507
1694970049.3530369,0.28992220759391785,0.28913772106170654,-2.444056510925293
1694970067.6705112,0.30993929505348206,0.4774833917617798,-2.1152756214141846
1694970067.7466593,0.31013351678848267,0.4757615327835083,-2.1238584518432617
1694970067.8117309,0.31124347448349,0.47369641065597534,-2.1240408420562744
1694970067.883026,0.3145383298397064,0.4721076488494873,-2.1218018531799316
1694970067.949387,0.3182789087295532,0.4687696099281311,-2.1203391551971436
1694970068.015473,0.32106029987335205,0.46512356400489807,-2.122413158416748
1694970068.0664914,0.3286772072315216,0.45887601375579834,-2.1125879287719727
1694970068.1106353,0.3334750831127167,0.45521172881126404,-2.1090757846832275
1694970068.1567197,0.3389120399951935,0.4525071978569031,-2.106182813644409
1694970068.202789,0.34022432565689087,0.4521428346633911,-2.1032962799072266
1694970068.2454326,0.34016335010528564,0.45211344957351685,-2.1016042232513428
1694970068.2895243,0.33799514174461365,0.453169047832489,-2.0994858741760254
1694970068.331665,0.33465954661369324,0.45568451285362244,-2.101557731628418
1694970068.3749275,0.33247852325439453,0.4584767818450928,-2.10347843170166
1694970068.418475,0.33113738894462585,0.46042540669441223,-2.104858636856079
1694970068.459831,0.3309776186943054,0.4622262716293335,-2.105294942855835
1694970068.5048974,0.331135630607605,0.46220827102661133,-2.105604887008667
1694970068.5476055,0.3307395577430725,0.4616394639015198,-2.107668399810791
1694970068.5906682,0.3303144574165344,0.46320462226867676,-2.1105849742889404
1694970068.6397617,0.3299626111984253,0.4654572904109955,-2.112542152404785
1694970068.6868532,0.3285803198814392,0.46810057759284973,-2.1155929565429688
1694970068.7299085,0.325952410697937,0.4708636701107025,-2.1220550537109375
1694970068.7734733,0.3244408667087555,0.47127074003219604,-2.1236836910247803
1694970068.816567,0.32341355085372925,0.4711587131023407,-2.1253151893615723
1694970068.8596685,0.32405251264572144,0.4708404242992401,-2.123286724090576
1694970068.901833,0.32506006956100464,0.4702698588371277,-2.1191718578338623
1694970068.947018,0.32569989562034607,0.46891799569129944,-2.1156504154205322
1694970068.991742,0.32695481181144714,0.4687066376209259,-2.110713005065918
1694970069.034249,0.32698172330856323,0.46843668818473816,-2.1094019412994385
1694970069.07805,0.32680442929267883,0.4679369330406189,-2.108570098876953
1694970069.1206741,0.3257518410682678,0.4676492512226105,-2.1112658977508545
1694970069.1613016,0.3236762583255768,0.4690197706222534,-2.1144304275512695
1694970069.2039266,0.3223632574081421,0.4706060588359833,-2.11594820022583
1694970069.247562,0.3210788667201996,0.4727489650249481,-2.1176187992095947
1694970069.2897747,0.31985220313072205,0.4760372042655945,-2.11907696723938
1694970069.3318322,0.31920182704925537,0.4777572453022003,-2.1198275089263916
1694970069.3737843,0.31881508231163025,0.4789198338985443,-2.1204583644866943
1694970069.4158466,0.3181759715080261,0.4791833162307739,-2.1225509643554688
1694970069.4576283,0.31874340772628784,0.47913381457328796,-2.12337327003479
1694970069.4979131,0.3196882903575897,0.4780823588371277,-2.1225690841674805
1694970069.5425847,0.31961995363235474,0.4767688512802124,-2.1235086917877197
1694970069.5876596,0.32074326276779175,0.47454625368118286,-2.120612621307373
1694970069.6285799,0.3229673206806183,0.4693404734134674,-2.113842248916626
1694970069.6707654,0.32519441843032837,0.4656202793121338,-2.1086721420288086
1694970069.7113168,0.3281373679637909,0.46250420808792114,-2.1037089824676514
1694970069.7564008,0.3304944932460785,0.4605587422847748,-2.100548028945923
1694970069.7970414,0.33246302604675293,0.4597630798816681,-2.0999391078948975
1694970069.840725,0.3329516649246216,0.4619205892086029,-2.102027177810669
1694970069.882987,0.33290600776672363,0.46414268016815186,-2.104271173477173
1694970069.9238017,0.33361876010894775,0.466747909784317,-2.105640172958374
1694970069.9643703,0.33511942625045776,0.4708685278892517,-2.107435703277588
1694970070.005442,0.33629339933395386,0.4720829427242279,-2.107720136642456
1694970070.0475836,0.3376270830631256,0.4720831513404846,-2.105865716934204
1694970070.0899956,0.33833131194114685,0.4712083339691162,-2.104123115539551
1694970070.130538,0.34019023180007935,0.46984484791755676,-2.100926637649536
1694970070.17286,0.3413865864276886,0.46906736493110657,-2.0970265865325928
1694970070.212888,0.3425915539264679,0.46871960163116455,-2.094338893890381
1694970070.2535706,0.3430587649345398,0.4677966833114624,-2.0924224853515625
1694970070.2916136,0.34265023469924927,0.46682268381118774,-2.091874837875366
1694970070.3330965,0.34077680110931396,0.4656097888946533,-2.0931215286254883
1694970070.3769455,0.3280036449432373,0.4689391553401947,-2.1098685264587402
1694970070.5040047,0.32635051012039185,0.46868738532066345,-2.1106691360473633
1694970070.543423,0.32507219910621643,0.46888235211372375,-2.1147570610046387
1694970070.603327,0.3220895528793335,0.4710982143878937,-2.1243255138397217
1694970070.675114,0.31474101543426514,0.4838827848434448,-2.1490960121154785
1694970070.8349779,0.31342777609825134,0.485596626996994,-2.150848150253296
1694970070.8765795,0.31234198808670044,0.48511964082717896,-2.149808645248413
1694970070.9191504,0.3121545612812042,0.4836922287940979,-2.1479525566101074
1694970070.9577143,0.3124500513076782,0.482830286026001,-2.1466968059539795
1694970070.995851,0.3130693733692169,0.4808332324028015,-2.1459381580352783
1694970071.0394013,0.3138090968132019,0.4792453646659851,-2.1450445652008057
1694970071.0795915,0.3141072392463684,0.47859248518943787,-2.1454689502716064
1694970071.1225026,0.3147827088832855,0.4782250225543976,-2.145573139190674
1694970071.1626084,0.31569403409957886,0.47760629653930664,-2.144209384918213
1694970071.206455,0.31697869300842285,0.4800214171409607,-2.1467580795288086
1694970071.2496781,0.31946122646331787,0.48360857367515564,-2.1462783813476562
1694970071.2907832,0.3225663900375366,0.4865913689136505,-2.1441102027893066
1694970071.3325624,0.32757368683815,0.49324658513069153,-2.1418616771698
1694970071.3751326,0.3303319215774536,0.49681201577186584,-2.1404871940612793
1694970071.41771,0.332030713558197,0.49695703387260437,-2.140037775039673
1694970071.4618733,0.33353540301322937,0.495094895362854,-2.1394355297088623
1694970071.504932,0.3358049690723419,0.4967021644115448,-2.1411564350128174
1694970071.543551,0.33588582277297974,0.4990176856517792,-2.1447598934173584
1694970071.5841188,0.3360613286495209,0.5018603205680847,-2.15035343170166
1694970071.6276557,0.33588841557502747,0.5037235617637634,-2.1573474407196045
1694970071.6551752,0.3359202444553375,0.505215585231781,-2.1628284454345703
1694970071.6837254,0.33707672357559204,0.5065385699272156,-2.165134906768799
1694970071.7127695,0.3389047682285309,0.5100787281990051,-2.171999454498291
1694970071.7412903,0.3403007984161377,0.5134327411651611,-2.17492938041687
1694970071.7708392,0.34253835678100586,0.515999972820282,-2.1762807369232178
1694970071.799958,0.3453274369239807,0.5176474452018738,-2.1773300170898438
1694970071.8285203,0.3480558395385742,0.5191088914871216,-2.1804141998291016
1694970071.8605883,0.3494843542575836,0.5188243985176086,-2.179468870162964
1694970071.8951137,0.35118767619132996,0.5182393193244934,-2.1801552772521973
1694970071.9281566,0.35145196318626404,0.5164991617202759,-2.1778833866119385
1694970071.962199,0.3510662615299225,0.5139037370681763,-2.1744422912597656
1694970071.9967647,0.35170507431030273,0.5127041339874268,-2.1754188537597656
1694970072.0297,0.3515588045120239,0.5111936926841736,-2.1738998889923096
1694970072.0642834,0.3519015908241272,0.5104168653488159,-2.17569637298584
1694970072.0968394,0.35224685072898865,0.5097085237503052,-2.178354263305664
1694970072.1278663,0.3524417579174042,0.5083051323890686,-2.18200945854187
1694970072.1624074,0.35288262367248535,0.5068816542625427,-2.1849639415740967
1694970072.1964982,0.3536570370197296,0.5058726072311401,-2.187148332595825
1694970072.2335222,0.35469913482666016,0.5048677921295166,-2.188541889190674
1694970072.2631025,0.355769544839859,0.503808856010437,-2.1891069412231445
1694970072.2996707,0.35685381293296814,0.5026945471763611,-2.190136432647705
1694970072.3301976,0.3581993579864502,0.5011917352676392,-2.191922426223755
1694970072.3632262,0.3593575060367584,0.5000460147857666,-2.1952483654022217
1694970072.3971636,0.36030593514442444,0.5004271268844604,-2.199981212615967
1694970072.4307256,0.3610328137874603,0.5015009045600891,-2.2049553394317627
1694970072.463294,0.36122727394104004,0.5034383535385132,-2.210326910018921
1694970072.495859,0.36109715700149536,0.5050184726715088,-2.2140681743621826
1694970072.5299115,0.3606877624988556,0.506589412689209,-2.2171788215637207
1694970072.5657372,0.3605605363845825,0.5090893507003784,-2.220383644104004
1694970072.597319,0.3601345121860504,0.5117026567459106,-2.2236387729644775
1694970072.6298747,0.3602830171585083,0.5141375064849854,-2.2260098457336426
1694970072.6645114,0.36052754521369934,0.5158547759056091,-2.2267191410064697
1694970072.6987865,0.3612103760242462,0.5165992379188538,-2.2251381874084473
1694970072.7313075,0.3618752658367157,0.5164276957511902,-2.223630428314209
1694970072.7643597,0.3624994158744812,0.516025185585022,-2.220853567123413
1694970072.8005407,0.36269232630729675,0.5153811573982239,-2.2183284759521484
1694970072.8307052,0.36284637451171875,0.5150893926620483,-2.215287923812866
1694970072.8637629,0.36298543214797974,0.5150065422058105,-2.212991952896118
1694970072.8988266,0.3629271686077118,0.5146329998970032,-2.211552381515503
1694970080.9035711,0.02821052260696888,0.17284756898880005,-2.1543691158294678
1694970080.9733684,0.03236791491508484,0.17235606908798218,-2.1599230766296387
1694970081.0396695,0.03328799828886986,0.17073947191238403,-2.1561203002929688
1694970081.105328,0.03417643904685974,0.17113007605075836,-2.148977756500244
1694970081.165931,0.035772211849689484,0.17348502576351166,-2.1426279544830322
1694970081.2347183,0.03663647174835205,0.1746094971895218,-2.139683961868286
1694970081.2775698,0.03748440742492676,0.17354920506477356,-2.13718318939209
1694970081.3217134,0.0382918082177639,0.17261956632137299,-2.13492488861084
1694970081.366012,0.03979744762182236,0.17109331488609314,-2.130429744720459
1694970081.4095793,0.040593184530735016,0.17043522000312805,-2.1285488605499268
1694970081.4546616,0.04158470034599304,0.17024123668670654,-2.1273200511932373
1694970081.496791,0.042338550090789795,0.1693411022424698,-2.126728057861328
1694970081.5408604,0.04287215694785118,0.1685257852077484,-2.12735652923584
1694970081.5847752,0.04230549931526184,0.16812193393707275,-2.1296887397766113
1694970081.6283255,0.041224248707294464,0.167949840426445,-2.13027286529541
1694970081.6729226,0.04028668999671936,0.16726553440093994,-2.1311793327331543
1694970081.7156549,0.03986210376024246,0.16823892295360565,-2.1324472427368164
1694970081.758719,0.03988925367593765,0.1697695553302765,-2.132742166519165
1694970081.8028922,0.039274901151657104,0.17087215185165405,-2.13169527053833
1694970081.84394,0.038583263754844666,0.17178252339363098,-2.130188226699829
1694970081.8856843,0.0374937430024147,0.17211788892745972,-2.1291663646698
1694970081.9278605,0.036525946110486984,0.1720981001853943,-2.128509759902954
1694970081.9725442,0.0344729945063591,0.1725422590970993,-2.1276350021362305
1694970082.0136309,0.03383590653538704,0.17188295722007751,-2.1268091201782227
1694970082.0578494,0.03376205265522003,0.170609712600708,-2.127004623413086
1694970082.0990088,0.03394119441509247,0.16887205839157104,-2.12740421295166
1694970082.1406705,0.034839361906051636,0.1670677810907364,-2.1280524730682373
1694970082.1852887,0.03503468632698059,0.1657208800315857,-2.1288564205169678
1694970082.2288516,0.03431818634271622,0.16384513676166534,-2.1293411254882812
1694970082.2709715,0.032538577914237976,0.16037312150001526,-2.1305735111236572
1694970082.3110003,0.03162975609302521,0.15942604839801788,-2.1309165954589844
1694970082.3510416,0.031281523406505585,0.15926967561244965,-2.1304702758789062
1694970082.393608,0.031215397641062737,0.1600150763988495,-2.130518913269043
1694970082.4366603,0.03141818195581436,0.1616518497467041,-2.130026340484619
1694970082.476971,0.03145996481180191,0.16265323758125305,-2.1293890476226807
1694970082.5177147,0.031458206474781036,0.1627563089132309,-2.1292121410369873
1694970082.5599546,0.03098483756184578,0.16278502345085144,-2.129140615463257
1694970082.5992804,0.03003678098320961,0.16341626644134521,-2.1288046836853027
1694970082.640318,0.02863140217959881,0.1636020392179489,-2.1276731491088867
1694970082.6808908,0.02830389142036438,0.16263806819915771,-2.126675844192505
1694970082.7249885,0.028225310146808624,0.16288284957408905,-2.126061201095581
1694970082.7651446,0.027994753792881966,0.16282489895820618,-2.125739812850952
1694970082.8077092,0.02560555748641491,0.16367337107658386,-2.1268601417541504
1694970082.846736,0.023567350581288338,0.1651526838541031,-2.127786159515381
1694970082.8898988,0.02185025066137314,0.16654863953590393,-2.1277785301208496
1694970082.9299846,0.02175070531666279,0.1666538417339325,-2.1269164085388184
1694970082.9732375,0.021518580615520477,0.16727504134178162,-2.124789237976074
1694970083.0143065,0.02216472290456295,0.16761615872383118,-2.1234703063964844
1694970083.0553823,0.02297060750424862,0.1670408397912979,-2.1225554943084717
1694970083.0977354,0.023654425516724586,0.1668342649936676,-2.122694492340088
1694970083.1384838,0.024330507963895798,0.1662590056657791,-2.1223807334899902
1694970083.1786535,0.024752328172326088,0.16613374650478363,-2.120701789855957
1694970083.2240307,0.025619875639677048,0.1668623983860016,-2.1194841861724854
1694970083.2636466,0.025802062824368477,0.16719107329845428,-2.119227170944214
1694970083.3057947,0.025042017921805382,0.1663920134305954,-2.121053457260132
1694970083.3465326,0.02357415109872818,0.16555944085121155,-2.123408079147339
1694970083.3905451,0.022341614589095116,0.16490371525287628,-2.125892162322998
1694970083.4305315,0.021452466025948524,0.16433900594711304,-2.1275341510772705
1694970083.4734433,0.02040916495025158,0.16402208805084229,-2.1299846172332764
1694970083.5124872,0.02006097324192524,0.16364604234695435,-2.129333734512329
1694970083.5540454,0.02059907652437687,0.16311410069465637,-2.128312110900879
1694970083.5936778,0.020510384812951088,0.16284926235675812,-2.1276488304138184
1694970083.6372695,0.0207720585167408,0.16257226467132568,-2.12727689743042
1694970083.6657908,0.020942460745573044,0.16293245553970337,-2.1277716159820557
1694970083.69505,0.021235940977931023,0.16334080696105957,-2.128424882888794
1694970083.7231278,0.021847976371645927,0.16399972140789032,-2.127714157104492
1694970083.7516499,0.02254919335246086,0.16441099345684052,-2.126521348953247
1694970083.781714,0.02230997197329998,0.1655251681804657,-2.1252570152282715
1694970083.8107655,0.02241227775812149,0.1664884090423584,-2.124431848526001
1694970083.8388379,0.02270764671266079,0.1677807867527008,-2.123908281326294
1694970083.86992,0.02324835956096649,0.1686212569475174,-2.1232035160064697
1694970083.9042938,0.024324685335159302,0.16864408552646637,-2.1210992336273193
1694970083.9366684,0.025456160306930542,0.16835670173168182,-2.11881947517395
1694970083.9769967,0.02658417820930481,0.16787905991077423,-2.1158838272094727
1694970084.006547,0.027420872822403908,0.16755715012550354,-2.1134283542633057
1694970084.0376327,0.027820786461234093,0.16718031466007233,-2.112083911895752
1694970084.0701666,0.02791166491806507,0.16645771265029907,-2.112030506134033
1694970084.1037056,0.02773098647594452,0.16577598452568054,-2.111743927001953
1694970084.1379287,0.02710668183863163,0.16566218435764313,-2.1119327545166016
1694970084.1706862,0.026334000751376152,0.16536736488342285,-2.1114814281463623
1694970084.2052298,0.025358468294143677,0.16549670696258545,-2.1110105514526367
1694970084.2377968,0.024557452648878098,0.16564956307411194,-2.110022783279419
1694970084.2719007,0.024085601791739464,0.1656186580657959,-2.1090521812438965
1694970084.305419,0.02365608513355255,0.1667792648077011,-2.1086535453796387
1694970084.3389568,0.023142872378230095,0.16813969612121582,-2.1086883544921875
1694970084.3710346,0.023514458909630775,0.169793963432312,-2.1088101863861084
1694970084.4066377,0.024191539734601974,0.17143771052360535,-2.109840154647827
1694970084.4408145,0.024668175727128983,0.17170853912830353,-2.111487865447998
1694970084.4730203,0.02498030476272106,0.1711321771144867,-2.11326265335083
1694970084.5070987,0.025333020836114883,0.1704864799976349,-2.1138317584991455
1694970084.5396535,0.025259653106331825,0.1704607903957367,-2.1134839057922363
1694970084.5734212,0.024939896538853645,0.1707325130701065,-2.1132280826568604
1694970084.605957,0.025102602317929268,0.17134323716163635,-2.1142635345458984
1694970084.6397274,0.024749327450990677,0.171463742852211,-2.1146492958068848
1694970084.672406,0.023349106311798096,0.17119796574115753,-2.114001989364624
1694970084.7069745,0.021987659856677055,0.170777827501297,-2.113403797149658
1694970084.7405398,0.020836886018514633,0.170587956905365,-2.111847162246704
1694970084.7732162,0.01945614628493786,0.170572429895401,-2.1103267669677734
1694970084.8067575,0.018939904868602753,0.17048761248588562,-2.1086530685424805
1694970084.8408144,0.01897558569908142,0.16991166770458221,-2.1074728965759277
1694970084.8734453,0.01877024956047535,0.16965675354003906,-2.1070663928985596
1694970084.906726,0.018963554874062538,0.1697126030921936,-2.107196807861328
1694970084.942902,0.01966089755296707,0.1689513623714447,-2.1083180904388428
1694970084.9744854,0.020587921142578125,0.16746489703655243,-2.110166549682617
1694970085.008556,0.02033398300409317,0.16501384973526,-2.1112825870513916
1694970085.0416412,0.019761478528380394,0.16266629099845886,-2.113412380218506
1694970085.075712,0.019535794854164124,0.16097062826156616,-2.114224910736084
1694970085.1078372,0.019194884225726128,0.16061033308506012,-2.1145100593566895
1694970085.1412127,0.01967707835137844,0.1610436588525772,-2.1144509315490723
1694970085.1750612,0.020879682153463364,0.1616980880498886,-2.1135947704315186
1694970085.2080874,0.02140451781451702,0.16281692683696747,-2.112916946411133
1694970085.2416236,0.02121570333838463,0.16399449110031128,-2.112807273864746
1694970085.2756553,0.021328764036297798,0.16509291529655457,-2.113049268722534
1694970085.3077247,0.022819343954324722,0.16506221890449524,-2.1135175228118896
1694970085.3417737,0.02503082901239395,0.16461561620235443,-2.1146984100341797
1694970085.375579,0.026830758899450302,0.16467900574207306,-2.1162350177764893
1694970085.409809,0.02870693989098072,0.16540353000164032,-2.1181726455688477
1694970085.4423547,0.03057687357068062,0.16647101938724518,-2.1196036338806152
1694970085.4895754,0.03162706643342972,0.16736894845962524,-2.1208715438842773
1694970085.529665,0.031474895775318146,0.16818323731422424,-2.121555805206299
1694970085.5707026,0.03111613355576992,0.1682979017496109,-2.1222527027130127
1694970085.6119347,0.03057403303682804,0.16864119470119476,-2.1233718395233154
1694970085.653976,0.02907460555434227,0.1699618548154831,-2.1258249282836914
1694970085.6938004,0.028559232130646706,0.1679888814687729,-2.1266162395477295
1694970085.7368758,0.02840465120971203,0.16575771570205688,-2.1279513835906982
1694970085.7777698,0.02867228165268898,0.1638023555278778,-2.1292459964752197
1694970085.819819,0.027251752093434334,0.16523218154907227,-2.130803346633911
1694970085.8600407,0.025311004370450974,0.16712622344493866,-2.131343364715576
1694970085.902793,0.02437453903257847,0.16952477395534515,-2.131387233734131
1694970085.9445693,0.024387696757912636,0.1709652841091156,-2.1315906047821045
1694970085.9856255,0.026749810203909874,0.1698121279478073,-2.130345582962036
1694970086.025511,0.028719542548060417,0.16918107867240906,-2.1295111179351807
1694970086.0685983,0.030110040679574013,0.16942450404167175,-2.1288578510284424
1694970086.1093135,0.03138788044452667,0.16968943178653717,-2.128386974334717
1694970086.1502602,0.03245336562395096,0.17095407843589783,-2.1285650730133057
1694970087.830298,0.04162655398249626,0.17796111106872559,-2.120821952819824
1694970087.9002166,0.04001661762595177,0.17835552990436554,-2.123199224472046
1694970087.963889,0.05501662567257881,0.25182247161865234,-2.141087293624878
1694970088.0245173,0.050359003245830536,0.2505391538143158,-2.142160177230835
1694970088.0615199,0.05031737685203552,0.2499828338623047,-2.142085075378418
1694970088.1070485,0.049289483577013016,0.25033316016197205,-2.1421942710876465
1694970088.1490777,0.047983016818761826,0.25097203254699707,-2.140432357788086
1694970088.1926198,0.046223871409893036,0.2515789568424225,-2.139248847961426
1694970088.2377338,0.04601171612739563,0.25181442499160767,-2.1368308067321777
1694970088.2778933,0.04592978209257126,0.2514100968837738,-2.135010242462158
1694970088.3206754,0.04672769457101822,0.25085610151290894,-2.1341512203216553
1694970088.3617215,0.04768642038106918,0.25017550587654114,-2.1330347061157227
1694970088.4032989,0.0480545312166214,0.24985960125923157,-2.132049083709717
1694970088.44434,0.04911930859088898,0.24934247136116028,-2.1315982341766357
1694970088.4879715,0.049585971981287,0.2494972199201584,-2.1312248706817627
1694970088.528017,0.04803521931171417,0.24895402789115906,-2.130606174468994
1694970088.5698562,0.046992115676403046,0.2482762336730957,-2.130178451538086
1694970088.6110528,0.04642535746097565,0.24802854657173157,-2.129362106323242
1694970088.6539047,0.04583447054028511,0.24745972454547882,-2.1284329891204834
1694970088.6959116,0.04615067318081856,0.24582892656326294,-2.125790596008301
1694970088.7405932,0.046992287039756775,0.24504730105400085,-2.1249845027923584
1694970088.7832632,0.047358568757772446,0.24367742240428925,-2.125584363937378
1694970088.8253508,0.04637564718723297,0.23993298411369324,-2.129657506942749
1694970088.868906,0.04476384446024895,0.2376708984375,-2.133693218231201
1694970088.9096544,0.043530140072107315,0.2357320934534073,-2.1369922161102295
1694970088.9526806,0.04289008677005768,0.23408383131027222,-2.139296531677246
1694970088.9923456,0.04357605054974556,0.22971314191818237,-2.143333673477173
1694970089.0354102,0.04579033702611923,0.22660209238529205,-2.143535614013672
1694970089.0776443,0.0466974601149559,0.22489522397518158,-2.14395809173584
1694970089.1197069,0.04787268489599228,0.22428157925605774,-2.144301176071167
1694970089.1608343,0.04891637712717056,0.2233070284128189,-2.1444201469421387
1694970089.2054179,0.04942208528518677,0.22404320538043976,-2.144550323486328
1694970089.245965,0.05034308135509491,0.22298014163970947,-2.143967628479004
1694970089.2880359,0.05132526904344559,0.22062751650810242,-2.143714666366577
1694970089.327269,0.05424800515174866,0.21593181788921356,-2.144519090652466
1694970089.368629,0.05534879118204117,0.21357013285160065,-2.145887613296509
1694970089.4082296,0.055431440472602844,0.21214479207992554,-2.1486356258392334
1694970089.4477768,0.055583108216524124,0.2110663652420044,-2.1511380672454834
1694970089.4919803,0.05587264150381088,0.21048633754253387,-2.1539418697357178
1694970089.5330508,0.05740167945623398,0.20884481072425842,-2.156397581100464
1694970089.5746448,0.05822962149977684,0.2057158648967743,-2.1580355167388916
1694970089.6139002,0.06005946546792984,0.20156486332416534,-2.1597237586975098
1694970089.6549666,0.063673235476017,0.1964513510465622,-2.159670352935791
1694970089.6958597,0.07142575085163116,0.18712301552295685,-2.1597273349761963
1694970089.7390616,0.07394406944513321,0.18182243406772614,-2.159825086593628
1694970089.779616,0.07449933886528015,0.17814357578754425,-2.1596531867980957
1694970089.8230703,0.07641349732875824,0.17401333153247833,-2.1594557762145996
1694970089.862646,0.07985764741897583,0.1632983237504959,-2.160184144973755
1694970089.905696,0.08064895868301392,0.15839003026485443,-2.1596286296844482
1694970089.945752,0.08507626503705978,0.15298768877983093,-2.159087896347046
1694970089.986818,0.09023913741111755,0.14850440621376038,-2.1585071086883545
1694970090.027966,0.09480999410152435,0.14524628221988678,-2.157905340194702
1694970090.0676966,0.10085766762495041,0.1399792730808258,-2.1580135822296143
1694970090.109756,0.1022615060210228,0.1389065831899643,-2.1579179763793945
1694970090.1533349,0.10108157247304916,0.13654717803001404,-2.1583645343780518
1694970090.1935976,0.09716252982616425,0.1344502866268158,-2.158827781677246
1694970090.2378004,0.09316197037696838,0.12690216302871704,-2.1587750911712646
1694970090.2776883,0.09507132321596146,0.12036880105733871,-2.1567676067352295
1694970090.318873,0.09855064749717712,0.11461769044399261,-2.1554555892944336
1694970090.359498,0.10220161080360413,0.10798264294862747,-2.155195951461792
1694970090.4006023,0.10892415046691895,0.09355151653289795,-2.1564133167266846
1694970090.4417083,0.11045195162296295,0.08716391772031784,-2.15946888923645
1694970090.483816,0.11215811967849731,0.08289916813373566,-2.1616413593292236
1694970090.5248728,0.11383174359798431,0.08081062138080597,-2.163046360015869
1694970090.564437,0.11436702311038971,0.07429155707359314,-2.1666648387908936
1694970090.6050425,0.11666087806224823,0.06826305389404297,-2.168398141860962
1694970090.6448567,0.11817900836467743,0.06021212413907051,-2.1717984676361084
1694970090.6866758,0.1192258670926094,0.05124571919441223,-2.1763646602630615
1694970090.7278867,0.11785219609737396,0.042623404413461685,-2.1827008724212646
1694970090.7710764,0.11964629590511322,0.024500824511051178,-2.193830966949463
1694970090.810743,0.12248449772596359,0.016636667773127556,-2.199265480041504
1694970090.8511636,0.12727618217468262,0.009774180129170418,-2.203244209289551
1694970090.8797185,0.13139399886131287,0.0034617893397808075,-2.2068278789520264
1694970090.9079206,0.1379285603761673,-0.0005881637334823608,-2.2081522941589355
1694970090.9380934,0.1445746123790741,-0.003963468596339226,-2.2093141078948975
1694970090.9666688,0.15128257870674133,-0.0072285085916519165,-2.209259033203125
1694970091.0002198,0.15806469321250916,-0.009946692734956741,-2.2094218730926514
1694970091.028737,0.16631156206130981,-0.013843342661857605,-2.210225820541382
1694970091.0638115,0.1769067347049713,-0.01857527531683445,-2.2108311653137207
1694970091.0957239,0.18603074550628662,-0.023793021216988564,-2.2120516300201416
1694970091.1293519,0.19450777769088745,-0.029034549370408058,-2.212193489074707
1694970091.1649458,0.2045835554599762,-0.03403377905488014,-2.2108259201049805
1694970091.1953995,0.21432271599769592,-0.037963833659887314,-2.208940029144287
1694970091.2294686,0.22261786460876465,-0.041816502809524536,-2.2078969478607178
1694970091.261513,0.2315608710050583,-0.04641985893249512,-2.208489418029785
1694970091.297336,0.24075883626937866,-0.04997231811285019,-2.2111308574676514
1694970091.3308709,0.2587568759918213,-0.057892367243766785,-2.222344398498535
1694970091.3977635,0.26521459221839905,-0.060145244002342224,-2.229335308074951
1694970091.4303038,0.2706536650657654,-0.06053993105888367,-2.2361559867858887
1694970091.4649935,0.29010629653930664,-0.06076081842184067,-2.2385737895965576
1694970091.4977877,0.30713334679603577,-0.05987878888845444,-2.2413341999053955
1694970091.5308204,0.32266464829444885,-0.05903147906064987,-2.2454731464385986
1694970091.5658925,0.3399430811405182,-0.05709439516067505,-2.2535390853881836
1694970091.5999196,0.3504180908203125,-0.055408626794815063,-2.2571704387664795
1694970091.6314428,0.3551671504974365,-0.05019625648856163,-2.2596065998077393
1694970091.6645105,0.34948351979255676,-0.04560383781790733,-2.2601661682128906
1694970091.6991227,0.3409750461578369,-0.040630750358104706,-2.257977247238159
1694970091.7326415,0.3327065706253052,-0.03347250074148178,-2.2517645359039307
1694970091.7652986,0.32892411947250366,-0.022486090660095215,-2.2436838150024414
1694970091.7997692,0.3276854455471039,-0.008423000574111938,-2.2339255809783936
1694970091.8318408,0.3260185718536377,0.006152022629976273,-2.2268850803375244
1694970091.8644023,0.32261794805526733,0.02106902003288269,-2.222628116607666
1694970091.8979564,0.31988874077796936,0.035047441720962524,-2.220305919647217
1694970091.9311738,0.31762683391571045,0.047390639781951904,-2.2202534675598145
1694970091.9652884,0.31452661752700806,0.057312432676553726,-2.2219865322113037
1694970091.999771,0.31472378969192505,0.06410530209541321,-2.222101926803589
1694970092.0328715,0.31681156158447266,0.06947361677885056,-2.223398208618164
1694970092.0654309,0.31873181462287903,0.07244773209095001,-2.227027416229248
1694970092.0988328,0.3199794292449951,0.07760293036699295,-2.2283718585968018
1694970092.131913,0.31903037428855896,0.08321689069271088,-2.2289071083068848
1694970092.1656473,0.3182852268218994,0.08726584911346436,-2.2282555103302
1694970092.1986883,0.31584322452545166,0.09176629781723022,-2.2256438732147217
1694970092.2332382,0.3131338953971863,0.09559857100248337,-2.2243812084198
1694970092.2653186,0.31076279282569885,0.09966357797384262,-2.2255542278289795
1694970092.3003874,0.30705249309539795,0.10559137165546417,-2.2261297702789307
1694970092.332921,0.3052574098110199,0.11199058592319489,-2.2285172939300537
1694970092.3660214,0.30733996629714966,0.11800599843263626,-2.2270073890686035
1694970092.4020662,0.3095494508743286,0.12626132369041443,-2.22624135017395
1694970092.4351542,0.3107956349849701,0.13534700870513916,-2.2249248027801514
1694970092.4668062,0.31161561608314514,0.14349985122680664,-2.22331166267395
1694970092.5003521,0.30926287174224854,0.1511097252368927,-2.2220652103424072
1694970092.5339057,0.30726778507232666,0.1589474231004715,-2.225992202758789
1694970092.5674722,0.3076229691505432,0.1697314828634262,-2.230773687362671
1694970092.6017852,0.3092937767505646,0.1805310994386673,-2.234830856323242
1694970092.6343389,0.31157442927360535,0.1891300082206726,-2.2403016090393066
1694970092.6794078,0.3162653148174286,0.1958247423171997,-2.23728084564209
1694970092.7204492,0.32579362392425537,0.2058124989271164,-2.2322309017181396
1694970092.7609873,0.34059032797813416,0.21451419591903687,-2.2242367267608643
1694970092.8035924,0.35570621490478516,0.22332289814949036,-2.216343402862549
1694970092.8480368,0.36739206314086914,0.23536747694015503,-2.1953938007354736
1694970092.8905637,0.3699508011341095,0.24140866100788116,-2.1830387115478516
1694970092.9306643,0.37285903096199036,0.24786581099033356,-2.181673049926758
1694970092.974396,0.37615543603897095,0.25898659229278564,-2.177248001098633
1694970093.015448,0.3714953660964966,0.2584058344364166,-2.169562339782715
1694970106.5185509,-1.533138394355774,0.28712907433509827,-1.2855360507965088
1694970106.595437,-1.5593725442886353,0.28485774993896484,-1.2776981592178345
1694970106.667802,-1.566159725189209,0.28650668263435364,-1.2738749980926514
1694970106.7462378,-1.5656944513320923,0.2882625460624695,-1.273384690284729
1694970106.8131278,-1.5640243291854858,0.2885883152484894,-1.2744158506393433
1694970106.8798678,-1.562307357788086,0.28897327184677124,-1.2754970788955688
1694970106.9459357,-1.5609296560287476,0.28819429874420166,-1.2764776945114136
1694970107.0116694,-1.5601528882980347,0.2879980504512787,-1.2771540880203247
1694970107.0557303,-1.559731125831604,0.28802117705345154,-1.277449369430542
1694970107.0992796,-1.559700846672058,0.2877311110496521,-1.277451515197754
1694970107.1420934,-1.5597091913223267,0.2877134680747986,-1.277436375617981
1694970107.1857014,-1.55968177318573,0.2876873016357422,-1.2773939371109009
1694970107.230615,-1.5596613883972168,0.2881232500076294,-1.2772955894470215
1694970107.2752023,-1.5596675872802734,0.2880743741989136,-1.2771488428115845
1694970107.3181012,-1.5597556829452515,0.28785690665245056,-1.2770931720733643
1694970107.3627026,-1.5598849058151245,0.2879214584827423,-1.2770390510559082
1694970107.404304,-1.5599608421325684,0.28792285919189453,-1.2771098613739014
1694970107.4460526,-1.5599744319915771,0.28761622309684753,-1.2771586179733276
1694970107.4928625,-1.5600473880767822,0.2872920036315918,-1.277275562286377
1694970107.5368361,-1.5601065158843994,0.28727370500564575,-1.277287483215332
1694970107.57908,-1.5600206851959229,0.2874020040035248,-1.2772036790847778
1694970107.623155,-1.5599794387817383,0.287395179271698,-1.2771815061569214
1694970107.6671896,-1.560019612312317,0.28729498386383057,-1.2772079706192017
1694970107.7098107,-1.5600582361221313,0.287335604429245,-1.2771934270858765
1694970107.7524238,-1.5600261688232422,0.2874264121055603,-1.2771449089050293
1694970107.7959714,-1.5600237846374512,0.287380188703537,-1.2771018743515015
1694970107.8395588,-1.560027837753296,0.2873280346393585,-1.2771143913269043
1694970107.8833265,-1.5600134134292603,0.28727248311042786,-1.2770979404449463
1694970107.9279323,-1.5600061416625977,0.28733208775520325,-1.2771140336990356
1694970107.9699903,-1.5600152015686035,0.287271648645401,-1.2771347761154175
1694970108.0125563,-1.5600407123565674,0.2872147858142853,-1.2771515846252441
1694970108.0571625,-1.5600273609161377,0.28710171580314636,-1.2771198749542236
1694970108.1001375,-1.5600292682647705,0.28715941309928894,-1.277100920677185
1694970108.1411972,-1.5600488185882568,0.2870931625366211,-1.2771276235580444
1694970108.183378,-1.5599935054779053,0.2869879901409149,-1.277121663093567
1694970108.22794,-1.5600547790527344,0.287057489156723,-1.277180552482605
1694970108.2710488,-1.5600714683532715,0.287282258272171,-1.2771865129470825
1694970108.3133073,-1.5600005388259888,0.28743574023246765,-1.277130365371704
1694970108.3593283,-1.560041904449463,0.28742146492004395,-1.2771854400634766
1694970108.4038668,-1.5600656270980835,0.2872893810272217,-1.2771631479263306
1694970108.445556,-1.5600550174713135,0.28729984164237976,-1.2771098613739014
1694970108.4902143,-1.560018539428711,0.2873539328575134,-1.2770665884017944
1694970108.5333064,-1.5600700378417969,0.28717756271362305,-1.2771189212799072
1694970108.5739596,-1.5600613355636597,0.2867526412010193,-1.277145266532898
1694970108.61557,-1.5600817203521729,0.2865475118160248,-1.2771586179733276
1694970108.6597378,-1.5600848197937012,0.28661489486694336,-1.2771662473678589
1694970108.7033052,-1.5601286888122559,0.2867633104324341,-1.2771297693252563
1694970108.7459662,-1.5600923299789429,0.2869892418384552,-1.2770901918411255
1694970108.7880533,0.3867860436439514,0.27521052956581116,-2.130873680114746
1694970108.8321888,0.3887956142425537,0.27568426728248596,-2.1340324878692627
1694970108.8737485,0.39132362604141235,0.275717169046402,-2.132737874984741
1694970108.9148178,0.39121994376182556,0.27542319893836975,-2.131686210632324
1694970108.9558566,0.39074379205703735,0.27569663524627686,-2.1300439834594727
1694970108.9941316,0.3915769159793854,0.2764498293399811,-2.128706455230713
1694970109.0372458,0.3896196782588959,0.2759902775287628,-2.127376079559326
1694970109.0808275,0.38737669587135315,0.2753039002418518,-2.1252493858337402
1694970109.1232889,0.38697129487991333,0.27502697706222534,-2.1223223209381104
1694970109.1653674,0.38091641664505005,0.2712300717830658,-2.122291326522827
1694970109.208231,0.3763023614883423,0.2684783339500427,-2.12638258934021
1694970109.248849,0.3733150064945221,0.2687723636627197,-2.1325671672821045
1694970109.2910302,0.3726860284805298,0.26924651861190796,-2.134589910507202
1694970109.3310952,0.3715566396713257,0.2677817642688751,-2.1297900676727295
1694970109.372309,0.37074849009513855,0.2678718566894531,-2.126577615737915
1694970109.4158633,0.3718926012516022,0.2710173726081848,-2.13481068611145
1694970109.471917,0.37133440375328064,0.2712095379829407,-2.1359148025512695
1694970109.51205,0.3708149492740631,0.271950364112854,-2.1395750045776367
1694970109.5556672,0.37119993567466736,0.27256059646606445,-2.1379947662353516
1694970109.594206,0.37259626388549805,0.2734912037849426,-2.135345458984375
1694970109.6348972,0.37532272934913635,0.275267630815506,-2.129779815673828
1694970109.6757245,0.3757515549659729,0.27407270669937134,-2.1270313262939453
1694970109.7189078,0.37524983286857605,0.2723773419857025,-2.1256494522094727
1694970109.7603388,0.3750872015953064,0.27070409059524536,-2.122907876968384
1694970109.8025372,0.373455286026001,0.2690970301628113,-2.1203653812408447
1694970109.8451016,0.37183600664138794,0.26864883303642273,-2.1213600635528564
1694970109.8879225,0.37076205015182495,0.2680293917655945,-2.1219546794891357
1694970109.9281878,0.3701820373535156,0.2674335241317749,-2.1216864585876465
1694970109.9709218,0.37030020356178284,0.2671263515949249,-2.11993670463562
1694970110.0100105,0.37215155363082886,0.26821058988571167,-2.1196606159210205
1694970110.0420628,0.37244927883148193,0.26863348484039307,-2.1210012435913086
1694970110.0716095,0.37231647968292236,0.2689236104488373,-2.1231040954589844
1694970110.1013877,0.37164413928985596,0.26898905634880066,-2.1258490085601807
1694970110.1310644,0.3724299669265747,0.2689320743083954,-2.127535343170166
1694970110.1626923,0.37273281812667847,0.2688983678817749,-2.12931752204895
1694970110.1962812,0.3739672005176544,0.268689900636673,-2.1297833919525146
1694970110.229972,0.37396445870399475,0.2696504592895508,-2.135450601577759
1694970110.2640548,0.37384873628616333,0.2712719738483429,-2.1428024768829346
1694970110.2971377,0.3740357458591461,0.2729920744895935,-2.149320363998413
1694970110.3297255,0.37514764070510864,0.2752206027507782,-2.1534183025360107
1694970110.3652937,0.376107394695282,0.2768717110157013,-2.1545627117156982
1694970110.3963108,0.37638792395591736,0.27669525146484375,-2.152219533920288
1694970110.430997,0.37759411334991455,0.2752552628517151,-2.147672653198242
1694970110.4630558,0.37750524282455444,0.2736831605434418,-2.1455113887786865
1694970110.497004,0.37697410583496094,0.2728572487831116,-2.146329402923584
1694970110.5305915,0.3761240541934967,0.27260157465934753,-2.147704839706421
1694970110.564158,0.3759831190109253,0.27241337299346924,-2.147981643676758
1694970110.598022,0.37651774287223816,0.2721690535545349,-2.145519495010376
1694970110.6311293,0.37605372071266174,0.2720581889152527,-2.1440021991729736
1694970110.6653178,0.3764137327671051,0.2716260850429535,-2.1398062705993652
1694970110.6983106,0.37743738293647766,0.2713950574398041,-2.1361842155456543
1694970110.7313883,0.37933313846588135,0.2714152932167053,-2.133859157562256
1694970110.7669616,0.37962889671325684,0.27134332060813904,-2.133216619491577
1694970110.7989604,0.37894272804260254,0.27108779549598694,-2.133441925048828
1694970110.8323877,0.37784624099731445,0.27053743600845337,-2.133936882019043
1694970110.8670716,0.3758675158023834,0.27089038491249084,-2.1343393325805664
1694970110.9000175,0.3732517659664154,0.27181926369667053,-2.1346776485443115
1694970110.9321077,0.37044909596443176,0.27118128538131714,-2.135361433029175
1694970110.9652126,0.3678591847419739,0.27096861600875854,-2.1371238231658936
1694970110.9999788,0.36621639132499695,0.26993778347969055,-2.139371395111084
1694970111.0330567,0.3655600845813751,0.26929420232772827,-2.1438493728637695
1694970111.0687263,0.36539140343666077,0.26934370398521423,-2.151546001434326
1694970111.1013157,0.36575251817703247,0.2697281241416931,-2.1618049144744873
1694970111.133866,0.3663554787635803,0.27049145102500916,-2.169935941696167
1694970111.1679492,0.3671090602874756,0.270434707403183,-2.1761696338653564
1694970111.2001488,0.3675508201122284,0.2705532908439636,-2.181070327758789
1694970111.233675,0.3678305745124817,0.2706536054611206,-2.178802013397217
1694970111.2672331,0.36773383617401123,0.27189016342163086,-2.176650285720825
1694970111.3010538,0.36759957671165466,0.2724032700061798,-2.171076774597168
1694970111.3331244,0.3668798804283142,0.27260351181030273,-2.1645333766937256
1694970111.3662152,0.3681807518005371,0.2720358967781067,-2.1564202308654785
1694970111.402262,0.36981549859046936,0.27105435729026794,-2.1492087841033936
1694970111.4323242,0.37156161665916443,0.2697833776473999,-2.1426684856414795
1694970111.4661424,0.37278512120246887,0.2683466374874115,-2.137091875076294
1694970111.5008118,0.37384626269340515,0.26712915301322937,-2.1326050758361816
1694970111.5343642,0.3740389347076416,0.26804155111312866,-2.1301565170288086
1694970111.5689998,0.374235063791275,0.26914846897125244,-2.1285433769226074
1694970111.600065,0.3734581768512726,0.2713692784309387,-2.128481149673462
1694970111.6371145,0.3715141713619232,0.27398961782455444,-2.1293020248413086
1694970111.6686668,0.36874040961265564,0.2763904631137848,-2.1326100826263428
1694970111.703209,0.3663448691368103,0.27702462673187256,-2.1362509727478027
Distance top: 0.7650837894430633
Distance right: 0.4424381715731329
