1695491729.316773,0.10603024810552597,0.020973391830921173,-1.8326548337936401
1695491729.3992298,0.1079176515340805,0.020118214190006256,-1.8347866535186768
1695491729.5167878,0.10892082750797272,0.01850784569978714,-1.8357651233673096
1695491729.5908942,0.10762180387973785,0.017864495515823364,-1.8359394073486328
1695491729.6667113,0.10753770917654037,0.017386868596076965,-1.8345352411270142
1695491729.6947541,0.10635941475629807,0.017605066299438477,-1.832370400428772
1695491729.7252724,0.1061440259218216,0.01751360297203064,-1.8319592475891113
1695491729.7535985,0.10604201257228851,0.018043003976345062,-1.8317793607711792
1695491729.785738,0.1058039516210556,0.01864231750369072,-1.8306210041046143
1695491729.818318,0.10579294711351395,0.018481075763702393,-1.8291983604431152
1695491729.851438,0.10541397333145142,0.01841103658080101,-1.8280385732650757
1695491729.8884923,0.10509707033634186,0.018249087035655975,-1.8267087936401367
1695491729.9186437,0.10501854121685028,0.018011022359132767,-1.8264392614364624
1695491729.9517972,0.10458005219697952,0.017189156264066696,-1.825844645500183
1695491729.9893472,0.10375013202428818,0.015844929963350296,-1.8262890577316284
1695491730.0225298,0.102959543466568,0.014888964593410492,-1.827366590499878
1695491730.0540855,0.10258776694536209,0.01470797136425972,-1.8278132677078247
1695491730.0866141,0.10230091214179993,0.015122771263122559,-1.8272504806518555
1695491730.1198943,0.1019335463643074,0.015455223619937897,-1.8261382579803467
1695491730.15515,0.10186988115310669,0.016374289989471436,-1.824919581413269
1695491730.1886697,0.10203851759433746,0.017357315868139267,-1.8236145973205566
1695491730.2190194,0.10190954804420471,0.017959602177143097,-1.822237491607666
1695491730.2545307,0.10130943357944489,0.017977382987737656,-1.8201630115509033
1695491730.2863674,0.10076958686113358,0.01757371425628662,-1.8189358711242676
1695491730.3193953,0.10035327076911926,0.01728202775120735,-1.8180629014968872
1695491730.355461,0.09986797720193863,0.016865495592355728,-1.817751407623291
1695491730.3885572,0.09938006848096848,0.01693546772003174,-1.8189442157745361
1695491730.420644,0.09887117147445679,0.0167459137737751,-1.8200033903121948
1695491730.4537346,0.09783623367547989,0.016919534653425217,-1.8208999633789062
1695491730.4882867,0.0967218428850174,0.01717432588338852,-1.8208814859390259
1695491730.5214365,0.09592099487781525,0.017645366489887238,-1.8199490308761597
1695491730.5534835,0.09553828090429306,0.01746419072151184,-1.818439245223999
1695491730.586623,0.09521253407001495,0.017051324248313904,-1.8177481889724731
1695491730.622698,0.09491243213415146,0.017334934324026108,-1.8166475296020508
1695491730.6568282,0.09448392689228058,0.01834118738770485,-1.8155994415283203
1695491730.6883497,0.09330601990222931,0.020592954009771347,-1.8149290084838867
1695491730.7214458,0.09216046333312988,0.023261617869138718,-1.8142426013946533
1695491730.7555022,0.09096816927194595,0.025680284947156906,-1.813894510269165
1695491730.7876716,0.09008563309907913,0.027785107493400574,-1.813264012336731
1695491730.8217824,0.08975857496261597,0.03130481019616127,-1.810994029045105
1695491730.8565643,0.09245388209819794,0.036000050604343414,-1.804674506187439
1695491730.9225245,0.09533609449863434,0.04017045721411705,-1.7991061210632324
1695491730.9568264,0.09508977085351944,0.045629773288965225,-1.7951135635375977
1695491730.989894,0.09393246471881866,0.04882580041885376,-1.7935954332351685
1695491731.0236597,0.09324697405099869,0.04818481579422951,-1.7937328815460205
1695491731.0557623,0.09247773885726929,0.044524453580379486,-1.7941837310791016
1695491731.0888941,0.09276904910802841,0.03825368732213974,-1.7948940992355347
1695491731.124771,0.09090255200862885,0.030818074941635132,-1.7955882549285889
1695491731.1562896,0.08731769770383835,0.02259982004761696,-1.7978571653366089
1695491731.1898448,0.08020444214344025,0.01662391424179077,-1.800081729888916
1695491731.2247028,0.0709143802523613,0.01396392285823822,-1.8027713298797607
1695491731.2572262,0.06124342232942581,0.01408807560801506,-1.8045434951782227
1695491731.2924013,0.0498565249145031,0.017817795276641846,-1.804625391960144
1695491731.3249917,0.037034112960100174,0.02405085787177086,-1.8033740520477295
1695491731.3585327,0.022068558260798454,0.03210059925913811,-1.80007803440094
1695491731.3911805,0.008523082360625267,0.040041714906692505,-1.7957491874694824
1695491731.424722,-0.0033701835200190544,0.04605519771575928,-1.792245864868164
1695491731.4567688,-0.013990393839776516,0.050278645008802414,-1.7893650531768799
1695491731.4948635,-0.021561816334724426,0.05126328021287918,-1.7885806560516357
1695491731.5265255,-0.02657224051654339,0.050801996141672134,-1.7859474420547485
1695491731.5596435,-0.02953454479575157,0.04887157678604126,-1.7844579219818115
1695491731.593781,-0.03425285965204239,0.045177161693573,-1.785409927368164
1695491731.6278086,-0.03829462081193924,0.040046144276857376,-1.7865232229232788
1695491731.662398,-0.042203329503536224,0.035860802978277206,-1.7877256870269775
1695491731.6960273,-0.04603176191449165,0.033805083483457565,-1.7867342233657837
1695491731.7268934,-0.049808189272880554,0.03434685617685318,-1.7848459482192993
1695491731.760442,-0.05257672816514969,0.037898916751146317,-1.7825493812561035
1695491731.7938638,-0.05303182452917099,0.045451875776052475,-1.7782939672470093
1695491731.8285189,-0.051932383328676224,0.0566442534327507,-1.772558569908142
1695491731.86243,-0.050790935754776,0.0699150487780571,-1.7667789459228516
1695491731.893954,-0.050370682030916214,0.08469121158123016,-1.758829116821289
1695491731.9284956,-0.05077582597732544,0.09959201514720917,-1.749537706375122
1695491731.9606578,-0.05077192932367325,0.11200740933418274,-1.7409789562225342
1695491731.9963973,-0.05055168271064758,0.12014777958393097,-1.7325553894042969
1695491732.0289211,-0.04963252693414688,0.12060482800006866,-1.7230215072631836
1695491732.0614598,-0.05044185370206833,0.11479237675666809,-1.7119920253753662
1695491732.0949936,-0.052346836775541306,0.10452301800251007,-1.6996278762817383
1695491732.1285212,-0.05616328492760658,0.09147383272647858,-1.6892141103744507
1695491732.16255,-0.06247781962156296,0.07578933238983154,-1.6818113327026367
1695491732.1962914,-0.07099533826112747,0.057430192828178406,-1.6792843341827393
1695491732.228814,-0.07740941643714905,0.036042872816324234,-1.6810801029205322
1695491732.2619474,-0.07998423278331757,0.013238392770290375,-1.6826703548431396
1695491732.2965317,-0.07616439461708069,-0.007189065217971802,-1.6826199293136597
1695491732.329754,-0.061909932643175125,-0.025727596133947372,-1.6769766807556152
1695491732.3644168,-0.04502101615071297,-0.038459450006484985,-1.6653554439544678
1695491732.3960257,-0.028545834124088287,-0.045443158596754074,-1.6489689350128174
1695491732.430809,-0.015075044706463814,-0.04652998223900795,-1.6253527402877808
1695491732.4639068,-0.0064572119154036045,-0.042518485337495804,-1.5944443941116333
1695491732.4979594,-0.0016620606184005737,-0.03335098549723625,-1.558872938156128
1695491732.531071,-4.728138446807861e-05,-0.02011430263519287,-1.5210034847259521
1695491732.5636795,-0.00026306789368391037,-0.0034578032791614532,-1.4816726446151733
1695491732.5972385,0.005302466452121735,0.014855567365884781,-1.4371566772460938
1695491732.629893,0.0065920427441596985,0.0346151702105999,-1.39556086063385
1695491732.6666644,0.00616338849067688,0.05369437113404274,-1.355599045753479
1695491732.6977332,0.0033184001222252846,0.06889559328556061,-1.319818139076233
1695491732.731523,-0.0011777197942137718,0.07865917682647705,-1.2884845733642578
1695491732.7638419,-0.004945011809468269,0.0834634006023407,-1.260546088218689
1695491732.7978423,-0.006093936040997505,0.08224281668663025,-1.2362091541290283
1695491732.8321476,-0.005174731835722923,0.07446300238370895,-1.2138780355453491
1695491732.867893,-0.003595286048948765,0.061703089624643326,-1.1941646337509155
1695491732.901588,-0.0009027291089296341,0.04628605395555496,-1.1759904623031616
1695491732.9351063,0.0021504266187548637,0.03083382360637188,-1.1593067646026611
1695491732.9657125,0.006128526292741299,0.015948403626680374,-1.143600583076477
1695491732.999295,0.012490998022258282,0.0005153920501470566,-1.1281909942626953
1695491733.0350308,0.021596428006887436,-0.015732523053884506,-1.1150696277618408
1695491733.0665498,0.03331548348069191,-0.03250677138566971,-1.1035487651824951
1695491733.1006508,0.04683974012732506,-0.048424091190099716,-1.0925374031066895
1695491733.1351502,0.06095455586910248,-0.06381425261497498,-1.0815856456756592
1695491733.167893,0.07142341881990433,-0.08078254014253616,-1.070678472518921
1695491733.201651,0.08110380917787552,-0.09620065987110138,-1.0631955862045288
1695491733.2346919,0.08699274063110352,-0.11030229926109314,-1.0592838525772095
1695491733.26777,0.0911901444196701,-0.1222052276134491,-1.0565013885498047
1695491733.2997959,0.09781074523925781,-0.13306432962417603,-1.0502650737762451
1695491733.3350267,0.1031683087348938,-0.13991683721542358,-1.046667218208313
1695491733.3685503,0.11266157776117325,-0.15032881498336792,-1.050044298171997
1695491733.4016354,0.12057909369468689,-0.16228610277175903,-1.0633457899093628
1695491733.435156,0.12617479264736176,-0.17275181412696838,-1.0836265087127686
1695491733.4668932,0.13118387758731842,-0.1795729249715805,-1.1044965982437134
1695491733.50154,0.13260520994663239,-0.18393242359161377,-1.1227980852127075
1695491733.5355754,0.13203036785125732,-0.18572117388248444,-1.1382713317871094
1695491733.569644,0.1311432272195816,-0.18406984210014343,-1.1466002464294434
1695491733.602028,0.128738671541214,-0.17972907423973083,-1.1432799100875854
1695491733.6351511,0.12489761412143707,-0.1755177527666092,-1.1371901035308838
1695491733.668676,0.12055898457765579,-0.1712043285369873,-1.1316227912902832
1695491733.7037873,0.11619453132152557,-0.1681496649980545,-1.1240711212158203
1695491733.7368946,0.11342117190361023,-0.16414694488048553,-1.116974115371704
1695491733.7711463,0.11156326532363892,-0.1590566337108612,-1.1079444885253906
1695491733.8065248,0.11067506670951843,-0.1525934338569641,-1.0949618816375732
1695491733.8377693,0.10985710471868515,-0.14523109793663025,-1.0800634622573853
1695491733.8698938,0.10886307805776596,-0.1365952491760254,-1.0638808012008667
1695491733.9045355,0.10720299929380417,-0.12756170332431793,-1.0456675291061401
1695491733.9377687,0.10513480752706528,-0.11882567405700684,-1.0269864797592163
1695491733.9717991,0.10275980085134506,-0.1138467788696289,-1.0107420682907104
1695491734.004676,0.10160297155380249,-0.11208008974790573,-0.9983600974082947
1695491734.035768,0.10253757983446121,-0.1127258688211441,-0.9867002964019775
1695491734.0717947,0.10675172507762909,-0.11254043877124786,-0.9765875935554504
1695491734.104818,0.11143843829631805,-0.11074095219373703,-0.9702911376953125
1695491734.1444507,0.1155710443854332,-0.11104783415794373,-0.9608832597732544
1695491734.1766431,0.11990008503198624,-0.11309412866830826,-0.9541053771972656
1695491734.208675,0.12375491857528687,-0.1154160350561142,-0.949230432510376
1695491734.2423987,0.1264791339635849,-0.11820609122514725,-0.9469571113586426
1695491734.2745247,0.12991861999034882,-0.1251361072063446,-0.9540405869483948
1695491734.3066547,0.12958495318889618,-0.1367667317390442,-0.9617818593978882
1695491734.3397186,0.1273268163204193,-0.148828387260437,-0.95906662940979
1695491734.3733654,0.12821517884731293,-0.15820643305778503,-0.9755292534828186
1695491737.3965366,-0.16593776643276215,-0.07318948209285736,-1.7986100912094116
1695491737.4637003,-0.1779543161392212,-0.07301926612854004,-1.7848020792007446
1695491737.5292745,-0.17946946620941162,-0.07645581662654877,-1.8078070878982544
1695491737.599356,-0.17165762186050415,-0.07518777251243591,-1.8315778970718384
1695491737.6734812,-0.14510752260684967,-0.07637503743171692,-1.8503131866455078
1695491737.719077,-0.10380633175373077,-0.08723244071006775,-1.8625140190124512
1695491737.7636344,-0.08001275360584259,-0.09400756657123566,-1.8596824407577515
1695491737.809247,-0.06020757183432579,-0.10058623552322388,-1.8669590950012207
1695491737.8528035,-0.02653241902589798,-0.10643089562654495,-1.8880106210708618
1695491737.8966339,-0.006076479330658913,-0.1082920953631401,-1.8847222328186035
1695491737.9391956,0.015741635113954544,-0.1088293120265007,-1.8724794387817383
1695491737.9827554,0.036088574677705765,-0.1063888669013977,-1.8590867519378662
1695491738.0278378,0.07066892087459564,-0.09695396572351456,-1.8322166204452515
1695491738.072278,0.0818265974521637,-0.08397141098976135,-1.8022419214248657
1695491738.115518,0.09176650643348694,-0.06711290776729584,-1.7695258855819702
1695491738.161117,0.10806677490472794,-0.02975289896130562,-1.7133092880249023
1695491738.2026854,0.11295081675052643,-0.01160966232419014,-1.6860668659210205
1695491738.2482948,0.11237674951553345,0.004301261156797409,-1.6622298955917358
1695491738.2938433,0.09985929727554321,0.02479562908411026,-1.6195611953735352
1695491738.3363962,0.07313764095306396,0.03656972944736481,-1.5963964462280273
1695491738.3806796,0.04645545780658722,0.04891706258058548,-1.570244550704956
1695491738.4242377,0.004622848704457283,0.07301832735538483,-1.5140619277954102
1695491738.467282,-0.01956010051071644,0.09119564294815063,-1.4657176733016968
1695491738.5098188,-0.03733731806278229,0.10246524959802628,-1.4212725162506104
1695491738.550864,-0.049289025366306305,0.10930042713880539,-1.3778789043426514
1695491738.5954506,-0.060470253229141235,0.12228131294250488,-1.2986282110214233
1695491738.637099,-0.04775173217058182,0.11312562972307205,-1.2564167976379395
1695491738.6816444,-0.030476612970232964,0.10472201555967331,-1.217122197151184
1695491738.7247195,0.00419951044023037,0.09125835448503494,-1.149754285812378
1695491738.7657619,0.038741372525691986,0.07025744020938873,-1.124272108078003
1695491738.8123512,0.07236944884061813,0.04974181205034256,-1.0996085405349731
1695491738.8564215,0.13222572207450867,0.018457431346178055,-1.0560798645019531
1695491738.9037764,0.1628912389278412,-0.002463487908244133,-1.036067247390747
1695491738.9465644,0.18920069932937622,-0.01953311264514923,-1.0135215520858765
1695491738.987658,0.21020863950252533,-0.03583750128746033,-1.0008776187896729
1695491739.0306966,0.23654580116271973,-0.07954924553632736,-0.9824522733688354
1695491739.07399,0.23233476281166077,-0.10140792280435562,-0.9740725755691528
1695491739.1150494,0.22780147194862366,-0.11580954492092133,-0.9671692848205566
1695491739.1559649,0.2269454449415207,-0.13496847450733185,-0.9475763440132141
1695491739.1976264,0.2196054756641388,-0.13343417644500732,-0.9385088682174683
1695491739.243813,0.21548978984355927,-0.1343478411436081,-0.931923508644104
1695491739.2864683,0.21397645771503448,-0.13535629212856293,-0.9308112859725952
1695491739.3160005,0.2124093621969223,-0.13777628540992737,-0.9284493327140808
1695491739.3465357,0.21051594614982605,-0.14012742042541504,-0.9260284304618835
1695491739.3790839,0.2088744044303894,-0.142626091837883,-0.9240220785140991
1695491739.4096317,0.20480972528457642,-0.1426021158695221,-0.9232666492462158
1695491739.4381874,0.20329546928405762,-0.14568467438220978,-0.9230387210845947
1695491739.4687138,0.19656254351139069,-0.14764951169490814,-0.9236840009689331
1695491739.499248,0.1935277134180069,-0.14353683590888977,-0.9332321882247925
1695491739.529779,0.18591944873332977,-0.1420133113861084,-0.9335957169532776
1695491739.5593312,0.18012380599975586,-0.14180879294872284,-0.9351468086242676
1695491739.5887287,0.1780032366514206,-0.14398203790187836,-0.9394930601119995
1695491739.6208804,0.17830215394496918,-0.14741073548793793,-0.9450238943099976
1695491739.654412,0.18119099736213684,-0.1515471488237381,-0.9513508081436157
1695491739.6879623,0.18539929389953613,-0.15482033789157867,-0.9531223773956299
1695491739.7205858,0.19290892779827118,-0.15892106294631958,-0.9539412260055542
1695491739.7554615,0.20079636573791504,-0.16220223903656006,-0.956840991973877
1695491739.790487,0.20748087763786316,-0.16005289554595947,-0.9504402875900269
1695491739.8213725,0.21419112384319305,-0.16021263599395752,-0.950564980506897
1695491739.8569033,0.21985986828804016,-0.16211670637130737,-0.9548395872116089
1695491739.8896496,0.2238791584968567,-0.16577276587486267,-0.9643495678901672
1695491739.9208224,0.22648316621780396,-0.16968387365341187,-0.9758113026618958
1695491739.9538121,0.23786383867263794,-0.17899495363235474,-0.9978024959564209
1695491739.9906309,0.2413853406906128,-0.18334074318408966,-1.007870078086853
1695491740.021678,0.23782342672348022,-0.17377342283725739,-0.9913814663887024
1695491740.0547388,0.2289908081293106,-0.16015088558197021,-0.9775258302688599
1695491740.0878284,0.22042830288410187,-0.14678284525871277,-0.9620354175567627
1695491740.1235065,0.2190690040588379,-0.1311154067516327,-0.9497818946838379
1695491740.1555724,0.2160213142633438,-0.11802083253860474,-0.9324649572372437
1695491740.189651,0.21221411228179932,-0.10489079356193542,-0.9251380562782288
1695491740.2237015,0.21207840740680695,-0.09631962329149246,-0.9186198115348816
1695491740.2557719,0.21437576413154602,-0.09029196947813034,-0.9150011539459229
1695491740.289726,0.21893471479415894,-0.08833916485309601,-0.9164914488792419
1695491740.3243258,0.2252403348684311,-0.09076817333698273,-0.9226626753807068
1695491740.3578603,0.23235128819942474,-0.09829489886760712,-0.935621440410614
1695491740.3892767,0.23814409971237183,-0.10723945498466492,-0.9501743316650391
1695491740.4218342,0.24262000620365143,-0.11577526479959488,-0.9663910865783691
1695491740.4555404,0.24451607465744019,-0.122940793633461,-0.981513500213623
1695491740.4906566,0.24412429332733154,-0.12741711735725403,-0.9939507246017456
1695491740.523673,0.24189546704292297,-0.12963268160820007,-1.002577304840088
1695491740.5580122,0.23966865241527557,-0.13221196830272675,-1.012052297592163
1695491740.589269,0.23830311000347137,-0.13371002674102783,-1.0199636220932007
1695491740.6236975,0.23718470335006714,-0.13387811183929443,-1.0249409675598145
1695491740.6574118,0.2349959909915924,-0.1326100379228592,-1.0247236490249634
1695491740.6915848,0.23306234180927277,-0.13091668486595154,-1.021720051765442
1695491740.724909,0.2313973307609558,-0.13042297959327698,-1.0123618841171265
1695491740.7590091,0.22855529189109802,-0.1277618408203125,-1.008427381515503
1695491740.7921627,0.22649818658828735,-0.1267508715391159,-0.9975218176841736
1695491740.824872,0.22659099102020264,-0.12604278326034546,-0.9899351596832275
1695491740.8590436,0.22893023490905762,-0.12365850061178207,-0.9875298142433167
1695491740.8917558,0.23214226961135864,-0.12099775671958923,-0.9848361015319824
1695491740.9255557,0.23549172282218933,-0.11853541433811188,-0.9839490652084351
1695491740.960915,0.24103312194347382,-0.12381161004304886,-1.0022895336151123
1695491740.9918177,0.24635368585586548,-0.13027629256248474,-1.022121548652649
1695491741.026547,0.25071999430656433,-0.13603289425373077,-1.0394502878189087
1695491741.058907,0.2534566819667816,-0.13905872404575348,-1.0522475242614746
1695491741.103706,0.25413593649864197,-0.13931235671043396,-1.0564271211624146
1695491741.1447964,0.2595125436782837,-0.15380433201789856,-1.1024065017700195
1695491741.1868532,0.2665281593799591,-0.1700124442577362,-1.159505844116211
1695491741.2288983,0.2724807858467102,-0.18002323806285858,-1.2103471755981445
1695491741.2689505,0.27271756529808044,-0.1773580014705658,-1.2124109268188477
1695491741.3006835,0.2690558433532715,-0.16627779603004456,-1.1927663087844849
1695491741.3307426,0.26713788509368896,-0.15492962300777435,-1.179447889328003
1695491741.3628702,0.2641604542732239,-0.1405964493751526,-1.1601512432098389
1695491741.394624,0.2690502107143402,-0.14760993421077728,-1.187981128692627
1695491741.4284575,0.2734478712081909,-0.14708535373210907,-1.2030564546585083
1695491741.4595523,0.27033722400665283,-0.1402704417705536,-1.19069504737854
1695491741.4945936,0.26586800813674927,-0.1272677630186081,-1.1691125631332397
1695491741.5281496,0.2606222927570343,-0.11056908220052719,-1.142112135887146
1695491741.561187,0.2539047598838806,-0.09326183050870895,-1.1106150150299072
1695491741.593732,0.24608494341373444,-0.07785879075527191,-1.0773648023605347
1695491741.628727,0.23876886069774628,-0.06488896161317825,-1.0457605123519897
1695491741.6626282,0.2383827269077301,-0.059979379177093506,-1.0409839153289795
1695491741.6959453,0.24091851711273193,-0.06176198646426201,-1.0431044101715088
1695491741.7280462,0.24528060853481293,-0.0736326053738594,-1.05463445186615
1695491741.7613077,0.24848313629627228,-0.08531208336353302,-1.062693476676941
1695491741.7958522,0.2500911056995392,-0.09275578707456589,-1.0644127130508423
1695491741.8288546,0.2565954625606537,-0.11686184257268906,-1.1062613725662231
1695491741.8609664,0.2635185420513153,-0.1396876722574234,-1.154966115951538
1695491741.8950827,0.27204471826553345,-0.16208191215991974,-1.222968578338623
1695491741.9306626,0.2800173759460449,-0.17418651282787323,-1.2829028367996216
1695491741.9625688,0.2816276550292969,-0.1748226284980774,-1.294081449508667
1695491741.9956434,0.2857372760772705,-0.17570409178733826,-1.3168929815292358
1695491742.0307543,0.28388866782188416,-0.17085932195186615,-1.3022003173828125
1695491742.0618868,0.2800877094268799,-0.16023312509059906,-1.2681435346603394
1695491742.097751,0.27579590678215027,-0.1454504132270813,-1.2270840406417847
1695491742.1283174,0.2714878022670746,-0.12931641936302185,-1.1925513744354248
1695491742.1634216,0.27398326992988586,-0.1352313905954361,-1.2134424448013306
1695491742.1956992,0.27799201011657715,-0.14434386789798737,-1.2395362854003906
1695491742.2292528,0.28039848804473877,-0.14856424927711487,-1.25778329372406
1695491742.2628138,0.27957800030708313,-0.14769695699214935,-1.2596491575241089
1695491742.297881,0.2755478322505951,-0.1400320827960968,-1.2427819967269897
1695491742.3306177,0.26858246326446533,-0.1284521371126175,-1.2083407640457153
1695491742.3626578,0.2601022720336914,-0.11261928081512451,-1.1711680889129639
1695491742.396264,0.2506386935710907,-0.09552013874053955,-1.128773808479309
1695491742.431683,0.24776598811149597,-0.08931861817836761,-1.1205843687057495
1695491742.4647412,0.2488327920436859,-0.10240377485752106,-1.1472338438034058
1695491742.4985354,0.25088080763816833,-0.11595728993415833,-1.1797387599945068
1695491742.5307271,0.2525516748428345,-0.12483005225658417,-1.2056952714920044
1695491750.2619395,0.2668090760707855,-0.22061103582382202,-1.7848713397979736
1695491750.328757,0.24867190420627594,-0.2384929656982422,-1.705298900604248
1695491750.396038,0.23909616470336914,-0.24342721700668335,-1.6554127931594849
1695491750.4616048,0.23443111777305603,-0.24384307861328125,-1.6300694942474365
1695491750.525457,0.22554396092891693,-0.23813346028327942,-1.5753257274627686
1695491750.58865,0.2177814096212387,-0.23091281950473785,-1.5512969493865967
1695491750.6564083,0.2063051164150238,-0.21910494565963745,-1.5046348571777344
1695491750.6969671,0.19275183975696564,-0.19681939482688904,-1.4210401773452759
1695491750.7420316,0.19248417019844055,-0.17528635263442993,-1.351211428642273
1695491750.7856646,0.19034910202026367,-0.14978334307670593,-1.2908456325531006
1695491750.8287766,0.18350228667259216,-0.12494538724422455,-1.2422300577163696
1695491750.8713534,0.16667741537094116,-0.0885218009352684,-1.181685447692871
1695491750.9139652,0.1639755815267563,-0.08812437951564789,-1.1674168109893799
1695491750.9577,0.16214673221111298,-0.09068254381418228,-1.1599105596542358
1695491750.9987438,0.16029949486255646,-0.09485828131437302,-1.1506377458572388
1695491751.0435555,0.16240477561950684,-0.11135844141244888,-1.1569886207580566
1695491751.0866127,0.1642317771911621,-0.12376769632101059,-1.1635175943374634
1695491751.130746,0.16659197211265564,-0.13773727416992188,-1.1711344718933105
1695491751.173878,0.1676139533519745,-0.1471928507089615,-1.1817384958267212
1695491751.2174706,0.16764743626117706,-0.15376345813274384,-1.1906770467758179
1695491751.259562,0.16720375418663025,-0.1577848494052887,-1.1980185508728027
1695491751.302469,0.16628503799438477,-0.162222757935524,-1.2063194513320923
1695491751.3437495,0.16426637768745422,-0.1623954176902771,-1.2086710929870605
1695491751.385122,0.16220973432064056,-0.16267652809619904,-1.210753083229065
1695491751.427234,0.16026970744132996,-0.16262957453727722,-1.212439775466919
1695491751.4707866,0.15852251648902893,-0.16323231160640717,-1.2141153812408447
1695491751.513701,0.15756140649318695,-0.1617388278245926,-1.2132651805877686
1695491751.5557837,0.15734395384788513,-0.16079246997833252,-1.2122453451156616
1695491751.6006029,0.15783189237117767,-0.16067342460155487,-1.2119733095169067
1695491751.643752,0.15757930278778076,-0.15945404767990112,-1.2114582061767578
1695491751.6858532,0.15768149495124817,-0.1579316258430481,-1.2113399505615234
1695491751.7280228,0.15723207592964172,-0.15726929903030396,-1.209864854812622
1695491751.7681098,0.15734417736530304,-0.15569095313549042,-1.2085751295089722
1695491751.812104,0.15759560465812683,-0.15362578630447388,-1.2072447538375854
1695491751.851497,0.15810264647006989,-0.1521333009004593,-1.2063418626785278
1695491751.894871,0.15860103070735931,-0.15100255608558655,-1.2057210206985474
1695491751.9388452,0.1566200852394104,-0.1504058539867401,-1.2034649848937988
1695491751.981676,0.1553703248500824,-0.1507938653230667,-1.2032264471054077
1695491752.0258253,0.15509186685085297,-0.1518644392490387,-1.203437089920044
1695491752.0667086,0.15421561896800995,-0.15323667228221893,-1.2031188011169434
1695491752.095808,0.15358737111091614,-0.15398003160953522,-1.2032318115234375
1695491752.1269095,0.1533813178539276,-0.1540248841047287,-1.202628254890442
1695491752.155712,0.15364108979701996,-0.15368326008319855,-1.2022554874420166
1695491752.1868184,0.15428373217582703,-0.15261274576187134,-1.2017282247543335
1695491752.215874,0.1549007147550583,-0.150851771235466,-1.201257586479187
1695491752.2449372,0.15516482293605804,-0.14970245957374573,-1.2005822658538818
1695491752.2745035,0.154990553855896,-0.14896677434444427,-1.2004482746124268
1695491752.3056521,0.15512815117835999,-0.14879687130451202,-1.2009302377700806
1695491752.336832,0.15489204227924347,-0.14957861602306366,-1.2014942169189453
1695491752.3660438,0.15448367595672607,-0.1500857025384903,-1.2024383544921875
1695491752.3976798,0.15379305183887482,-0.14994043111801147,-1.203360915184021
1695491752.4338212,0.15279719233512878,-0.14997605979442596,-1.204463005065918
1695491752.4699395,0.1521195024251938,-0.15024177730083466,-1.2058696746826172
1695491752.499135,0.1516118347644806,-0.15000079572200775,-1.2073131799697876
1695491752.533673,0.15151618421077728,-0.149800643324852,-1.208379864692688
1695491752.5662017,0.15059904754161835,-0.1497422754764557,-1.2104862928390503
1695491752.599755,0.14880718290805817,-0.15000946819782257,-1.2129175662994385
1695491752.633353,0.14758187532424927,-0.1506480723619461,-1.2157076597213745
1695491752.666879,0.1463567465543747,-0.15116307139396667,-1.2180622816085815
1695491752.699413,0.14572900533676147,-0.15160410106182098,-1.2196186780929565
1695491752.732961,0.14604973793029785,-0.15111254155635834,-1.2196426391601562
1695491752.7664816,0.14680421352386475,-0.15071327984333038,-1.2189687490463257
1695491752.8015385,0.1475851833820343,-0.14995472133159637,-1.2175981998443604
1695491752.837166,0.14887796342372894,-0.1487192064523697,-1.215112328529358
1695491752.868697,0.1503058820962906,-0.14684948325157166,-1.212192177772522
1695491752.89925,0.1506437063217163,-0.145465686917305,-1.2097241878509521
1695491752.9368596,0.15051880478858948,-0.14543676376342773,-1.208925485610962
1695491752.9694254,0.14969247579574585,-0.1473637819290161,-1.21034836769104
1695491753.00147,0.14935225248336792,-0.14789979159832,-1.2110984325408936
1695491753.0340202,0.1501307338476181,-0.14812831580638885,-1.2120708227157593
1695491753.0675578,0.1501457244157791,-0.1478869616985321,-1.213260293006897
1695491753.1016119,0.15114784240722656,-0.1457921415567398,-1.212571620941162
1695491753.1361668,0.15242516994476318,-0.14464251697063446,-1.2128814458847046
1695491753.1686642,0.15309135615825653,-0.14294224977493286,-1.213068962097168
1695491753.2027335,0.153028205037117,-0.14217352867126465,-1.2135066986083984
1695491753.2362647,0.1527555286884308,-0.1427152454853058,-1.214307188987732
1695491753.2678251,0.15241603553295135,-0.14421038329601288,-1.2154260873794556
1695491753.302897,0.1521463692188263,-0.14545543491840363,-1.215543270111084
1695491753.3344233,0.15224912762641907,-0.14628781378269196,-1.2154514789581299
1695491753.368957,0.15280379354953766,-0.14730900526046753,-1.2159538269042969
1695491753.404992,0.15343430638313293,-0.1478256732225418,-1.2164236307144165
1695491753.4370682,0.1532290130853653,-0.14663611352443695,-1.214726448059082
1695491753.4711118,0.15325002372264862,-0.1449618935585022,-1.2131060361862183
1695491753.5036478,0.15305984020233154,-0.1435246765613556,-1.2118710279464722
1695491753.5361812,0.15268287062644958,-0.14293822646141052,-1.2111084461212158
1695491753.5707152,0.1533031016588211,-0.14362786710262299,-1.2136832475662231
1695491753.603755,0.15223170816898346,-0.14427410066127777,-1.2135192155838013
1695491753.6362836,0.15078279376029968,-0.14562618732452393,-1.213575005531311
1695491753.6713128,0.14939096570014954,-0.14689655601978302,-1.2144923210144043
1695491753.7048433,0.1483200192451477,-0.1476222723722458,-1.215195655822754
1695491753.737375,0.1479865461587906,-0.14859747886657715,-1.2158639430999756
1695491753.77092,0.14723451435565948,-0.14707595109939575,-1.2141516208648682
1695491753.8049562,0.14673970639705658,-0.14460384845733643,-1.2125908136367798
1695491753.8384855,0.1457810401916504,-0.1423559933900833,-1.2106010913848877
1695491753.87252,0.14442257583141327,-0.140341654419899,-1.209639549255371
1695491753.914068,0.14089152216911316,-0.1388547122478485,-1.2105270624160767
1695491753.9571311,0.1351335048675537,-0.13751980662345886,-1.2123076915740967
1695491753.9991648,0.12877777218818665,-0.13464473187923431,-1.2138057947158813
1695491754.0422165,0.11714352667331696,-0.1283709555864334,-1.2189230918884277
1695491754.0842628,0.10812635719776154,-0.12395543605089188,-1.2241052389144897
1695491754.1288226,0.09629948437213898,-0.12035264074802399,-1.2289891242980957
1695491754.1733656,0.08396627008914948,-0.11816706508398056,-1.2341744899749756
1695491754.2159042,0.05483923479914665,-0.11354191601276398,-1.2468087673187256
1695491754.2589333,0.03212958201766014,-0.11030539125204086,-1.255737543106079
1695491754.3004928,0.008683126419782639,-0.1062423512339592,-1.2653969526290894
1695491754.3440971,-0.038013212382793427,-0.10057421028614044,-1.2854251861572266
1695491754.3891394,-0.0693344920873642,-0.1002531498670578,-1.302184820175171
1695491754.4362679,-0.09850075840950012,-0.10073854774236679,-1.3218997716903687
1695491754.478306,-0.15225449204444885,-0.09573269635438919,-1.361644983291626
1695491754.519347,-0.17594671249389648,-0.09462420642375946,-1.3844928741455078
1695491754.5618916,-0.19733484089374542,-0.09464418888092041,-1.409883737564087
1695491754.6039236,-0.21484707295894623,-0.09491956979036331,-1.4340736865997314
1695491754.6480098,-0.24276334047317505,-0.09690217673778534,-1.4885894060134888
1695491754.6906116,-0.24916355311870575,-0.10294854640960693,-1.5133264064788818
1695491754.735171,-0.2501228451728821,-0.1083238422870636,-1.537960171699524
1695491754.7782068,-0.25119102001190186,-0.1154358983039856,-1.5732290744781494
1695491754.8207443,-0.2488359659910202,-0.12226507812738419,-1.5837254524230957
1695491754.8632867,-0.24622473120689392,-0.12688079476356506,-1.5942492485046387
1695491754.9063234,-0.2430688738822937,-0.13070878386497498,-1.6025142669677734
1695491754.9508736,-0.23603755235671997,-0.1369718313217163,-1.6110262870788574
1695491754.995426,-0.231056809425354,-0.13823963701725006,-1.6060099601745605
1695491755.0349765,-0.22672413289546967,-0.13834260404109955,-1.5991207361221313
1695491755.0770094,-0.22295032441616058,-0.1371651291847229,-1.5904743671417236
1695491755.1195598,-0.21635249257087708,-0.13562744855880737,-1.568123698234558
1695491755.1631143,-0.20972973108291626,-0.13119839131832123,-1.5390715599060059
1695491755.204154,-0.19938978552818298,-0.1257142424583435,-1.5048327445983887
1695491755.248705,-0.1703440397977829,-0.11442840099334717,-1.4435837268829346
1695491755.2922602,-0.1446569412946701,-0.10542319715023041,-1.397249460220337
1695491755.334799,-0.11309768259525299,-0.09543703496456146,-1.3510006666183472
1695491755.3768294,-0.07779867947101593,-0.08727402240037918,-1.3088598251342773
1695491755.4183695,-0.0036877766251564026,-0.07945320755243301,-1.2440857887268066
1695491757.3490176,0.3833101987838745,-0.07011617720127106,-1.793677806854248
1695491757.3987775,0.35284489393234253,-0.07725806534290314,-1.8243870735168457
1695491757.4459133,0.3377279043197632,-0.08125190436840057,-1.8339461088180542
1695491757.492057,0.31019577383995056,-0.09768620133399963,-1.8696876764297485
1695491757.5356042,0.2900244891643524,-0.10164511948823929,-1.87202787399292
1695491757.580929,0.2704959213733673,-0.10414832830429077,-1.878867745399475
1695491757.6296453,0.2387000173330307,-0.11249653995037079,-1.9177637100219727
1695491757.6797798,0.22188390791416168,-0.11415301263332367,-1.9459482431411743
1695491757.7249196,0.19555233418941498,-0.1207999736070633,-2.000042200088501
1695491757.7685156,0.1823175698518753,-0.1217883825302124,-2.0183987617492676
1695491757.8117325,0.17056667804718018,-0.12430043518543243,-2.036682605743408
1695491757.8568332,0.15758351981639862,-0.13034699857234955,-2.080754041671753
1695491757.9017293,0.15308032929897308,-0.13144320249557495,-2.1003527641296387
1695491757.94618,0.1508268266916275,-0.12983684241771698,-2.114586353302002
1695491757.9897215,0.1468658596277237,-0.12619461119174957,-2.128618001937866
1695491758.0319088,0.14498606324195862,-0.12744514644145966,-2.1202569007873535
1695491758.0769427,0.1419433355331421,-0.12981024384498596,-2.1002397537231445
1695491758.1226525,0.1279352605342865,-0.13293695449829102,-2.045633316040039
1695491758.1677637,0.12009121477603912,-0.13565239310264587,-1.9928594827651978
1695491758.2111404,0.11251428723335266,-0.1358717679977417,-1.9397575855255127
1695491758.2517898,0.10458619147539139,-0.1336296647787094,-1.8943977355957031
1695491758.2946866,0.07569146156311035,-0.1229962557554245,-1.8173027038574219
1695491758.3417134,0.05371784791350365,-0.11444990336894989,-1.7780983448028564
1695491758.3808875,0.02935389056801796,-0.10502537339925766,-1.7436108589172363
1695491758.4264414,-0.015160164795815945,-0.0795992910861969,-1.6821644306182861
1695491758.469614,-0.042081862688064575,-0.06521856784820557,-1.6624276638031006
1695491758.512795,-0.06652460247278214,-0.0547911562025547,-1.6460256576538086
1695491758.555027,-0.08893803507089615,-0.04770265147089958,-1.6331502199172974
1695491758.6005678,-0.1465054303407669,-0.02094355598092079,-1.601667881011963
1695491758.6448052,-0.1669244021177292,-0.01480846107006073,-1.5947389602661133
1695491758.6921446,-0.20321030914783478,0.0016696900129318237,-1.5782256126403809
1695491758.73174,-0.21329614520072937,0.0006098560988903046,-1.580434799194336
1695491758.777316,-0.22212928533554077,2.4963170289993286e-05,-1.582015037536621
1695491758.8228626,-0.22998574376106262,-0.0015422403812408447,-1.5838782787322998
1695491758.8652983,-0.24541202187538147,-0.0014223530888557434,-1.5849329233169556
1695491758.90833,-0.24536794424057007,-0.006993390619754791,-1.590592861175537
1695491758.952057,-0.24465695023536682,-0.011227604001760483,-1.5940881967544556
1695491758.995605,-0.24250194430351257,-0.016111072152853012,-1.5994311571121216
1695491759.0361404,-0.23620286583900452,-0.019193924963474274,-1.6053394079208374
1695491759.0787485,-0.22955864667892456,-0.02036283165216446,-1.6089280843734741
1695491759.1238265,-0.2251855731010437,-0.016423620283603668,-1.6128466129302979
1695491759.1674767,-0.21257755160331726,-0.014372780919075012,-1.6204880475997925
1695491759.2110763,-0.1977153718471527,-0.01984468474984169,-1.6281437873840332
1695491759.252651,-0.18189170956611633,-0.026700373739004135,-1.6354564428329468
1695491759.2979443,-0.14938561618328094,-0.03272036090493202,-1.6488986015319824
1695491759.3405185,-0.12886369228363037,-0.034439560025930405,-1.6586941480636597
1695491759.3831444,-0.11250773072242737,-0.03187669813632965,-1.6688696146011353
1695491759.4278877,-0.08490720391273499,-0.022706348448991776,-1.6844732761383057
1695491759.4705355,-0.07364185154438019,-0.01701967418193817,-1.6912981271743774
1695491759.5005202,-0.06295175850391388,-0.013619843870401382,-1.6944178342819214
1695491759.529115,-0.052835434675216675,-0.013036493211984634,-1.6946951150894165
1695491759.5587273,-0.04376308619976044,-0.01307772658765316,-1.6931171417236328
1695491759.58929,-0.0355118103325367,-0.014364708214998245,-1.6900763511657715
1695491759.6278198,-0.029189370572566986,-0.016013510525226593,-1.688001275062561
1695491759.6563673,-0.025442831218242645,-0.017408307641744614,-1.687812089920044
1695491759.6896076,-0.023137912154197693,-0.01834096387028694,-1.6878854036331177
1695491759.726765,-0.022409655153751373,-0.018012799322605133,-1.6866921186447144
1695491759.7572956,-0.022600680589675903,-0.016261965036392212,-1.6838641166687012
1695491759.7923236,-0.02380797639489174,-0.013294318690896034,-1.6811118125915527
1695491759.8253968,-0.02673613652586937,-0.009386347606778145,-1.6784921884536743
1695491759.8579504,-0.029742926359176636,-0.004621101543307304,-1.6754626035690308
1695491759.8918595,-0.033034369349479675,-0.00035758502781391144,-1.672379493713379
1695491759.9266102,-0.03729100525379181,0.003211602568626404,-1.670860767364502
1695491759.9586473,-0.0409867987036705,0.0066976360976696014,-1.6693652868270874
1695491759.9921582,-0.0459698922932148,0.00965644046664238,-1.6686205863952637
1695491760.0266259,-0.05105171352624893,0.012362603098154068,-1.6678985357284546
1695491760.0605242,-0.058461401611566544,0.015743864700198174,-1.6667202711105347
1695491760.0942893,-0.06803883612155914,0.01960068754851818,-1.6637036800384521
1695491760.1259923,-0.07835180312395096,0.023347683250904083,-1.6589300632476807
1695491760.1595469,-0.08965560793876648,0.027648556977510452,-1.6538993120193481
1695491760.1933854,-0.10190880298614502,0.03314874321222305,-1.6486670970916748
1695491760.226273,-0.11477571725845337,0.03923774138092995,-1.6418627500534058
1695491760.2597952,-0.12740115821361542,0.04610355198383331,-1.634827733039856
1695491760.294893,-0.12726041674613953,0.03365359827876091,-1.6275981664657593
1695491760.3268824,-0.13032758235931396,0.026302995160222054,-1.6217354536056519
1695491760.3608193,-0.1349335014820099,0.02286071516573429,-1.6176303625106812
1695491760.3923616,-0.1385566145181656,0.023393042385578156,-1.613161325454712
1695491760.4276586,-0.13961505889892578,0.026876242831349373,-1.605733871459961
1695491760.4607153,-0.13866174221038818,0.03244905173778534,-1.5983874797821045
1695491760.4942596,-0.136691153049469,0.038700077682733536,-1.5921318531036377
1695491760.5279136,-0.13451391458511353,0.04429859668016434,-1.5875908136367798
1695491760.5620046,-0.13095034658908844,0.04876098036766052,-1.5857324600219727
1695491760.5956023,-0.12607227265834808,0.05185249447822571,-1.5853371620178223
1695491760.6276917,-0.11829827725887299,0.053223997354507446,-1.5848479270935059
1695491760.6628072,-0.10812491178512573,0.05072421580553055,-1.5898319482803345
1695491760.69508,-0.09599627554416656,0.04437825083732605,-1.6002843379974365
1695491760.7271218,-0.08185681700706482,0.03430996835231781,-1.6134978532791138
1695491760.76272,-0.06461422145366669,0.02118401601910591,-1.630123496055603
1695491760.7947514,-0.04478220269083977,0.00565062090754509,-1.6485843658447266
1695491760.8291092,-0.024748999625444412,-0.011923551559448242,-1.6681171655654907
1695491760.8627448,-0.005441997200250626,-0.029410284012556076,-1.6872458457946777
1695491760.8957884,0.011876564472913742,-0.0479319728910923,-1.7056469917297363
1695491760.9288466,0.027350541204214096,-0.06878727674484253,-1.7247967720031738
1695491760.964004,0.04173170030117035,-0.08920999616384506,-1.7431766986846924
1695491760.9965417,0.05478604882955551,-0.10695870220661163,-1.7579423189163208
1695491761.0286112,0.06530249118804932,-0.1186303049325943,-1.769263505935669
1695491761.0617108,0.07078314572572708,-0.12398001551628113,-1.7780685424804688
1695491761.096849,0.06282756477594376,-0.11760727316141129,-1.786605715751648
1695491761.1309345,0.05224734544754028,-0.10648873448371887,-1.787510871887207
1695491761.1627462,0.03839849680662155,-0.09069682657718658,-1.7795504331588745
1695491761.1968355,0.022187966853380203,-0.0712473914027214,-1.764649510383606
1695491761.2308922,0.0007243826985359192,-0.047441087663173676,-1.7493165731430054
1695491761.262662,-0.02522386610507965,-0.017396975308656693,-1.7319068908691406
1695491761.2988636,-0.05519506335258484,0.018282314762473106,-1.7178287506103516
1695491761.3321002,-0.08853945136070251,0.05670633912086487,-1.7080106735229492
1695491761.3666844,-0.12234446406364441,0.09707081317901611,-1.699244737625122
1695491761.3978193,-0.15275569260120392,0.1377851665019989,-1.6917707920074463
1695491761.431619,-0.1692924052476883,0.15830472111701965,-1.6830133199691772
1695491761.4661796,-0.18555204570293427,0.18290157616138458,-1.6810064315795898
1695491761.5007613,-0.19911442697048187,0.20911744236946106,-1.684500813484192
1695491761.532859,-0.20819209516048431,0.23462627828121185,-1.6888738870620728
1695491761.5664182,-0.21274429559707642,0.25626450777053833,-1.6900070905685425
1695491761.6027026,-0.2151530683040619,0.2847091853618622,-1.6906455755233765
1695491761.6359456,-0.209928959608078,0.3014521896839142,-1.6867542266845703
1695491761.667619,-0.1993669867515564,0.3067648708820343,-1.681623935699463
1695491761.700837,-0.18498559296131134,0.29771628975868225,-1.678565502166748
1695491761.7341373,-0.16816629469394684,0.27493810653686523,-1.6742048263549805
1695491761.7687097,-0.14759525656700134,0.24121400713920593,-1.6694222688674927
1695491761.8025467,-0.12100662291049957,0.19460095465183258,-1.6672781705856323
1695491761.834618,-0.0903967022895813,0.13979557156562805,-1.6718382835388184
1695491761.8691416,-0.05610266327857971,0.08253192901611328,-1.6818166971206665
1695491761.902219,-0.020446889102458954,0.03014344908297062,-1.6976311206817627
1695491761.9338408,0.014102473855018616,-0.011710239574313164,-1.7147926092147827
1695491761.9673676,0.043278589844703674,-0.04147425666451454,-1.7293381690979004
1695491762.0014102,0.06367023289203644,-0.0592806302011013,-1.7382957935333252
1695491762.0344617,0.07310446351766586,-0.06727907061576843,-1.7442067861557007
1695491762.0690067,0.0672127902507782,-0.0654916912317276,-1.745866060256958
1695491762.1015604,0.045541588217020035,-0.05690137669444084,-1.747327446937561
1695491762.135918,0.014711542055010796,-0.03951592743396759,-1.7463923692703247
1695491762.1695,-0.022850658744573593,-0.01326875388622284,-1.73902428150177
1695491762.2030387,-0.060120999813079834,0.022628236562013626,-1.7242186069488525
1695491762.2356734,-0.09395308792591095,0.06417733430862427,-1.7059011459350586
1695491762.2692347,-0.12236350774765015,0.10908131301403046,-1.6866137981414795
1695491762.31481,-0.1449638307094574,0.15605464577674866,-1.6712110042572021
1695491762.3593414,-0.16107900440692902,0.20184578001499176,-1.660846471786499
1695491762.4017243,-0.16872097551822662,0.24436534941196442,-1.649267554283142
1695491762.4468095,-0.17146188020706177,0.30688196420669556,-1.6385725736618042
1695491762.4898186,-0.16521982848644257,0.3240615129470825,-1.6350401639938354
1695491762.5348637,-0.16250893473625183,0.3327208161354065,-1.6378116607666016
1695491773.893583,0.23883339762687683,-0.1645508110523224,-1.7233320474624634
1695491773.9636443,0.2290230095386505,-0.17181962728500366,-1.7112106084823608
1695491774.033725,0.22464677691459656,-0.17659497261047363,-1.7152209281921387
1695491774.1080287,0.22323490679264069,-0.17633217573165894,-1.7136441469192505
1695491774.181268,0.2282279133796692,-0.1662064492702484,-1.6853629350662231
1695491774.2524607,0.23672296106815338,-0.16036440432071686,-1.662838101387024
1695491774.298206,0.241958349943161,-0.1604108363389969,-1.6586741209030151
1695491774.34428,0.24780383706092834,-0.16289614140987396,-1.6613951921463013
1695491774.3868957,0.24992942810058594,-0.16687294840812683,-1.6437957286834717
1695491774.4309318,0.24490848183631897,-0.16772210597991943,-1.6148803234100342
1695491774.4760191,0.23772181570529938,-0.16660845279693604,-1.5767258405685425
1695491774.5173316,0.2168704718351364,-0.14808085560798645,-1.4821622371673584
1695491774.5624607,0.21128933131694794,-0.14414376020431519,-1.4460374116897583
1695491774.6063318,0.20816686749458313,-0.14287081360816956,-1.4204763174057007
1695491774.653258,0.20479772984981537,-0.13662764430046082,-1.3850433826446533
1695491774.6999524,0.20893721282482147,-0.14231640100479126,-1.3900903463363647
1695491774.7438767,0.2133617252111435,-0.14781957864761353,-1.3967087268829346
1695491774.7859366,0.21888518333435059,-0.1589663028717041,-1.4020898342132568
1695491774.8317065,0.2255568653345108,-0.17205210030078888,-1.4196598529815674
1695491774.8740165,0.23191983997821808,-0.1818951815366745,-1.433030366897583
1695491774.9148488,0.24486508965492249,-0.19672337174415588,-1.4476163387298584
1695491774.956436,0.25248467922210693,-0.20344698429107666,-1.4588737487792969
1695491774.9986248,0.2594621777534485,-0.2090882956981659,-1.4679145812988281
1695491775.0427344,0.26382288336753845,-0.2143830507993698,-1.47410249710083
1695491775.0837924,0.26837432384490967,-0.22296655178070068,-1.4810380935668945
1695491775.12482,0.26558393239974976,-0.22454555332660675,-1.4798996448516846
1695491775.1693618,0.2607012987136841,-0.23091459274291992,-1.4803069829940796
1695491775.294644,0.25756072998046875,-0.23107466101646423,-1.4770545959472656
1695491775.3359349,0.25706496834754944,-0.2325444370508194,-1.477421760559082
1695491775.379462,0.25765785574913025,-0.23270362615585327,-1.4786375761032104
1695491775.4245727,0.258068323135376,-0.23309734463691711,-1.4781290292739868
1695491775.4668033,0.2583787143230438,-0.23165489733219147,-1.4774624109268188
1695491775.5126095,0.25777167081832886,-0.2290893942117691,-1.4761675596237183
1695491775.5537124,0.2564200460910797,-0.22661080956459045,-1.4728929996490479
1695491775.6034932,0.255631685256958,-0.22454208135604858,-1.46306312084198
1695491775.759656,0.2538091242313385,-0.2219020128250122,-1.460259199142456
1695491775.8013213,0.2530699074268341,-0.22044672071933746,-1.458024501800537
1695491775.845648,0.2528184652328491,-0.22046270966529846,-1.4582443237304688
1695491775.8867996,0.25363320112228394,-0.2208947390317917,-1.4597336053848267
1695491775.928549,0.2550603151321411,-0.22073951363563538,-1.4620952606201172
1695491775.9686997,0.2569253742694855,-0.2214077115058899,-1.4633817672729492
1695491776.0092459,0.2606602609157562,-0.21922893822193146,-1.4688326120376587
1695491776.0512862,0.26499828696250916,-0.21766561269760132,-1.478909969329834
1695491776.0828173,0.28053760528564453,-0.23104454576969147,-1.5518851280212402
1695491776.1110651,0.3009355366230011,-0.24940228462219238,-1.6083773374557495
1695491776.1395547,0.30510106682777405,-0.25741758942604065,-1.6299320459365845
1695491776.1711268,0.3024715185165405,-0.259592205286026,-1.6284253597259521
1695491776.2006993,0.2991597056388855,-0.26191088557243347,-1.6121217012405396
1695491776.2307582,0.2949833869934082,-0.2636030912399292,-1.5861612558364868
1695491776.2607849,0.2918831706047058,-0.26276350021362305,-1.5596909523010254
1695491776.2913375,0.28784462809562683,-0.26025083661079407,-1.5330313444137573
1695491776.3218625,0.2832390367984772,-0.25707530975341797,-1.5094313621520996
1695491776.3519387,0.2773740589618683,-0.25391045212745667,-1.4904648065567017
1695491776.3825011,0.2697940170764923,-0.25207266211509705,-1.476326584815979
1695491776.417064,0.26282069087028503,-0.2510186433792114,-1.4662898778915405
1695491776.4511905,0.257319837808609,-0.25072306394577026,-1.4602116346359253
1695491776.4826539,0.25275254249572754,-0.2521938979625702,-1.4581393003463745
1695491776.51676,0.2491142898797989,-0.25435611605644226,-1.4596812725067139
1695491776.5497336,0.24667997658252716,-0.2558112144470215,-1.4641464948654175
1695491776.5828757,0.24363179504871368,-0.25666606426239014,-1.4706933498382568
1695491776.617432,0.24019204080104828,-0.25585469603538513,-1.4794195890426636
1695491776.6495996,0.23647306859493256,-0.25446468591690063,-1.486201286315918
1695491776.6831014,0.23163899779319763,-0.25290876626968384,-1.4900060892105103
1695491776.718624,0.2257654368877411,-0.25083181262016296,-1.4915169477462769
1695491776.7518013,0.2189393937587738,-0.24700400233268738,-1.4894295930862427
1695491776.7839928,0.21093234419822693,-0.24208395183086395,-1.485672950744629
1695491776.817554,0.20306077599525452,-0.23576566576957703,-1.4824517965316772
1695491776.8507688,0.19552522897720337,-0.22846747934818268,-1.4793169498443604
1695491776.8852115,0.18785132467746735,-0.220859557390213,-1.4754517078399658
1695491776.9197798,0.1818869560956955,-0.21355050802230835,-1.471401572227478
1695491776.9528809,0.17633961141109467,-0.20724661648273468,-1.4689406156539917
1695491776.9851265,0.17106036841869354,-0.20143651962280273,-1.4671707153320312
1695491777.0186772,0.16389912366867065,-0.19622568786144257,-1.4652799367904663
1695491777.0522735,0.1548246145248413,-0.1924249529838562,-1.4632258415222168
1695491777.083837,0.14587169885635376,-0.19078892469406128,-1.462080955505371
1695491777.1189823,0.13848787546157837,-0.19006769359111786,-1.4614406824111938
1695491777.1520438,0.1331634372472763,-0.1909816414117813,-1.4612287282943726
1695491777.1856098,0.13049624860286713,-0.19415491819381714,-1.460333228111267
1695491777.221262,0.13013139367103577,-0.19930928945541382,-1.4602540731430054
1695491777.253312,0.1336909830570221,-0.204909548163414,-1.4607771635055542
1695491777.2858508,0.141790971159935,-0.21078459918498993,-1.4608991146087646
1695491777.3182411,0.1542631983757019,-0.21733005344867706,-1.4608076810836792
1695491777.3530025,0.17119210958480835,-0.2233813852071762,-1.4589378833770752
1695491777.3861024,0.18906763195991516,-0.22951270639896393,-1.4582116603851318
1695491777.4206707,0.20476047694683075,-0.23536112904548645,-1.4566878080368042
1695491777.4536972,0.21706190705299377,-0.23945528268814087,-1.454537034034729
1695491777.486849,0.2268592268228531,-0.24512791633605957,-1.45133376121521
1695491777.5197003,0.23321756720542908,-0.2509664297103882,-1.449977993965149
1695491777.5528076,0.2370343804359436,-0.2543639838695526,-1.4487371444702148
1695491777.5858738,0.23900479078292847,-0.25591737031936646,-1.4487223625183105
1695491777.6209881,0.2400045245885849,-0.2562018930912018,-1.44820237159729
1695491777.6540012,0.24252738058567047,-0.2551892399787903,-1.4471880197525024
1695491777.6895213,0.24640339612960815,-0.2543180286884308,-1.4445881843566895
1695491777.7217445,0.2502109110355377,-0.25307509303092957,-1.4405503273010254
1695491777.7533736,0.25476616621017456,-0.25134193897247314,-1.4370403289794922
1695491777.788918,0.26131001114845276,-0.25304755568504333,-1.4335668087005615
1695491777.820984,0.26884689927101135,-0.2587727904319763,-1.4300328493118286
1695491777.853586,0.275539755821228,-0.2667829096317291,-1.4272710084915161
1695491777.8986716,0.2809692323207855,-0.2745925188064575,-1.4253953695297241
1695491777.9412322,0.28432461619377136,-0.2812167704105377,-1.4246877431869507
1695491777.9860168,0.28331467509269714,-0.28563040494918823,-1.4254858493804932
1695491778.02762,0.27265942096710205,-0.29414448142051697,-1.4289004802703857
1695491778.0699723,0.2590816617012024,-0.2965465784072876,-1.4313591718673706
1695491778.112085,0.24744965136051178,-0.29586654901504517,-1.4304845333099365
1695491778.1527534,0.23803673684597015,-0.29360246658325195,-1.4280837774276733
1695491778.193351,0.22197473049163818,-0.289415568113327,-1.4284921884536743
1695491778.2349322,0.21597528457641602,-0.2845005393028259,-1.4296718835830688
1695491778.2767615,0.21148928999900818,-0.2812267541885376,-1.4329158067703247
1695491778.318762,0.209124356508255,-0.27821025252342224,-1.4348926544189453
1695491778.3613644,0.2079678177833557,-0.27613139152526855,-1.436325192451477
1695491778.4025347,0.2089511752128601,-0.27350571751594543,-1.4384890794754028
1695491778.4465692,0.21087928116321564,-0.27460023760795593,-1.4386062622070312
1695491778.4861643,0.21023662388324738,-0.2761038541793823,-1.4392573833465576
1695491778.529218,0.20364758372306824,-0.2768995463848114,-1.4440946578979492
1695491778.5708199,0.1999615728855133,-0.2803342342376709,-1.4497861862182617
1695491778.6126127,0.19760864973068237,-0.28327590227127075,-1.4535326957702637
1695491778.6537118,0.19616742432117462,-0.28486135601997375,-1.4549323320388794
1695491778.6967602,0.19473345577716827,-0.2863597869873047,-1.4563705921173096
1695491778.7387342,0.19619935750961304,-0.2868720293045044,-1.4558581113815308
1695491778.7807758,0.19739793241024017,-0.2872294783592224,-1.4551048278808594
1695491778.8218298,0.1989404857158661,-0.2875199317932129,-1.4529627561569214
1695491778.8648806,0.20070846378803253,-0.2845288813114166,-1.4470264911651611
1695491778.9069526,0.20143641531467438,-0.2842564582824707,-1.4438340663909912
1695491778.9466171,0.20319820940494537,-0.28622904419898987,-1.4393717050552368
1695491778.9861732,0.20669719576835632,-0.2904426157474518,-1.4340890645980835
1695491779.0292327,0.21761436760425568,-0.30848196148872375,-1.4263330698013306
1695491779.0725148,0.2288777232170105,-0.32898223400115967,-1.4235622882843018
Distance top: 0.36178705
Distance right: 0.2598285
Center: [ 0.24739726 -1.4573743 ]
metaphor: push
guidance_approach: two_tactor
intensity: linear
layout: horizontal
Target location: [ 0.21158962 -1.09903934]
Theta: 30.36410985545689
1695491781.304906,0.43217790126800537,0.17252640426158905,-1.7328976392745972
1695491781.3706417,0.42442408204078674,0.20695844292640686,-1.7669389247894287
1695491781.4340076,0.42539653182029724,0.2484639585018158,-1.7937822341918945
1695491781.4940085,0.4231874346733093,0.2535664439201355,-1.7990758419036865
1695491781.5739574,0.43353959918022156,0.2546335756778717,-1.7896032333374023
1695491781.6516376,0.4460768699645996,0.2544267773628235,-1.7792562246322632
1695491781.6962678,0.45453140139579773,0.2536822259426117,-1.7773150205612183
1695491781.7418177,0.4651579260826111,0.2490634322166443,-1.7731072902679443
1695491781.7866433,0.47021809220314026,0.24664856493473053,-1.77321195602417
1695491781.8307226,0.4728848338127136,0.24469256401062012,-1.7712196111679077
1695491781.87599,0.47745269536972046,0.24106766283512115,-1.7699847221374512
1695491781.9176373,0.4775107204914093,0.23971985280513763,-1.7715297937393188
1695491781.9620295,0.47724461555480957,0.23918862640857697,-1.7741286754608154
1695491782.0056064,0.47457075119018555,0.23949405550956726,-1.777803897857666
1695491782.0524094,0.4689832031726837,0.24160981178283691,-1.781660556793213
1695491782.0970213,0.4654914140701294,0.24262216687202454,-1.7857471704483032
1695491782.141164,0.46126264333724976,0.24103355407714844,-1.7924638986587524
1695491782.1818285,0.4598233699798584,0.23931333422660828,-1.7966805696487427
1695491782.2269137,0.4576532244682312,0.23634697496891022,-1.797979474067688
1695491782.270907,0.45669078826904297,0.23322008550167084,-1.797300934791565
1695491782.316032,0.4578389525413513,0.22722961008548737,-1.7920507192611694
1695491782.3614156,0.4601271450519562,0.22314298152923584,-1.7881722450256348
1695491782.4036436,0.4629162847995758,0.22032806277275085,-1.7845571041107178
1695491782.4491909,0.46546486020088196,0.2203155755996704,-1.7858392000198364
1695491782.496389,0.46712204813957214,0.22287482023239136,-1.7886320352554321
1695491782.5435152,0.471810519695282,0.2279151976108551,-1.793305516242981
1695491782.589125,0.4755799472332001,0.23188351094722748,-1.7951666116714478
1695491782.6347818,0.4790045917034149,0.23444586992263794,-1.7958438396453857
1695491782.6783323,0.481803834438324,0.236806720495224,-1.7912989854812622
1695491782.7199264,0.4815742075443268,0.23630578815937042,-1.785618782043457
1695491782.7647955,0.4801858365535736,0.2372460663318634,-1.7828325033187866
1695491782.8088322,0.4796863794326782,0.24160462617874146,-1.7857651710510254
1695491782.8493674,0.47938981652259827,0.24313665926456451,-1.7868306636810303
1695491782.8919501,0.47962525486946106,0.244633287191391,-1.7863993644714355
1695491782.9340212,0.48054149746894836,0.24600303173065186,-1.7856531143188477
1695491782.9806354,0.4835779070854187,0.24714593589305878,-1.7750155925750732
1695491783.0237253,0.48623034358024597,0.24679715931415558,-1.7670159339904785
1695491783.069293,0.48815715312957764,0.246199831366539,-1.7598543167114258
1695491783.10137,0.49000173807144165,0.24466663599014282,-1.752995252609253
1695491783.132896,0.4925970733165741,0.24180127680301666,-1.7466764450073242
1695491783.1640694,0.49483099579811096,0.2382742315530777,-1.7384344339370728
1695491783.1961408,0.4989098012447357,0.234939306974411,-1.7415510416030884
1695491783.2260106,0.49876293540000916,0.23094725608825684,-1.723098874092102
1695491783.257641,0.5006263256072998,0.227272629737854,-1.7141296863555908
1695491783.288678,0.5006475448608398,0.22526274621486664,-1.7103911638259888
1695491783.3192053,0.5000222325325012,0.22531376779079437,-1.7100862264633179
1695491783.350007,0.4996272027492523,0.22677671909332275,-1.7146226167678833
1695491783.3816407,0.4979664087295532,0.22786104679107666,-1.7218953371047974
1695491783.4141812,0.49632492661476135,0.23397445678710938,-1.729832410812378
1695491783.4448855,0.4978930950164795,0.23835299909114838,-1.7374861240386963
1695491783.473995,0.49791425466537476,0.23854273557662964,-1.7423361539840698
1695491783.5081623,0.4966095983982086,0.23664580285549164,-1.7463821172714233
1695491783.5417483,0.49465394020080566,0.23250964283943176,-1.748070240020752
1695491783.574803,0.490243524312973,0.23047477006912231,-1.751004695892334
1695491783.6086006,0.48082950711250305,0.23155535757541656,-1.7556334733963013
1695491783.6426957,0.4714283049106598,0.23638983070850372,-1.7631442546844482
1695491783.6782637,0.4582589864730835,0.24331453442573547,-1.7726694345474243
1695491783.7077878,0.4420415759086609,0.24939963221549988,-1.7816863059997559
1695491783.7433915,0.41935548186302185,0.2553519308567047,-1.7922157049179077
1695491783.775945,0.39558789134025574,0.2584189474582672,-1.8054009675979614
1695491783.8125935,0.3714505732059479,0.2598975896835327,-1.8218580484390259
1695491783.842624,0.34673985838890076,0.25774380564689636,-1.8387446403503418
1695491783.877147,0.3158733546733856,0.257000207901001,-1.8620052337646484
1695491783.9106736,0.2828787863254547,0.25814104080200195,-1.8957737684249878
1695491783.943723,0.2552769184112549,0.2613484561443329,-1.9437899589538574
1695491783.9752526,0.2376641035079956,0.2510177493095398,-1.988092303276062
1695491784.0078104,0.2272137701511383,0.2290533483028412,-2.0222392082214355
1695491784.0450742,0.2183280885219574,0.20693141222000122,-2.0431902408599854
1695491784.0762382,0.20931994915008545,0.18778689205646515,-2.055614709854126
1695491784.1107907,0.19401074945926666,0.17441806197166443,-2.0534884929656982
1695491784.1459146,0.17556045949459076,0.15960335731506348,-2.036902904510498
1695491784.179007,0.16305696964263916,0.14136312901973724,-2.018773317337036
1695491784.210638,0.16069941222667694,0.12312610447406769,-2.0075836181640625
1695491784.2439044,0.16495484113693237,0.1093902513384819,-2.003812074661255
1695491784.2789938,0.17112785577774048,0.10365912318229675,-2.0115513801574707
1695491784.3116364,0.17628814280033112,0.10518130660057068,-2.028038740158081
1695491784.3447788,0.17916972935199738,0.10904915630817413,-2.046520233154297
1695491784.3780067,0.17992287874221802,0.11278664320707321,-2.0616183280944824
1695491784.4119465,0.1781899631023407,0.11725226044654846,-2.0703530311584473
1695491784.4449804,0.1720881164073944,0.12178374826908112,-2.0689332485198975
1695491784.478132,0.16296930611133575,0.13286030292510986,-2.0673537254333496
1695491784.512154,0.15274417400360107,0.14723233878612518,-2.0651822090148926
1695491784.5449176,0.13918429613113403,0.15700383484363556,-2.058556318283081
1695491784.578464,0.12573622167110443,0.1640927791595459,-2.0572900772094727
1695491784.6131322,0.1100691705942154,0.16987469792366028,-2.054555654525757
1695491784.6480448,0.09369178116321564,0.17349299788475037,-2.0459742546081543
1695491784.6786368,0.07646886259317398,0.1759052574634552,-2.0347959995269775
1695491784.7217498,0.055584318935871124,0.17681919038295746,-2.0232527256011963
1695491784.7520237,0.033707838505506516,0.17987596988677979,-2.012965440750122
1695491784.7817252,0.014123826287686825,0.1862703561782837,-2.0089426040649414
1695491784.8142774,-0.006735649891197681,0.19069886207580566,-2.0009982585906982
1695491784.8453782,-0.028268810361623764,0.1951761543750763,-1.9921143054962158
1695491784.8929589,-0.05282670259475708,0.19826126098632812,-1.9823919534683228
1695491784.9330304,-0.07719754427671432,0.20092570781707764,-1.9733598232269287
1695491784.9748404,-0.09928598254919052,0.20557266473770142,-1.9649648666381836
1695491785.0176392,-0.1390925943851471,0.2190650999546051,-1.9539496898651123
1695491785.06112,-0.15771202743053436,0.22694259881973267,-1.9444125890731812
1695491785.0939846,-0.1769682615995407,0.2374923676252365,-1.9278244972229004
1695491785.125031,-0.19816385209560394,0.24221470952033997,-1.9132734537124634
1695491785.1545923,-0.2221023589372635,0.24434876441955566,-1.9073930978775024
1695491785.185897,-0.24835674464702606,0.24068930745124817,-1.9024053812026978
1695491785.2169626,-0.27539998292922974,0.2333567589521408,-1.8981128931045532
1695491785.2481318,-0.30212441086769104,0.22531764209270477,-1.897573471069336
1695491785.2820466,-0.3272275924682617,0.21778634190559387,-1.899013638496399
1695491785.3150797,-0.35142096877098083,0.2105402946472168,-1.9047632217407227
1695491785.3486366,-0.3765902519226074,0.19654178619384766,-1.9113787412643433
1695491785.3816893,-0.40169501304626465,0.1745581179857254,-1.9175394773483276
1695491785.4177573,-0.4274613857269287,0.14672410488128662,-1.9237217903137207
1695491785.4478626,-0.4544620215892792,0.11568529903888702,-1.9295172691345215
1695491785.4820316,-0.4814080595970154,0.07760371267795563,-1.9346704483032227
1695491785.5166364,-0.5117285251617432,0.03498254716396332,-1.9394932985305786
1695491785.549096,-0.5436011552810669,-0.0002442300319671631,-1.9449089765548706
1695491785.581646,-0.5741395950317383,-0.02438553422689438,-1.952311396598816
1695491785.6161711,-0.6031246185302734,-0.0408257432281971,-1.961233377456665
1695491785.650768,-0.6268819570541382,-0.05175574868917465,-1.9709426164627075
1695491785.6827924,-0.649182140827179,-0.06062941625714302,-1.9863126277923584
1695491785.7160265,-0.6693820357322693,-0.06467507034540176,-2.003492832183838
1695491785.751056,-0.6827700138092041,-0.06171395257115364,-2.01334285736084
1695491785.783514,-0.6936200857162476,-0.05520837754011154,-2.01965594291687
1695491785.8190377,-0.7017679214477539,-0.04717615991830826,-2.0236899852752686
1695491785.8500686,-0.712195873260498,-0.03807251527905464,-2.0264570713043213
1695491785.883248,-0.7266921401023865,-0.024355914443731308,-2.026341199874878
1695491785.91877,-0.7444519996643066,-0.008953779935836792,-2.0209786891937256
1695491785.9510064,-0.7626437544822693,0.0071902088820934296,-2.0108861923217773
1695491785.985066,-0.7800866961479187,0.03326133266091347,-1.9991027116775513
1695491786.0172572,-0.7982044816017151,0.056130170822143555,-1.9895864725112915
1695491786.0525794,-0.8111063241958618,0.07901276648044586,-1.9792754650115967
1695491786.0861063,-0.8201990723609924,0.09913365542888641,-1.9685553312301636
1695491786.117652,-0.8285701870918274,0.1164950430393219,-1.9582552909851074
1695491786.1539075,-0.8414059281349182,0.12682370841503143,-1.942463755607605
1695491786.1844518,-0.8619484305381775,0.13692256808280945,-1.9308255910873413
1695491786.2180054,-0.8820051550865173,0.15540292859077454,-1.9178483486175537
1695491786.252637,-0.906090497970581,0.17458340525627136,-1.9018710851669312
1695491786.2861643,-0.9334453344345093,0.21075130999088287,-1.8808857202529907
1695491786.3177176,-0.9610410332679749,0.2469724714756012,-1.8597227334976196
1695491786.3538814,-0.9883070588111877,0.26757413148880005,-1.8459640741348267
1695491786.3854048,-1.0183526277542114,0.27596810460090637,-1.835545301437378
1695491786.420933,-1.0439482927322388,0.27726709842681885,-1.8304030895233154
1695491786.4529011,-1.072825312614441,0.27288925647735596,-1.8331513404846191
1695491786.4859378,-1.1005223989486694,0.2622303366661072,-1.8413187265396118
1695491786.5196364,-1.125954031944275,0.24748528003692627,-1.8492681980133057
1695491786.555362,-1.1554597616195679,0.23117226362228394,-1.8575137853622437
1695491786.5868938,-1.176769733428955,0.21502602100372314,-1.8499079942703247
1695491786.6215088,-1.1963622570037842,0.20565032958984375,-1.8394763469696045
1695491786.653142,-1.2148371934890747,0.19729876518249512,-1.830180048942566
1695491786.6896646,-1.2253049612045288,0.18523171544075012,-1.8313103914260864
1695491786.7212586,-1.238205909729004,0.17956814169883728,-1.82095468044281
1695491786.7538602,-1.251461386680603,0.17661961913108826,-1.8066622018814087
1695491786.785895,-1.2678413391113281,0.1762932687997818,-1.7912791967391968
1695491786.820007,-1.2841014862060547,0.17856724560260773,-1.7770978212356567
1695491786.8542101,-1.3062174320220947,0.1848682314157486,-1.7657197713851929
1695491786.8898823,-1.332636833190918,0.1833183467388153,-1.7543456554412842
1695491786.9240263,-1.3600382804870605,0.1827867478132248,-1.7387537956237793
1695491786.9566374,-1.3891499042510986,0.1846194714307785,-1.7185463905334473
1695491786.9888835,-1.4222660064697266,0.18575648963451385,-1.6906590461730957
1695491787.0266366,-1.449291467666626,0.18232125043869019,-1.6464213132858276
1695491787.0568817,-1.4682985544204712,0.1777004450559616,-1.601101279258728
1695491787.0909133,-1.4829305410385132,0.17262707650661469,-1.5665297508239746
1695491787.124392,-1.4918617010116577,0.16855327785015106,-1.5447933673858643
1695491787.1559474,-1.4884239435195923,0.16594251990318298,-1.5283986330032349
1695491787.1900082,-1.4811640977859497,0.16280896961688995,-1.5219253301620483
1695491787.2243893,-1.469038724899292,0.15971338748931885,-1.5229252576828003
1695491787.2574563,-1.4589197635650635,0.15882563591003418,-1.5300531387329102
1695491787.292005,-1.4452364444732666,0.15964066982269287,-1.531276822090149
1695491787.3241436,-1.4325443506240845,0.16095055639743805,-1.5271737575531006
1695491787.3607566,-1.4188913106918335,0.16373763978481293,-1.525355577468872
1695491787.3919013,-1.4035325050354004,0.1666296273469925,-1.5237083435058594
1695491787.4230218,-1.3986834287643433,0.1653648465871811,-1.5414413213729858
1695491787.457259,-1.3932077884674072,0.16432735323905945,-1.5488049983978271
1695491787.5026386,-1.3835911750793457,0.16238820552825928,-1.5504159927368164
1695491787.545858,-1.3746103048324585,0.16043499112129211,-1.554399847984314
1695491787.5906844,-1.3678480386734009,0.16097183525562286,-1.5582542419433594
1695491787.6333911,-1.355230689048767,0.163059264421463,-1.5718029737472534
1695491787.6770072,-1.3546156883239746,0.16232851147651672,-1.590930700302124
1695491787.7197328,-1.3443753719329834,0.17089688777923584,-1.6055326461791992
1695491787.7620938,-1.3535468578338623,0.17452265322208405,-1.680349588394165
1695491787.8106883,-1.3600223064422607,0.17615102231502533,-1.7174861431121826
1695491787.8518026,-1.359474539756775,0.1887386292219162,-1.7201720476150513
1695491787.8953276,-1.3552151918411255,0.2098255753517151,-1.7190197706222534
1695491787.9388838,-1.3510901927947998,0.22067409753799438,-1.7045161724090576
1695491787.9830985,-1.351630687713623,0.22088803350925446,-1.7115187644958496
1695491788.0256486,-1.3507975339889526,0.217971533536911,-1.715530276298523
1695491788.067254,-1.3518284559249878,0.22251619398593903,-1.7031744718551636
1695491788.1098819,-1.349197506904602,0.22959911823272705,-1.6888723373413086
1695491788.1514146,-1.3433736562728882,0.24252544343471527,-1.6638166904449463
1695491788.1925027,-1.340537667274475,0.25716468691825867,-1.650273084640503
1695491788.2340915,-1.3238104581832886,0.2705727219581604,-1.6397119760513306
1695491788.2821546,-1.3180006742477417,0.27825015783309937,-1.6288738250732422
1695491788.3246582,-1.3128002882003784,0.28231024742126465,-1.6243294477462769
1695491788.3652008,-1.2969279289245605,0.27850019931793213,-1.5987107753753662
1695491788.4091687,-1.2930866479873657,0.26278620958328247,-1.5973581075668335
1695491788.4497566,-1.2864989042282104,0.2544308602809906,-1.5798518657684326
1695491788.492792,-1.2775273323059082,0.24526447057724,-1.5638086795806885
1695491788.5333884,-1.2538411617279053,0.2233557403087616,-1.5330966711044312
1695491788.5780058,-1.240086317062378,0.206823468208313,-1.5210500955581665
1695491788.6200354,-1.2261549234390259,0.18965107202529907,-1.5146448612213135
1695491788.6611538,-1.2103242874145508,0.17336736619472504,-1.506156325340271
1695491788.702697,-1.1807290315628052,0.1315430998802185,-1.496403694152832
1695491788.747333,-1.166079044342041,0.10617637634277344,-1.4837599992752075
1695491788.7888808,-1.1548635959625244,0.07928836345672607,-1.4770280122756958
1695491788.8327618,-1.1431922912597656,0.03382296860218048,-1.452247977256775
1695491788.875905,-1.1400095224380493,0.02261398360133171,-1.4427833557128906
1695491788.9165184,-1.1353861093521118,0.017677374184131622,-1.4361746311187744
1695491788.9590797,-1.1301978826522827,0.01690523698925972,-1.4314627647399902
1695491788.9976387,-1.1177414655685425,0.017417144030332565,-1.4228544235229492
1695491789.0406702,-1.1122570037841797,0.02556939795613289,-1.4225887060165405
1695491789.083956,-1.1093041896820068,0.02851048856973648,-1.4226617813110352
1695491789.1200063,-1.107895851135254,0.028782226145267487,-1.4229189157485962
1695491789.1550694,-1.1073191165924072,0.028917226940393448,-1.4233202934265137
1695491789.1912796,-1.1071383953094482,0.02992257848381996,-1.423956274986267
1695491789.2248154,-1.1071113348007202,0.03270779177546501,-1.424763560295105
1695491789.257578,-1.1070613861083984,0.037431906908750534,-1.4256550073623657
1695491789.294137,-1.1068793535232544,0.044004376977682114,-1.426596760749817
1695491789.3286574,-1.1065205335617065,0.052227601408958435,-1.4274559020996094
1695491789.3607135,-1.1055024862289429,0.06549225747585297,-1.428238868713379
1695491789.39485,-1.1025601625442505,0.09103403240442276,-1.4283493757247925
1695491789.4288955,-1.0979825258255005,0.12672793865203857,-1.427595853805542
1695491789.4640064,-1.093002438545227,0.16660673916339874,-1.426619529724121
1695491789.486762,-1.0889869928359985,0.20166149735450745,-1.4259929656982422
1695491789.509778,-1.0866992473602295,0.22491657733917236,-1.4257946014404297
1695491789.5307932,-1.08559250831604,0.23846912384033203,-1.4256129264831543
1695491789.5548792,-1.0849237442016602,0.24878990650177002,-1.4251389503479004
1695491789.5874412,-1.0844035148620605,0.258505254983902,-1.4241611957550049
1695491789.6209733,-1.0843528509140015,0.2644997239112854,-1.4231396913528442
1695491789.6552548,-1.0847229957580566,0.26715385913848877,-1.422141432762146
1695491789.6878262,-1.0855249166488647,0.2666495442390442,-1.421169400215149
1695491789.7279284,-1.0868254899978638,0.2626534402370453,-1.4202560186386108
1695491789.7563732,-1.0885287523269653,0.25606024265289307,-1.419450044631958
1695491789.78847,-1.090422511100769,0.24857380986213684,-1.4186636209487915
1695491789.8235683,-1.0926793813705444,0.23911450803279877,-1.4179332256317139
1695491789.8566477,-1.095104455947876,0.22889500856399536,-1.4172515869140625
1695491789.8907187,-1.097517490386963,0.2199612855911255,-1.4164445400238037
1695491789.9242084,-1.1002758741378784,0.2105550765991211,-1.4154480695724487
1695491789.9577565,-1.2128441333770752,0.08419817686080933,-1.2570223808288574
1695491789.9980063,-1.1431001424789429,0.08222269266843796,-1.261008381843567
1695491790.0321426,-1.2447190284729004,0.09005637466907501,-1.3309208154678345
1695491790.0663116,-1.2609180212020874,0.11075474321842194,-1.2432974576950073
1695491790.09842,-1.033346176147461,0.11836689710617065,-1.0039970874786377
1695491790.1320345,-1.152923822402954,0.17966851592063904,-1.1592605113983154
1695491790.1640916,-1.2304513454437256,0.21208952367305756,-1.1653519868850708
1695491790.1996186,-1.2920401096343994,0.28031331300735474,-1.1895787715911865
1695491790.232739,-1.3422110080718994,0.27598005533218384,-1.205630898475647
1695491790.2643933,-1.3813403844833374,0.27149176597595215,-1.2280491590499878
1695491790.2991307,-1.3664305210113525,0.604275643825531,-1.2147128582000732
1695491790.3307636,-1.375916838645935,0.606558084487915,-1.2557519674301147
1695491790.36595,-1.3752747774124146,0.6162374019622803,-1.297885775566101
1695491790.3984768,-1.3589318990707397,0.6069818735122681,-1.3046064376831055
1695491790.4335809,-1.3535484075546265,0.6039495468139648,-1.316483974456787
1695491790.4687457,-1.3562657833099365,0.6005132794380188,-1.3375203609466553
1695491790.498964,-1.3310046195983887,0.350298672914505,-1.2259098291397095
1695491790.533888,-1.2780367136001587,0.12321356683969498,-1.312977910041809
1695491790.565636,-1.203035593032837,-0.04830571636557579,-1.4408323764801025
1695491790.5991573,-1.1541342735290527,-0.15751609206199646,-1.5560728311538696
1695491790.6332777,-1.12893545627594,-0.2367766797542572,-1.630597710609436
1695491790.6673586,-1.118009328842163,-0.30777832865715027,-1.6602774858474731
1695491790.6999216,-1.1102306842803955,-0.36060136556625366,-1.659547209739685
1695491790.733981,-1.1064115762710571,-0.37996307015419006,-1.644669532775879
1695491790.7661707,-1.103479027748108,-0.37979772686958313,-1.6298468112945557
1695491790.7997115,-1.0993200540542603,-0.36560165882110596,-1.618851661682129
1695491790.8327575,-1.095270037651062,-0.3423970341682434,-1.6129106283187866
1695491790.866513,-1.0907329320907593,-0.31217628717422485,-1.61064875125885
1695491790.9008489,-1.084878921508789,-0.27333080768585205,-1.6074074506759644
1695491790.9339457,-1.085634469985962,-0.2272358238697052,-1.6060866117477417
1695491790.9679759,-1.0875051021575928,-0.17524665594100952,-1.6058439016342163
1695491791.0020537,-1.0910967588424683,-0.11995817720890045,-1.606581449508667
1695491791.0345795,-1.0956743955612183,-0.06563988327980042,-1.6035383939743042
1695491791.0686111,-1.0997225046157837,-0.008458416908979416,-1.5919638872146606
1695491791.101705,-1.1090459823608398,0.05858994275331497,-1.5895562171936035
1695491791.1352296,-1.1198256015777588,0.12451940774917603,-1.5758790969848633
1695491791.1671214,-1.1452254056930542,0.1925327479839325,-1.5574220418930054
1695491791.2021494,-1.1693902015686035,0.23747405409812927,-1.5463656187057495
1695491791.2366376,-1.1896799802780151,0.2689124643802643,-1.540643334388733
1695491791.270666,-1.206872820854187,0.2900804281234741,-1.5395218133926392
1695491791.3031287,-1.2209705114364624,0.30109184980392456,-1.5432260036468506
1695491791.3353531,-1.2319610118865967,0.3032299876213074,-1.5507179498672485
1695491791.3700056,-1.2399969100952148,0.2989950180053711,-1.5607361793518066
1695491791.403263,-1.2461811304092407,0.2965559661388397,-1.5692254304885864
1695491791.4298823,-1.2511568069458008,0.293527752161026,-1.5768616199493408
1695491791.4630313,-1.2545851469039917,0.29008811712265015,-1.58384108543396
1695491791.4977558,-1.2568833827972412,0.2865199148654938,-1.5899940729141235
1695491791.5310261,-1.2584198713302612,0.2830461859703064,-1.595076322555542
1695491791.563756,-1.2589260339736938,0.2791532576084137,-1.5997756719589233
1695491791.5989113,-1.258575201034546,0.2761954069137573,-1.6037927865982056
1695491791.6300256,-1.2575874328613281,0.2721683382987976,-1.607783317565918
1695491791.6657555,-1.2557696104049683,0.2684280276298523,-1.6115869283676147
1695491791.698412,-1.2529948949813843,0.2680697441101074,-1.6144397258758545
1695491791.7310712,-1.2492663860321045,0.2691984176635742,-1.617083191871643
1695491791.7655118,-1.245359182357788,0.26819464564323425,-1.620401382446289
1695491791.799035,-1.2422372102737427,0.2625834047794342,-1.6243507862091064
1695491791.8307576,-1.2408514022827148,0.24985960125923157,-1.6287565231323242
1695491791.8660052,-1.2418079376220703,0.22753527760505676,-1.6330586671829224
1695491791.8977556,-1.244918704032898,0.19502581655979156,-1.6370408535003662
1695491791.9308937,-1.2496817111968994,0.15039750933647156,-1.6403340101242065
1695491791.9645643,-1.2561086416244507,0.09694336354732513,-1.6424082517623901
1695491791.9986145,-1.3139690160751343,0.27071356773376465,-1.6248544454574585
1695491792.0388374,-1.2938263416290283,0.2106543481349945,-1.5718886852264404
1695491792.074793,-1.3067729473114014,0.19990286231040955,-1.5542082786560059
1695491792.1053889,-1.3187309503555298,0.19814564287662506,-1.533937931060791
1695491792.1399753,-1.2439624071121216,0.17231512069702148,-1.5225729942321777
1695491792.17204,-1.2211618423461914,0.161134272813797,-1.55416738986969
1695491792.20474,-1.199142336845398,0.13871453702449799,-1.5772297382354736
1695491792.238861,-1.183802604675293,0.11113280057907104,-1.5958828926086426
1695491792.2732239,-1.1753685474395752,0.08788906037807465,-1.6120274066925049
1695491792.3067434,-1.172413945198059,0.07275917381048203,-1.622614860534668
1695491792.343053,-1.170000672340393,0.06041312962770462,-1.6247600317001343
1695491792.3766365,-1.17204749584198,0.051129233092069626,-1.6250650882720947
1695491792.406755,-1.1783620119094849,0.044589899480342865,-1.6259925365447998
1695491792.4398804,-1.1863551139831543,0.03914862498641014,-1.622029423713684
1695491792.4766352,-1.1963176727294922,0.03519018739461899,-1.6148438453674316
1695491792.5092638,-1.2077274322509766,0.03443146497011185,-1.608646035194397
1695491792.542842,-1.2198247909545898,0.037461429834365845,-1.603553295135498
1695491792.5749125,-1.2303601503372192,0.04252539575099945,-1.598062515258789
1695491792.6074564,-1.2403976917266846,0.04044698551297188,-1.591477870941162
1695491792.6426542,-1.2500308752059937,0.024810951203107834,-1.5845448970794678
1695491792.6747754,-1.2633916139602661,-0.0004431307315826416,-1.579116702079773
1695491792.7079303,-1.2784267663955688,-0.03425511345267296,-1.577479600906372
1695491792.7442913,-1.2963861227035522,-0.06831002235412598,-1.5775771141052246
1695491792.77599,-1.3181840181350708,-0.0950147807598114,-1.586776614189148
1695491792.8090186,-1.3379572629928589,-0.11332784593105316,-1.5983619689941406
1695491792.8410053,-1.357021689414978,-0.1254705786705017,-1.612647294998169
1695491792.887119,-1.3696998357772827,-0.12933577597141266,-1.615476369857788
1695491792.9297554,-1.3862639665603638,-0.13271787762641907,-1.6224331855773926
1695491792.9746356,-1.3975414037704468,-0.13294172286987305,-1.6160222291946411
1695491793.0163488,-1.4456018209457397,-0.1488487273454666,-1.6309278011322021
1695491793.0600116,-1.4682859182357788,-0.15562492609024048,-1.6542819738388062
1695491793.1030273,-1.4760380983352661,-0.16275057196617126,-1.676879644393921
1695491793.145264,-1.4539275169372559,-0.17739903926849365,-1.6945997476577759
1695491793.187798,-1.4298758506774902,-0.18474462628364563,-1.6886812448501587
1695491793.2317016,-1.4107133150100708,-0.18912330269813538,-1.6804821491241455
1695491793.276878,-1.397667646408081,-0.19634653627872467,-1.6731822490692139
1695491793.3197556,-1.3860912322998047,-0.21992003917694092,-1.6630969047546387
1695491793.3637362,-1.3888249397277832,-0.23123109340667725,-1.654401183128357
1695491793.4063852,-1.3906762599945068,-0.2371358424425125,-1.647159218788147
1695491793.452016,-1.3889262676239014,-0.23825299739837646,-1.6336438655853271
1695491793.493672,-1.3880259990692139,-0.23529288172721863,-1.6337095499038696
1695491793.5338812,-1.3862457275390625,-0.23117905855178833,-1.6357519626617432
1695491793.5761104,-1.3854631185531616,-0.23029884696006775,-1.6396586894989014
1695491793.6156898,-1.3818349838256836,-0.22873243689537048,-1.644926905632019
1695491793.6578467,-1.38251531124115,-0.22558578848838806,-1.6488205194473267
1695491793.6978862,-1.384351372718811,-0.22034361958503723,-1.6498463153839111
1695491793.741087,-1.3851463794708252,-0.21470969915390015,-1.650733470916748
1695491793.7809374,-1.3846477270126343,-0.2073993682861328,-1.6594070196151733
1695491793.8231225,-1.385886788368225,-0.20251035690307617,-1.665756106376648
1695491793.8658314,-1.387572169303894,-0.197189599275589,-1.668825387954712
1695491793.9074147,-1.389024019241333,-0.19201698899269104,-1.6694227457046509
