1694974521.7481177,0.12939521670341492,-0.1405724138021469,-1.0832421779632568
1694974521.8039236,0.12384720146656036,-0.14034312963485718,-1.08259916305542
1694974521.828972,0.12275774031877518,-0.14198409020900726,-1.0849412679672241
1694974521.8515258,0.12247609347105026,-0.1423124223947525,-1.083993911743164
1694974521.881598,0.1231730505824089,-0.14264656603336334,-1.0842366218566895
1694974521.9104168,0.12431692332029343,-0.14159783720970154,-1.088121771812439
1694974521.977416,0.12631887197494507,-0.14004823565483093,-1.0872849225997925
1694974522.0095327,0.12649387121200562,-0.13958445191383362,-1.0894168615341187
1694974522.0433576,0.12621288001537323,-0.1397610455751419,-1.0894505977630615
1694974522.076576,0.126190185546875,-0.1394805908203125,-1.0891932249069214
1694974522.1138072,0.12561911344528198,-0.13960324227809906,-1.0894291400909424
1694974522.1453562,0.126410573720932,-0.1397411972284317,-1.0884745121002197
1694974522.1779258,0.1265971064567566,-0.13979806005954742,-1.08808171749115
1694974522.2196345,0.12697552144527435,-0.13998304307460785,-1.0871237516403198
1694974522.2481647,0.12765686213970184,-0.1401546150445938,-1.0860092639923096
1694974522.277705,0.12823984026908875,-0.1408839225769043,-1.0847076177597046
1694974522.310286,0.12879960238933563,-0.14191249012947083,-1.0832160711288452
1694974522.3453836,0.12907841801643372,-0.14174428582191467,-1.0836058855056763
1694974522.379403,0.12919199466705322,-0.1416325569152832,-1.084354043006897
1694974522.4119759,0.12915942072868347,-0.14191628992557526,-1.084337830543518
1694974522.4463878,0.129202738404274,-0.14255622029304504,-1.084122896194458
1694974522.4811392,0.12916716933250427,-0.14304086565971375,-1.0840400457382202
1694974522.511419,0.12929612398147583,-0.14308491349220276,-1.085911512374878
1694974522.5455163,0.12969361245632172,-0.14355114102363586,-1.085305094718933
1694974522.5800834,0.1276288628578186,-0.1437627226114273,-1.087185025215149
1694974522.612634,0.12830297648906708,-0.14354832470417023,-1.0856245756149292
1694974522.646364,0.13022708892822266,-0.14229382574558258,-1.0848599672317505
1694974522.6814373,0.13010342419147491,-0.14165352284908295,-1.0855927467346191
1694974522.7152953,0.12919919192790985,-0.14126983284950256,-1.0860759019851685
1694974522.747039,0.12806211411952972,-0.14135105907917023,-1.087095856666565
1694974522.7826025,0.12689945101737976,-0.14164309203624725,-1.0869487524032593
1694974522.8162456,0.12572245299816132,-0.1417357474565506,-1.0865657329559326
1694974522.8494747,0.12515583634376526,-0.14155249297618866,-1.0851467847824097
1694974522.8798637,0.12448538094758987,-0.1415015310049057,-1.0861138105392456
1694974522.9155788,0.11848621070384979,-0.1413511484861374,-1.0939630270004272
1694974522.9496534,0.11951453238725662,-0.14077439904212952,-1.0898288488388062
1694974522.9836872,0.12072138488292694,-0.1399194300174713,-1.0872769355773926
1694974523.014716,0.12225593626499176,-0.13932526111602783,-1.0868277549743652
1694974523.0492783,0.12297898530960083,-0.1384798288345337,-1.0854464769363403
1694974523.0839489,0.12360032647848129,-0.13783270120620728,-1.0823125839233398
1694974523.1170397,0.12047497928142548,-0.13760772347450256,-1.0841522216796875
1694974523.1495748,0.12009662389755249,-0.13714207708835602,-1.0853484869003296
1694974523.1822188,0.1219458356499672,-0.13614948093891144,-1.0810691118240356
1694974523.2524476,0.12081850320100784,-0.13727402687072754,-1.083304762840271
1694974523.2834976,0.11933957785367966,-0.13787893950939178,-1.0851202011108398
1694974523.3177743,0.120684914290905,-0.1385667473077774,-1.084001898765564
1694974523.3513534,0.12196110934019089,-0.138521209359169,-1.0865064859390259
1694974523.3852782,0.11861389130353928,-0.13859067857265472,-1.0937968492507935
1694974523.4173002,0.12093328684568405,-0.13854974508285522,-1.0925716161727905
1694974523.4524164,0.12388193607330322,-0.13863275945186615,-1.0894348621368408
1694974523.4845521,0.12471958249807358,-0.13952724635601044,-1.0902791023254395
1694974523.5171,0.12706340849399567,-0.13998158276081085,-1.0874439477920532
1694974523.5541706,0.12842339277267456,-0.1402398645877838,-1.085737705230713
1694974523.5842507,0.1297844648361206,-0.14084388315677643,-1.0846889019012451
1694974523.618902,0.13127075135707855,-0.14107760787010193,-1.0860300064086914
1694974523.6514263,0.13162028789520264,-0.1416311413049698,-1.0874272584915161
1694974523.6854355,0.13047468662261963,-0.14202973246574402,-1.088941216468811
1694974523.7195039,0.12960422039031982,-0.14249157905578613,-1.0897465944290161
1694974523.7531555,0.12916159629821777,-0.14284026622772217,-1.0914475917816162
1694974523.7843351,0.12907418608665466,-0.14372839033603668,-1.0932388305664062
1694974523.8183784,0.12482255697250366,-0.1445915848016739,-1.097251057624817
1694974523.8534336,0.12435488402843475,-0.1441611647605896,-1.093704342842102
1694974523.8862622,0.12347080558538437,-0.14319780468940735,-1.0915292501449585
1694974523.918362,0.12387914210557938,-0.1424725502729416,-1.0889554023742676
1694974523.9523625,0.12393182516098022,-0.14252659678459167,-1.088623046875
1694974523.9864006,0.1248025894165039,-0.1422683745622635,-1.0867645740509033
1694974524.0196567,0.12507618963718414,-0.14150017499923706,-1.085371732711792
1694974524.0642278,0.12485107779502869,-0.1405380666255951,-1.0867551565170288
1694974524.1078796,0.12368997931480408,-0.13953064382076263,-1.086219310760498
1694974524.1520278,0.12227880954742432,-0.13947607576847076,-1.088220238685608
1694974524.194221,0.12186228483915329,-0.13978847861289978,-1.0871117115020752
1694974524.237325,0.12300814688205719,-0.14074023067951202,-1.0858323574066162
1694974524.2775843,0.1244233101606369,-0.14060534536838531,-1.088809847831726
1694974524.3199565,0.12508979439735413,-0.14092087745666504,-1.0875860452651978
1694974524.3623517,0.1265372633934021,-0.14154227077960968,-1.0838062763214111
1694974524.40287,0.12566009163856506,-0.14212502539157867,-1.084743618965149
1694974524.4443667,0.12051387131214142,-0.14253440499305725,-1.090049147605896
1694974524.4874651,0.12153403460979462,-0.1424371600151062,-1.0860029458999634
1694974524.5296192,0.12285348773002625,-0.14196687936782837,-1.0819783210754395
1694974524.5731833,0.12270581722259521,-0.14257502555847168,-1.0835951566696167
1694974524.6158645,0.12615066766738892,-0.1427900493144989,-1.081024169921875
1694974524.6589148,0.13003027439117432,-0.14284294843673706,-1.0796160697937012
1694974524.7041395,0.13748155534267426,-0.14274826645851135,-1.0734635591506958
1694974524.7434173,0.13766317069530487,-0.14276766777038574,-1.0776982307434082
1694974524.7853923,0.13478323817253113,-0.14339494705200195,-1.0835316181182861
1694974524.8265128,0.13465924561023712,-0.1435665488243103,-1.0821715593338013
1694974524.8691573,0.13003040850162506,-0.14404354989528656,-1.0846229791641235
1694974524.9112668,0.12686564028263092,-0.14426210522651672,-1.086656093597412
1694974524.9521506,0.1271352767944336,-0.14395566284656525,-1.085713267326355
1694974524.993185,0.13018080592155457,-0.14346203207969666,-1.0822641849517822
1694974525.0357523,0.1317615658044815,-0.14351193606853485,-1.0806832313537598
1694974525.0767791,0.1321696788072586,-0.14358186721801758,-1.079956293106079
1694974525.1193967,0.13360995054244995,-0.14340385794639587,-1.0785894393920898
1694974525.1605265,0.1334880292415619,-0.14373253285884857,-1.0781344175338745
1694974525.202727,0.13347698748111725,-0.1439218521118164,-1.0789774656295776
1694974525.2443664,0.13321830332279205,-0.14365242421627045,-1.0833990573883057
1694974525.2873874,0.1322457492351532,-0.14335845410823822,-1.0871809720993042
1694974525.3275068,0.1315004527568817,-0.14274504780769348,-1.0879770517349243
1694974525.369566,0.13161087036132812,-0.14260920882225037,-1.0871057510375977
1694974525.4097884,0.13208197057247162,-0.14222818613052368,-1.0862336158752441
1694974525.4528809,0.13303346931934357,-0.14162035286426544,-1.0835753679275513
1694974525.4945562,0.13250209391117096,-0.14010187983512878,-1.081355333328247
1694974525.5355372,0.13314203917980194,-0.1401209682226181,-1.078999400138855
1694974525.5771136,0.132746160030365,-0.14033395051956177,-1.0781095027923584
1694974525.6175263,0.13266855478286743,-0.13950666785240173,-1.0786994695663452
1694974525.6585639,0.13205170631408691,-0.13875970244407654,-1.0783870220184326
1694974525.7013013,0.1308821439743042,-0.13855856657028198,-1.079557180404663
1694974525.7423525,0.1306505799293518,-0.13993504643440247,-1.0802905559539795
1694974525.7873814,0.12924300134181976,-0.14130504429340363,-1.0829578638076782
1694974525.8269114,0.12959757447242737,-0.14203543961048126,-1.0827133655548096
1694974525.8697362,0.1305427849292755,-0.142436683177948,-1.081124186515808
1694974525.9123657,0.12907958030700684,-0.14242315292358398,-1.0830377340316772
1694974525.9545279,0.12364420294761658,-0.14278140664100647,-1.0882126092910767
1694974525.9973557,0.12565065920352936,-0.14250770211219788,-1.0881693363189697
1694974526.0398579,0.12808798253536224,-0.14282609522342682,-1.0882856845855713
1694974526.0851674,0.12968170642852783,-0.14314019680023193,-1.0870198011398315
1694974526.125269,0.13136890530586243,-0.14322581887245178,-1.0852055549621582
1694974526.1673114,0.13283731043338776,-0.1426195651292801,-1.0819463729858398
1694974526.2079895,0.1336601823568344,-0.14216266572475433,-1.0799405574798584
1694974526.251712,0.13523605465888977,-0.1428496241569519,-1.078531265258789
1694974526.2925322,0.13617129623889923,-0.1424417793750763,-1.080680012702942
1694974526.337174,0.1365305483341217,-0.1430852711200714,-1.0843135118484497
1694974526.3772187,0.13381627202033997,-0.14366905391216278,-1.087960958480835
1694974526.4212599,0.1326126605272293,-0.14379146695137024,-1.0874578952789307
1694974526.4623973,0.13183008134365082,-0.14307796955108643,-1.0867934226989746
1694974526.5061593,0.13362084329128265,-0.1431412398815155,-1.08751380443573
1694974526.5513103,0.13331420719623566,-0.14262829720973969,-1.0862977504730225
1694974526.592432,0.1332162618637085,-0.14254914224147797,-1.0859646797180176
1694974526.6349847,0.13208547234535217,-0.14273753762245178,-1.085155963897705
1694974526.6745408,0.13224297761917114,-0.14240336418151855,-1.0848857164382935
1694974526.724192,0.13823460042476654,-0.14126591384410858,-1.0771740674972534
1694974526.7652347,0.13775506615638733,-0.14101633429527283,-1.0775973796844482
1694974526.809257,0.13451771438121796,-0.14114418625831604,-1.079581379890442
1694974526.8517976,0.1302373856306076,-0.141471728682518,-1.083143949508667
1694974526.8903515,0.12730832397937775,-0.1416473686695099,-1.0838100910186768
1694974530.6765711,0.10458779335021973,-0.010565543547272682,-0.8692859411239624
1694974530.7477024,0.12030169367790222,-0.021206889301538467,-0.8893188834190369
1694974530.808788,0.10154049098491669,-0.012675289064645767,-0.8166416883468628
1694974530.8694737,0.11604376882314682,-0.035958271473646164,-0.8660529851913452
1694974530.9275627,0.11221448332071304,-0.0502421110868454,-0.8850833773612976
1694974530.9974926,0.10855811834335327,-0.060870829969644547,-0.8993173837661743
1694974531.0540879,0.11260475218296051,-0.06415238231420517,-0.9040138125419617
1694974531.1001174,0.11668332666158676,-0.06262946128845215,-0.901731014251709
1694974531.1413581,0.11696377396583557,-0.06228860095143318,-0.9013080596923828
1694974531.1864786,0.11948602646589279,-0.06122111529111862,-0.8999560475349426
1694974531.2318864,0.12030854821205139,-0.059039801359176636,-0.8980445861816406
1694974531.276861,0.12101583182811737,-0.05827756226062775,-0.8976985216140747
1694974531.320125,0.11478210240602493,-0.034647244960069656,-0.866550087928772
1694974531.3624866,0.11538302898406982,-0.0277471411973238,-0.8595823645591736
1694974531.406166,0.11134906113147736,-0.01742144115269184,-0.8472014665603638
1694974531.449824,0.10796528309583664,-0.005932167172431946,-0.8348032236099243
1694974531.492962,0.10687793791294098,-0.004108909517526627,-0.8311044573783875
1694974531.5361946,0.10644492506980896,-0.0035825110971927643,-0.8291535377502441
1694974531.5782697,0.11250288039445877,-0.012248806655406952,-0.8369598984718323
1694974531.620377,0.12032843381166458,-0.026081053540110588,-0.8540205359458923
1694974531.6600027,0.12612715363502502,-0.03550521656870842,-0.8674861788749695
1694974531.7023058,0.13139410316944122,-0.04301566630601883,-0.8781279921531677
1694974531.7455156,0.13476407527923584,-0.04818561673164368,-0.8863933086395264
1694974531.787531,0.13845491409301758,-0.05389322340488434,-0.8985063433647156
1694974531.8298519,0.13906335830688477,-0.054786138236522675,-0.9002814292907715
1694974531.8734293,0.13913418352603912,-0.05530882254242897,-0.9007453322410583
1694974531.9145362,0.138717383146286,-0.05537642538547516,-0.9007979035377502
1694974531.959125,0.139303520321846,-0.05302196368575096,-0.9030313491821289
1694974532.0042012,0.13862796127796173,-0.04952796548604965,-0.9019941687583923
1694974532.0454597,0.1380467414855957,-0.04695950448513031,-0.8979840278625488
1694974532.0904884,0.13267366588115692,-0.044911909848451614,-0.8938990831375122
1694974532.1338603,0.13072200119495392,-0.04414588212966919,-0.8904275894165039
1694974532.1732335,0.1296616941690445,-0.04302594065666199,-0.8882342576980591
1694974532.2172935,0.12976844608783722,-0.04134005680680275,-0.8872422575950623
1694974532.2612815,0.13147692382335663,-0.04087524861097336,-0.8852592706680298
1694974532.3032591,0.1335555911064148,-0.04072444513440132,-0.8848268985748291
1694974532.343315,0.13631215691566467,-0.040928371250629425,-0.8847962617874146
1694974532.385393,0.14122915267944336,-0.04300237447023392,-0.8851625919342041
1694974532.425421,0.13988612592220306,-0.044701676815748215,-0.8871281743049622
1694974532.4695003,0.13878081738948822,-0.04639029875397682,-0.893162190914154
1694974532.509851,0.13732552528381348,-0.04880198463797569,-0.8957855105400085
1694974532.553874,0.12652930617332458,-0.030887767672538757,-0.8722265362739563
1694974532.596863,0.12528324127197266,-0.025540050119161606,-0.8660523295402527
1694974532.639861,0.12591752409934998,-0.025579441338777542,-0.867935061454773
1694974532.6834304,0.12565475702285767,-0.027080975472927094,-0.8720030188560486
1694974532.7266414,0.12504777312278748,-0.0321224145591259,-0.8779476881027222
1694974532.76944,0.11762075126171112,-0.02522360160946846,-0.8669599294662476
1694974532.8115091,0.11680389195680618,-0.024297082796692848,-0.8659219145774841
1694974532.85321,0.11466694623231888,-0.030456122010946274,-0.8771514892578125
1694974532.8946614,0.116703562438488,-0.03495803847908974,-0.8842001557350159
1694974532.93569,0.11975033581256866,-0.0386442095041275,-0.8884348273277283
1694974532.9766614,0.12244468927383423,-0.04170992225408554,-0.8916700482368469
1694974533.0182757,0.12212049216032028,-0.044997695833444595,-0.8947740197181702
1694974533.059362,0.11897744238376617,-0.049580760300159454,-0.9001299738883972
1694974533.09967,0.11933941394090652,-0.05014917999505997,-0.9006060361862183
1694974533.1422033,0.11798370629549026,-0.05041346698999405,-0.9001465439796448
1694974533.1842577,0.1157945841550827,-0.04991766810417175,-0.8985620141029358
1694974533.2252982,0.1136476993560791,-0.04873404651880264,-0.8957557678222656
1694974533.2673519,0.112594835460186,-0.04655083268880844,-0.8919869065284729
1694974533.3065605,0.1157650500535965,-0.0429854616522789,-0.8907098174095154
1694974533.349165,0.11314934492111206,-0.03229110315442085,-0.875003457069397
1694974533.391225,0.11026793718338013,-0.018539350479841232,-0.8510387539863586
1694974533.4353154,0.1138363927602768,-0.01966506615281105,-0.8517374396324158
1694974533.475997,0.11682795733213425,-0.025756414979696274,-0.8580313920974731
1694974533.5190947,0.11873319745063782,-0.03256166726350784,-0.8666635155677795
1694974533.5616648,0.12031899392604828,-0.041496291756629944,-0.8842668533325195
1694974533.605529,0.1196933165192604,-0.046697475016117096,-0.890939474105835
1694974533.64761,0.1195397824048996,-0.05042910948395729,-0.8963298797607422
1694974533.688125,0.12148509174585342,-0.05268323794007301,-0.8998578786849976
1694974533.727192,0.12154345214366913,-0.054889217019081116,-0.9048725366592407
1694974533.7688618,0.1207425519824028,-0.05553034693002701,-0.9060574769973755
1694974533.8095136,0.11898507177829742,-0.05519731715321541,-0.9062796235084534
1694974533.839848,0.11696396768093109,-0.054645441472530365,-0.9051664471626282
1694974533.8701556,0.11653729528188705,-0.05505213886499405,-0.9040096998214722
1694974533.8997111,0.11608866602182388,-0.05431682989001274,-0.9020208716392517
1694974533.931233,0.11659836024045944,-0.05379872769117355,-0.9001260995864868
1694974533.9598036,0.11856724321842194,-0.05305074155330658,-0.8984290957450867
1694974533.9895606,0.12140107154846191,-0.05146847665309906,-0.8964306116104126
1694974534.020145,0.12471625953912735,-0.04967489838600159,-0.8970503807067871
1694974534.053205,0.124775730073452,-0.04920129477977753,-0.8984236121177673
1694974534.0873456,0.12557628750801086,-0.04883294180035591,-0.9006295800209045
1694974534.1224315,0.12544582784175873,-0.04862334579229355,-0.9024779200553894
1694974534.1531436,0.12605403363704681,-0.048626817762851715,-0.9029260873794556
1694974534.1873066,0.12532290816307068,-0.04878583922982216,-0.9025028944015503
1694974534.2203836,0.1256878823041916,-0.04871983826160431,-0.9024450182914734
1694974534.254367,0.12628576159477234,-0.04922669380903244,-0.9017496109008789
1694974534.2879498,0.12759363651275635,-0.04971783235669136,-0.9019892811775208
1694974534.3216703,0.12646466493606567,-0.05095745995640755,-0.9026437401771545
1694974534.3552468,0.12596042454242706,-0.05163681507110596,-0.9020274877548218
1694974534.386913,0.12622660398483276,-0.0512365847826004,-0.9014599919319153
1694974534.4215038,0.12659022212028503,-0.0498584508895874,-0.9006052017211914
1694974534.455568,0.12702664732933044,-0.04791095852851868,-0.8991687297821045
1694974534.4892197,0.1271839588880539,-0.04556597024202347,-0.8962387442588806
1694974534.5204265,0.1272861510515213,-0.04408387839794159,-0.8952524662017822
1694974534.5559528,0.12736830115318298,-0.043868280947208405,-0.8945629596710205
1694974534.589509,0.12159287929534912,-0.032724231481552124,-0.8774119019508362
1694974534.623535,0.11882790178060532,-0.0281048770993948,-0.8718918561935425
1694974534.655713,0.11758466809988022,-0.027341466397047043,-0.8699691295623779
1694974534.6892698,0.11401911079883575,-0.019794177263975143,-0.8586524724960327
1694974534.7223654,0.11143849045038223,-0.013374898582696915,-0.8477515578269958
1694974534.7564142,0.109128937125206,-0.008979042991995811,-0.8387085199356079
1694974534.7920194,0.11150284111499786,-0.011192385107278824,-0.8384178280830383
1694974534.8235571,0.11021150648593903,-0.008851230144500732,-0.8347011804580688
1694974534.8576727,0.1115979552268982,-0.013508085161447525,-0.8388005495071411
1694974534.8902364,0.11121685802936554,-0.01140921376645565,-0.8358995318412781
1694974534.9238462,0.11080609261989594,-0.009267082437872887,-0.8323493599891663
1694974534.9575615,0.11534121632575989,-0.012753607705235481,-0.835526168346405
1694974534.989862,0.12038097530603409,-0.019053597003221512,-0.8436906337738037
1694974535.0239267,0.11911971122026443,-0.0172098558396101,-0.8435710668563843
1694974535.0571852,0.12210524082183838,-0.020379601046442986,-0.8498847484588623
1694974535.0903933,0.12472601234912872,-0.0255323126912117,-0.8582848310470581
1694974535.1249926,0.12229300290346146,-0.022392161190509796,-0.8554496765136719
1694974535.1575167,0.12396521866321564,-0.023782765492796898,-0.858474850654602
1694974535.1901684,0.1256108433008194,-0.02775023691356182,-0.863750159740448
1694974535.2251613,0.1268736869096756,-0.031978312879800797,-0.8699203729629517
1694974535.2576199,0.1282738894224167,-0.035267509520053864,-0.87885981798172
1694974535.2925975,0.12897548079490662,-0.037762004882097244,-0.8858246803283691
1694974535.326117,0.12887811660766602,-0.03954395651817322,-0.8888700604438782
1694974535.3583639,0.12685257196426392,-0.04075319319963455,-0.8931440114974976
1694974535.3899963,0.12597766518592834,-0.04161379486322403,-0.8967463970184326
1694974535.4270682,0.12562251091003418,-0.04178404435515404,-0.8977231383323669
1694974535.4582043,0.126103475689888,-0.04106071963906288,-0.8994709849357605
1694974535.4923973,0.12599879503250122,-0.04022224247455597,-0.8972386121749878
1694974535.5259612,0.12584145367145538,-0.038749776780605316,-0.8941181302070618
1694974535.5584862,0.12546876072883606,-0.03724067658185959,-0.8911949992179871
1694974535.5942476,0.12494786083698273,-0.03610524535179138,-0.8889139890670776
1694974535.6260674,0.1246400773525238,-0.03547248989343643,-0.8872456550598145
1694974535.6613073,0.12423308938741684,-0.034576378762722015,-0.885461688041687
1694974535.6951864,0.12452511489391327,-0.03431107848882675,-0.8840698003768921
1694974535.7302482,0.12464559078216553,-0.03471826761960983,-0.8831719756126404
1694974535.7635722,0.12519487738609314,-0.03589392453432083,-0.8830490112304688
1694974535.7968633,0.12100181728601456,-0.027304532006382942,-0.8697786331176758
1694974535.8289466,0.12127362191677094,-0.02401469089090824,-0.8648685812950134
1694974539.20427,-0.15671975910663605,-0.04170820489525795,-1.1847120523452759
1694974539.2753646,-0.17020009458065033,-0.05879979208111763,-1.1725959777832031
1694974539.3370166,-0.1626151204109192,-0.06675902009010315,-1.1514952182769775
1694974539.3952951,-0.16220979392528534,-0.06363888829946518,-1.1506882905960083
1694974539.4548674,-0.1573839634656906,-0.061468321830034256,-1.1611264944076538
1694974539.5204144,-0.1579875648021698,-0.06169427931308746,-1.1595051288604736
1694974539.585472,-0.15870332717895508,-0.0626828521490097,-1.1536340713500977
1694974539.6468487,-0.1559864729642868,-0.06069352105259895,-1.1599677801132202
1694974539.690047,-0.15778322517871857,-0.062159840017557144,-1.1579557657241821
1694974539.7346852,-0.16086021065711975,-0.06486175954341888,-1.1544283628463745
1694974539.776281,-0.16650418937206268,-0.06980618834495544,-1.1431357860565186
1694974539.8211803,-0.1749342828989029,-0.0742436870932579,-1.1296707391738892
1694974539.8628523,-0.1782996654510498,-0.07708628475666046,-1.1247535943984985
1694974539.9050152,-0.1797742396593094,-0.07889454811811447,-1.1215847730636597
1694974539.9513578,-0.17959877848625183,-0.08061662316322327,-1.1204200983047485
1694974539.991594,-0.1763698011636734,-0.08152975142002106,-1.1230192184448242
1694974540.036212,-0.17371243238449097,-0.08245363086462021,-1.1253085136413574
1694974540.079242,-0.1698288768529892,-0.08442027866840363,-1.1282572746276855
1694974540.1213145,-0.1673993319272995,-0.08489099144935608,-1.1299782991409302
1694974540.1645188,-0.1657228320837021,-0.08518879860639572,-1.1302895545959473
1694974540.205568,-0.16442684829235077,-0.08494265377521515,-1.129837989807129
1694974540.248866,-0.16191422939300537,-0.0847565159201622,-1.1290894746780396
1694974540.2933586,-0.16112278401851654,-0.0832882896065712,-1.128226399421692
1694974540.3378935,-0.16092365980148315,-0.08263996243476868,-1.1275134086608887
1694974540.3793454,-0.15995773673057556,-0.08155052363872528,-1.1276133060455322
1694974540.4204206,-0.16057175397872925,-0.08038608729839325,-1.1264597177505493
1694974540.462739,-0.1610652357339859,-0.0795883983373642,-1.1259106397628784
1694974540.5048127,-0.16210214793682098,-0.07936505228281021,-1.1256626844406128
1694974540.5470653,-0.16271358728408813,-0.07945244014263153,-1.1248929500579834
1694974540.5886035,-0.16362550854682922,-0.07957028597593307,-1.124840497970581
1694974540.6352212,-0.16438286006450653,-0.07974067330360413,-1.1239346265792847
1694974540.6775253,-0.16487056016921997,-0.07983095943927765,-1.1233394145965576
1694974540.7205677,-0.16523754596710205,-0.07970909029245377,-1.1228153705596924
1694974540.762406,-0.16482949256896973,-0.07945698499679565,-1.1245485544204712
1694974540.8057756,-0.16416651010513306,-0.07913251221179962,-1.1265789270401
1694974540.8491652,-0.1633514165878296,-0.0783642828464508,-1.1292049884796143
1694974540.8892138,-0.16274695098400116,-0.07797892391681671,-1.1294074058532715
1694974540.9303331,-0.16190779209136963,-0.07772405445575714,-1.1302400827407837
1694974540.9724398,-0.16126680374145508,-0.07803808152675629,-1.1308772563934326
1694974541.0164988,-0.16025862097740173,-0.07904921472072601,-1.13115656375885
1694974541.0576258,-0.15978561341762543,-0.07957757264375687,-1.130298376083374
1694974541.1018627,-0.15987522900104523,-0.0806259736418724,-1.1300820112228394
1694974541.1423914,-0.15989217162132263,-0.08115080744028091,-1.1295417547225952
1694974541.1844938,-0.1601448506116867,-0.08237846940755844,-1.1292247772216797
1694974541.2245514,-0.16061139106750488,-0.08288949728012085,-1.1289427280426025
1694974541.2670863,-0.1615363508462906,-0.08369970321655273,-1.1287028789520264
1694974541.3066826,-0.16276492178440094,-0.08435988426208496,-1.1279314756393433
1694974541.3489082,-0.16391989588737488,-0.0849713385105133,-1.126922607421875
1694974541.3890083,-0.16492785513401031,-0.08517923951148987,-1.1264944076538086
1694974541.432085,-0.1647772490978241,-0.08473370969295502,-1.127970814704895
1694974541.4731224,-0.16501572728157043,-0.08497083932161331,-1.1310125589370728
1694974541.524837,-0.16495859622955322,-0.0848408192396164,-1.1324561834335327
1694974541.5673714,-0.16529424488544464,-0.0848054513335228,-1.13337242603302
1694974541.6074016,-0.16554488241672516,-0.08517731726169586,-1.1345068216323853
1694974541.648974,-0.16596578061580658,-0.08522917330265045,-1.1345709562301636
1694974541.690035,-0.1659618765115738,-0.0849342793226242,-1.1339093446731567
1694974541.7341986,-0.16532514989376068,-0.08429613709449768,-1.133601188659668
1694974541.7742734,-0.16461654007434845,-0.08380265533924103,-1.133401870727539
1694974541.817357,-0.1636522114276886,-0.08427198231220245,-1.1338961124420166
1694974541.846426,-0.1640334129333496,-0.0847080871462822,-1.1327216625213623
1694974541.879865,-0.16419833898544312,-0.08480849862098694,-1.133047103881836
1694974541.9144948,-0.16440123319625854,-0.08509398996829987,-1.1335891485214233
1694974541.947615,-0.16473406553268433,-0.08530926704406738,-1.1340807676315308
1694974541.9823594,-0.16482041776180267,-0.0853118747472763,-1.1342735290527344
1694974542.014383,-0.1649072766304016,-0.08459097146987915,-1.1341373920440674
1694974542.047435,-0.16534453630447388,-0.08343001455068588,-1.1332323551177979
1694974542.0802293,-0.16578739881515503,-0.08216899633407593,-1.1324174404144287
1694974542.1150103,-0.16659808158874512,-0.08095093071460724,-1.1309311389923096
1694974542.1479588,-0.167106494307518,-0.07974573224782944,-1.1300402879714966
1694974542.1827524,-0.16771309077739716,-0.07886911928653717,-1.1282546520233154
1694974542.214188,-0.16802990436553955,-0.0779775083065033,-1.128446102142334
1694974542.246891,-0.16785117983818054,-0.0772167295217514,-1.1295424699783325
1694974542.283125,-0.16779975593090057,-0.07679028809070587,-1.1299607753753662
1694974542.3173916,-0.1674271821975708,-0.07659082859754562,-1.1304641962051392
1694974542.363497,-0.16729094088077545,-0.07670960575342178,-1.1310089826583862
1694974542.3928761,-0.16722141206264496,-0.0768221765756607,-1.1305168867111206
1694974542.422375,-0.16702380776405334,-0.07698546350002289,-1.1302518844604492
1694974542.4533975,-0.16710078716278076,-0.07731405645608902,-1.1296775341033936
1694974542.482441,-0.16728690266609192,-0.07759018242359161,-1.1293011903762817
1694974542.5145652,-0.16773343086242676,-0.0780934989452362,-1.128553867340088
1694974542.5506237,-0.16800770163536072,-0.07877348363399506,-1.1283683776855469
1694974542.5838811,-0.1681336909532547,-0.07914477586746216,-1.1278594732284546
1694974542.6157243,-0.168349951505661,-0.07915894687175751,-1.127110481262207
1694974542.6504023,-0.16835735738277435,-0.07930560410022736,-1.1277178525924683
1694974542.6824138,-0.16764357686042786,-0.07917092740535736,-1.1299315690994263
1694974542.7169366,-0.16704370081424713,-0.07930898666381836,-1.131818175315857
1694974542.7519186,-0.16679617762565613,-0.07939796894788742,-1.1330288648605347
1694974542.7843716,-0.16647160053253174,-0.0796142965555191,-1.1342768669128418
1694974542.8171256,-0.16646331548690796,-0.0798017829656601,-1.1344332695007324
1694974542.8511853,-0.16655761003494263,-0.07977312803268433,-1.1340727806091309
1694974542.8822594,-0.1670113056898117,-0.07962523400783539,-1.1331455707550049
1694974542.9168265,-0.1670072376728058,-0.07929450273513794,-1.1329766511917114
1694974542.9499292,-0.16676634550094604,-0.0789358913898468,-1.1336520910263062
1694974542.9845183,-0.1666366457939148,-0.07856930792331696,-1.1344027519226074
1694974543.0170946,-0.1663767695426941,-0.07824428379535675,-1.1346640586853027
1694974543.0501747,-0.16609548032283783,-0.07821012288331985,-1.1342005729675293
1694974543.085008,-0.16571199893951416,-0.07840509712696075,-1.133968710899353
1694974543.1185722,-0.16583043336868286,-0.07870948314666748,-1.133266806602478
1694974543.152398,-0.1659470647573471,-0.07862618565559387,-1.1334540843963623
1694974543.1859484,-0.16630978882312775,-0.07891620695590973,-1.132888674736023
1694974543.219482,-0.16658686101436615,-0.07891344279050827,-1.1324996948242188
1694974543.2522502,-0.16680489480495453,-0.07882857322692871,-1.1321065425872803
1694974543.2867827,-0.16660726070404053,-0.07885342091321945,-1.1324472427368164
1694974543.3192542,-0.16657093167304993,-0.07911209762096405,-1.132718801498413
1694974543.3523908,-0.1661199927330017,-0.07905502617359161,-1.133731484413147
1694974543.385934,-0.16578730940818787,-0.07926420867443085,-1.1345643997192383
1694974543.418489,-0.16552823781967163,-0.07902337610721588,-1.1347614526748657
1694974543.4530857,-0.1651347130537033,-0.07868090271949768,-1.1340000629425049
1694974543.5214684,-0.1645616888999939,-0.07784312218427658,-1.1331942081451416
1694974543.553042,-0.16511735320091248,-0.07778634876012802,-1.1313201189041138
1694974543.5873866,-0.1657361388206482,-0.07775146514177322,-1.130955457687378
1694974543.619864,-0.16646192967891693,-0.07801100611686707,-1.1310009956359863
1694974543.6665716,-0.16683055460453033,-0.07828277349472046,-1.1305968761444092
1694974543.7071457,-0.16708548367023468,-0.07841800153255463,-1.1307640075683594
1694974543.748871,-0.16725841164588928,-0.0783829391002655,-1.1307190656661987
1694974543.7905262,-0.16797563433647156,-0.07857975363731384,-1.130128026008606
1694974543.8336523,-0.16880130767822266,-0.07805345952510834,-1.1304200887680054
1694974543.8633559,-0.16804321110248566,-0.07751999795436859,-1.1307408809661865
1694974543.8949237,-0.16754557192325592,-0.07772107422351837,-1.1309820413589478
1694974543.92641,-0.16730578243732452,-0.07783520221710205,-1.1314668655395508
1694974543.957442,-0.16676759719848633,-0.0778745710849762,-1.1308614015579224
1694974543.9884968,-0.16643770039081573,-0.07779736816883087,-1.1308180093765259
1694974544.0223737,-0.16635705530643463,-0.07805323600769043,-1.1308513879776
1694974544.0566146,-0.16593343019485474,-0.07798776030540466,-1.1299026012420654
1694974544.0922322,-0.1662258356809616,-0.07820501178503036,-1.1289209127426147
1694974544.1237853,-0.1667046844959259,-0.07814006507396698,-1.1285600662231445
1694974544.1564212,-0.16651737689971924,-0.07799436151981354,-1.1281218528747559
1694974544.1913807,-0.16568663716316223,-0.0776115208864212,-1.1283795833587646
1694974544.2239802,-0.16493096947669983,-0.07742461562156677,-1.1278033256530762
1694974544.2580574,-0.16442695260047913,-0.07728224992752075,-1.1286805868148804
1694974544.2921271,-0.16482897102832794,-0.07738438993692398,-1.1282198429107666
1694974547.58756,0.12731903791427612,0.06771890819072723,-1.505387544631958
1694974547.6588497,0.14059868454933167,0.06454943120479584,-1.5062772035598755
1694974547.717242,0.1622641682624817,0.0818118304014206,-1.5232775211334229
1694974547.7734802,0.1652860939502716,0.07511769235134125,-1.5173135995864868
1694974547.8315775,0.1663709431886673,0.0705634355545044,-1.5175937414169312
1694974547.8761885,0.16851967573165894,0.06260575354099274,-1.5194509029388428
1694974547.920245,0.1719619631767273,0.05897814780473709,-1.5204402208328247
1694974547.9663584,0.17491114139556885,0.057911165058612823,-1.520925521850586
1694974548.0079257,0.17730116844177246,0.05853201448917389,-1.518018126487732
1694974548.0515494,0.1762646585702896,0.06171936169266701,-1.5163196325302124
1694974548.0955372,0.17545944452285767,0.0638284832239151,-1.5152251720428467
1694974548.1425812,0.17881225049495697,0.06377267092466354,-1.5162240266799927
1694974548.1864917,0.1801779717206955,0.061850666999816895,-1.5183111429214478
1694974548.229824,0.18148328363895416,0.06046460568904877,-1.517055630683899
1694974548.2739356,0.1846425086259842,0.06227728724479675,-1.5077688694000244
1694974548.316531,0.18727651238441467,0.06413508951663971,-1.5017307996749878
1694974548.3623612,0.19076375663280487,0.06392733752727509,-1.4969513416290283
1694974548.4043748,0.1950364112854004,0.06355766952037811,-1.493535041809082
1694974548.4498801,0.20259274542331696,0.06243671104311943,-1.4894540309906006
1694974548.4913704,0.20673762261867523,0.06413443386554718,-1.4799998998641968
1694974548.535478,0.20890875160694122,0.06747691333293915,-1.4687292575836182
1694974548.577554,0.20979762077331543,0.07162198424339294,-1.453118920326233
1694974548.6216888,0.20845353603363037,0.07384166121482849,-1.4471672773361206
1694974548.6650462,0.20740726590156555,0.07489939033985138,-1.4430437088012695
1694974548.7066402,0.20679287612438202,0.07472418993711472,-1.441209316253662
1694974548.7472074,0.2060127705335617,0.074922114610672,-1.4391148090362549
1694974548.7882905,0.20505014061927795,0.07320033013820648,-1.4445786476135254
1694974548.833884,0.20280076563358307,0.07163886725902557,-1.4492298364639282
1694974548.8743763,0.1998833417892456,0.06907456368207932,-1.4537776708602905
1694974548.9194226,0.19511206448078156,0.0636301040649414,-1.4614510536193848
1694974548.9599812,0.19281943142414093,0.06010385975241661,-1.464853286743164
1694974549.003569,0.18916022777557373,0.05904275178909302,-1.4685438871383667
1694974549.0437162,0.17876124382019043,0.05833379551768303,-1.4727814197540283
1694974549.0864038,0.1735667586326599,0.05786098539829254,-1.4757955074310303
1694974549.1290593,0.1689118593931198,0.0572747141122818,-1.4774857759475708
1694974549.170611,0.1615062952041626,0.059046391397714615,-1.475469708442688
1694974549.212341,0.1449136584997177,0.05865398049354553,-1.4745572805404663
1694974549.2555656,0.13602189719676971,0.05910296365618706,-1.469482660293579
1694974549.297593,0.12826788425445557,0.06064264103770256,-1.465897798538208
1694974549.3389115,0.12361951172351837,0.059122100472450256,-1.4674632549285889
1694974549.3814805,0.11473293602466583,0.05284551903605461,-1.4771125316619873
1694974549.4232082,0.10974182188510895,0.04839160665869713,-1.4853299856185913
1694974549.4644012,0.10462647676467896,0.04400770738720894,-1.4953213930130005
1694974549.5064645,0.0922745019197464,0.04055394232273102,-1.5082288980484009
1694974549.5530698,0.08552408218383789,0.04157760739326477,-1.5170438289642334
1694974549.592655,0.07747098803520203,0.042200878262519836,-1.5257152318954468
1694974549.6368902,0.0706513524055481,0.041722577065229416,-1.5313693284988403
1694974549.6764946,0.06580334156751633,0.03961776942014694,-1.5368762016296387
1694974549.7213771,0.05729438737034798,0.034066248685121536,-1.5495389699935913
1694974549.7614865,0.05419635400176048,0.029656197875738144,-1.5529385805130005
1694974549.8040645,0.050926752388477325,0.026246067136526108,-1.555889368057251
1694974549.8453755,0.04534680396318436,0.020883403718471527,-1.561540126800537
1694974549.8862998,0.04500585049390793,0.019137918949127197,-1.5622820854187012
1694974549.9265378,0.04493324086070061,0.018070194870233536,-1.5634411573410034
1694974549.9701715,0.04510803148150444,0.017524220049381256,-1.5657941102981567
1694974550.0152392,0.04407242685556412,0.018709655851125717,-1.574301838874817
1694974550.0563598,0.04674792289733887,0.02021157741546631,-1.58102285861969
1694974550.0994363,0.049861177802085876,0.02115870639681816,-1.5868573188781738
1694974550.1385596,0.0526033490896225,0.022801578044891357,-1.589637041091919
1694974550.181591,0.056520454585552216,0.028455670922994614,-1.5922034978866577
1694974550.2216215,0.056397635489702225,0.033096782863140106,-1.589475393295288
1694974550.261693,0.0575273334980011,0.037714358419179916,-1.5853943824768066
1694974550.3022695,0.059332020580768585,0.041819941252470016,-1.5781668424606323
1694974550.3424082,0.06055815517902374,0.0451602004468441,-1.57228684425354
1694974550.3824391,0.0674768015742302,0.04696184769272804,-1.5695490837097168
1694974550.4230402,0.07149644941091537,0.04729389771819115,-1.569785475730896
1694974550.4643633,0.07444844394922256,0.048838578164577484,-1.5700352191925049
1694974550.5073833,0.07739190012216568,0.049905989319086075,-1.5679740905761719
1694974550.548452,0.08529383689165115,0.053856562823057175,-1.5548988580703735
1694974550.5915492,0.08964841812849045,0.05852774158120155,-1.5407724380493164
1694974550.6339877,0.09498478472232819,0.06267426908016205,-1.5308841466903687
1694974550.6765397,0.10190412402153015,0.06824377179145813,-1.5193837881088257
1694974550.7185972,0.11498045176267624,0.08099697530269623,-1.4875571727752686
1694974550.7612288,0.11999589949846268,0.09179577231407166,-1.4650328159332275
1694974550.80436,0.12423142790794373,0.10217303037643433,-1.4443095922470093
1694974550.8349247,0.12721550464630127,0.11003933846950531,-1.4314426183700562
1694974550.8641362,0.12756186723709106,0.11576288938522339,-1.4214919805526733
1694974550.8943627,0.1315809190273285,0.11743868887424469,-1.4095262289047241
1694974550.9243777,0.1328604519367218,0.119253009557724,-1.3973742723464966
1694974550.9543688,0.13194559514522552,0.12238405644893646,-1.3854613304138184
1694974550.9859345,0.12886428833007812,0.1269802302122116,-1.371785044670105
1694974551.0136015,0.1236756443977356,0.13173793256282806,-1.3602395057678223
1694974551.046391,0.11750903725624084,0.13547015190124512,-1.3494175672531128
1694974551.078958,0.11009164154529572,0.13749775290489197,-1.336613416671753
1694974551.1125898,0.10193870961666107,0.13517525792121887,-1.3244572877883911
1694974551.1466165,0.09440238028764725,0.1305345892906189,-1.3093483448028564
1694974551.1797988,0.08855821192264557,0.12712150812149048,-1.2910549640655518
1694974551.2128718,0.08375497162342072,0.12434780597686768,-1.2766687870025635
1694974551.246976,0.07108286023139954,0.1331821084022522,-1.253529667854309
1694974551.2803957,0.05763090401887894,0.13794469833374023,-1.2322616577148438
1694974551.313339,0.04563020169734955,0.13620871305465698,-1.2132490873336792
1694974551.3474205,0.03738067299127579,0.12984135746955872,-1.1976919174194336
1694974551.3806038,0.03364010900259018,0.11926500499248505,-1.187759280204773
1694974551.414688,0.03316891938447952,0.10189603269100189,-1.1824109554290771
1694974551.448762,0.03525259345769882,0.07934559136629105,-1.1806950569152832
1694974551.4803154,0.039856184273958206,0.055783260613679886,-1.181092381477356
1694974551.5143936,0.04508592188358307,0.032414473593235016,-1.1811541318893433
1694974551.546792,0.05149708688259125,0.012218724936246872,-1.1790448427200317
1694974551.580352,0.05949549004435539,-0.0047210343182086945,-1.1759721040725708
1694974551.6160038,0.06788114458322525,-0.018523186445236206,-1.1720494031906128
1694974551.6488714,0.07532453536987305,-0.030375637114048004,-1.1683034896850586
1694974551.6827896,0.08069317042827606,-0.03790027275681496,-1.1631144285202026
1694974551.7167196,0.08507129549980164,-0.04087907075881958,-1.1577030420303345
1694974551.7478046,0.0897986963391304,-0.04136741906404495,-1.152251124382019
1694974551.7818565,0.0959397703409195,-0.04001785069704056,-1.148169755935669
1694974551.8149333,0.10243713110685349,-0.03963986411690712,-1.1549415588378906
1694974551.8486493,0.10820481926202774,-0.03697977215051651,-1.1626075506210327
1694974551.8801115,0.11258325725793839,-0.033631809055805206,-1.166029930114746
1694974551.9157166,0.11561989039182663,-0.0317886620759964,-1.1673550605773926
1694974551.948738,0.11756972968578339,-0.02815474383533001,-1.1608814001083374
1694974551.9827924,0.11837132275104523,-0.027714909985661507,-1.163492202758789
1694974552.0193284,0.11824922263622284,-0.026373321190476418,-1.1675019264221191
1694974552.0504394,0.11676298826932907,-0.024824071675539017,-1.1703113317489624
1694974552.082866,0.11355260759592056,-0.022574614733457565,-1.1745476722717285
1694974552.1172397,0.11038576811552048,-0.022184856235980988,-1.1793887615203857
1694974552.1513472,0.10682707279920578,-0.021258123219013214,-1.1801564693450928
1694974552.1822803,0.10413604229688644,-0.018892943859100342,-1.182307481765747
1694974552.216405,0.10233771055936813,-0.013568151742219925,-1.1794050931930542
1694974552.2503943,0.10143085569143295,-0.007984470576047897,-1.1728435754776
1694974552.2851067,0.10130752623081207,-0.0032089408487081528,-1.1660715341567993
1694974552.316326,0.1018654853105545,-0.00026729516685009,-1.1590909957885742
1694974552.3501544,0.10317593812942505,0.0010148268193006516,-1.1545963287353516
1694974552.3862326,0.10516908019781113,0.0011016428470611572,-1.1530407667160034
1694974552.4171274,0.10780198127031326,0.0024512875825166702,-1.1531388759613037
1694974552.459697,0.10934598743915558,0.0017029289156198502,-1.1605567932128906
1694974552.489268,0.11063419282436371,0.0013635698705911636,-1.1679033041000366
1694974552.517823,0.11129333078861237,0.0004546940326690674,-1.175102710723877
1694974552.551599,0.11132234334945679,-0.000617537647485733,-1.1807886362075806
1694974552.5852325,0.11109936982393265,-0.0010304395109415054,-1.1849311590194702
1694974552.6192963,0.11107663810253143,-0.0025869645178318024,-1.188655138015747
1694974552.6659918,0.11093274503946304,-0.0031156837940216064,-1.1902658939361572
1694974552.7055943,0.11080244183540344,-0.002344466745853424,-1.1892738342285156
1694974552.748733,0.11099477112293243,-0.0019295886158943176,-1.187713623046875
1694974552.7933054,0.11087772995233536,-0.001698991283774376,-1.186881422996521
1694974554.9324026,0.10606590658426285,-0.015017509460449219,-1.1823674440383911
1694974554.9800365,0.11396471410989761,-0.013623429462313652,-1.1735352277755737
1694974555.0170758,0.11072760075330734,-0.008078139275312424,-1.189082145690918
1694974555.0581641,0.10956121981143951,-0.01022188737988472,-1.1951640844345093
1694974555.1001174,0.11039625853300095,-0.01067093014717102,-1.1980351209640503
1694974555.1458073,0.11476947367191315,-0.008204085752367973,-1.1866357326507568
1694974555.1925364,0.11310091614723206,-0.009327732026576996,-1.1879373788833618
1694974555.2465742,0.11794967949390411,-0.007439762353897095,-1.1810269355773926
1694974555.310644,0.11600229889154434,-0.008525820448994637,-1.185642123222351
1694974555.3757079,0.11229810863733292,-0.01275787316262722,-1.1945135593414307
1694974555.441533,0.11035901308059692,-0.013141851872205734,-1.196545124053955
1694974555.487512,0.10981043428182602,-0.009923810139298439,-1.1951186656951904
1694974555.531761,0.1112002283334732,-0.00756077840924263,-1.195305347442627
1694974555.5755527,0.11218799650669098,-0.00430426187813282,-1.1927927732467651
1694974555.620151,0.11213533580303192,-0.003702038899064064,-1.1894328594207764
1694974555.6675067,0.1110416129231453,-0.004178876057267189,-1.1830320358276367
1694974555.7085621,0.11080697178840637,-0.00470389612019062,-1.1809978485107422
1694974555.7519126,0.11503423750400543,-0.006558341905474663,-1.1775940656661987
1694974555.792471,0.1144174337387085,-0.0061668455600738525,-1.1785361766815186
1694974555.8364046,0.11973213404417038,-0.007960565388202667,-1.1762778759002686
1694974555.8789818,0.12317981570959091,-0.01059122197329998,-1.1772857904434204
1694974555.9201062,0.1264180839061737,-0.013519879430532455,-1.179541826248169
1694974555.961526,0.12883175909519196,-0.01583627611398697,-1.1814196109771729
1694974556.004515,0.13240866363048553,-0.019139016047120094,-1.1839793920516968
1694974556.0440826,0.1287696659564972,-0.014178324490785599,-1.178135871887207
1694974556.0871396,0.12952029705047607,-0.010964518412947655,-1.1745647192001343
1694974556.12786,0.13032656908035278,-0.009367335587739944,-1.172953486442566
1694974556.1698685,0.1283165067434311,-0.00859120488166809,-1.1820188760757446
1694974556.2113354,0.12494915723800659,-0.008467676118016243,-1.1879222393035889
1694974556.2535129,0.12190448492765427,-0.0080101378262043,-1.1897366046905518
1694974556.2943125,0.12294133007526398,-0.006528377532958984,-1.186028003692627
1694974556.3361232,0.11999908834695816,-0.006511356681585312,-1.1837984323501587
1694974556.3767548,0.1184752956032753,-0.007137777283787727,-1.1846940517425537
1694974556.4198308,0.11737153679132462,-0.0091591477394104,-1.190969705581665
1694974556.4624074,0.11639923602342606,-0.010839985683560371,-1.1964846849441528
1694974556.5027835,0.11558213829994202,-0.011462133377790451,-1.2022414207458496
1694974556.544377,0.11492380499839783,-0.010735007002949715,-1.2005720138549805
1694974556.5863943,0.11465375870466232,-0.009599221870303154,-1.1998671293258667
1694974556.6273193,0.11752912402153015,-0.006512707099318504,-1.1948176622390747
1694974556.6715446,0.11516490578651428,-0.003041774034500122,-1.1859357357025146
1694974556.714289,0.11354931443929672,-0.002273501828312874,-1.1792913675308228
1694974556.7565074,0.11296530067920685,-0.00034760311245918274,-1.173302173614502
1694974556.7977285,0.11626538634300232,-0.0019030701369047165,-1.17044997215271
1694974556.8412893,0.11584009230136871,-0.001800037920475006,-1.1756610870361328
1694974556.8855176,0.1155773252248764,-0.002338312566280365,-1.1795562505722046
1694974556.9262702,0.11561652272939682,-0.002220386639237404,-1.1808803081512451
1694974556.9684021,0.1159633919596672,-0.0025596637278795242,-1.1806237697601318
1694974557.010065,0.11482405662536621,-0.004945917055010796,-1.1780506372451782
1694974557.0512202,0.11420069634914398,-0.007846212014555931,-1.182087779045105
1694974557.0922842,0.11371077597141266,-0.009669648483395576,-1.184244155883789
1694974557.1343448,0.11350815743207932,-0.009772270917892456,-1.18397057056427
1694974557.1731315,0.11290515959262848,-0.012024762108922005,-1.1885266304016113
1694974557.2147217,0.11634422838687897,-0.012658381834626198,-1.185205340385437
1694974557.254295,0.11583684384822845,-0.0130216795951128,-1.1865150928497314
1694974557.2961965,0.11603260040283203,-0.012544907629489899,-1.1871892213821411
1694974557.3362663,0.11594463139772415,-0.011523362249135971,-1.1842161417007446
1694974557.3763247,0.115146704018116,-0.009027790278196335,-1.1761482954025269
1694974557.4194112,0.11437517404556274,-0.005646508187055588,-1.169377088546753
1694974557.448472,0.11374148726463318,-0.0039009936153888702,-1.1643186807632446
1694974557.4792807,0.1130865216255188,-0.0023188553750514984,-1.1609594821929932
1694974557.5078504,0.11283194273710251,-0.0005106348544359207,-1.1589876413345337
1694974557.536923,0.11286185681819916,0.0001994539052248001,-1.1582612991333008
1694974557.569473,0.11288167536258698,0.00018227286636829376,-1.158852219581604
1694974557.602571,0.11279502511024475,-0.00027861446142196655,-1.15963613986969
1694974557.635635,0.11254966259002686,-0.0013900157064199448,-1.1635231971740723
1694974557.6702075,0.11233129352331161,-0.0032169707119464874,-1.168222188949585
1694974557.704287,0.11206968128681183,-0.004870360717177391,-1.1722418069839478
1694974557.7368348,0.11177776008844376,-0.0066387467086315155,-1.1777573823928833
1694974557.7698698,0.11136830598115921,-0.008630383759737015,-1.1843470335006714
1694974557.8023758,0.11094396561384201,-0.010058045387268066,-1.1906436681747437
1694974557.836401,0.1104748398065567,-0.011069143190979958,-1.195218801498413
1694974557.869974,0.10996303707361221,-0.011654293164610863,-1.1981761455535889
1694974557.9025593,0.10959044843912125,-0.011624710634350777,-1.1987611055374146
1694974557.9366548,0.10945858806371689,-0.01048540510237217,-1.1959553956985474
1694974557.9712167,0.10938646644353867,-0.0092316884547472,-1.1922138929367065
1694974558.0057824,0.10899434983730316,-0.007564477622509003,-1.1872602701187134
1694974558.0373528,0.10907167196273804,-0.006579350680112839,-1.1839481592178345
1694974558.0712519,0.10914970934391022,-0.007858306169509888,-1.1851000785827637
1694974558.1033187,0.10930148512125015,-0.008884809911251068,-1.1863905191421509
1694974558.1393883,0.10963360965251923,-0.009794743731617928,-1.188854694366455
1694974558.170466,0.10962197184562683,-0.010357728227972984,-1.1895084381103516
1694974558.20512,0.10940174758434296,-0.010090559720993042,-1.1880849599838257
1694974558.2366564,0.10905170440673828,-0.008828384801745415,-1.1856958866119385
1694974558.2698708,0.1089523658156395,-0.008211832493543625,-1.1827138662338257
1694974558.304913,0.10867882519960403,-0.007643880322575569,-1.1808018684387207
1694974558.3384519,0.10873168706893921,-0.006730150431394577,-1.1788523197174072
1694974558.3725574,0.10889531672000885,-0.005588671192526817,-1.1768133640289307
1694974558.4046097,0.10881157964468002,-0.004830539226531982,-1.174551010131836
1694974558.4387858,0.10883501917123795,-0.005104007199406624,-1.1755181550979614
1694974558.472539,0.10882095247507095,-0.006763901561498642,-1.1796342134475708
1694974558.5051644,0.10896201431751251,-0.007873686030507088,-1.1819405555725098
1694974558.5387053,0.10933905839920044,-0.00823267176747322,-1.1833854913711548
1694974558.5724366,0.10965043306350708,-0.008302610367536545,-1.1832103729248047
1694974558.6048865,0.11011455953121185,-0.009150352329015732,-1.1857037544250488
1694974558.6413803,0.11068911850452423,-0.008993512019515038,-1.1859283447265625
1694974558.6729388,0.11114034801721573,-0.008619099855422974,-1.1846091747283936
1694974558.706514,0.11116769909858704,-0.008278585970401764,-1.1819576025009155
1694974558.738846,0.11136134713888168,-0.007980961352586746,-1.1784526109695435
1694974558.7736251,0.11146073043346405,-0.007254451513290405,-1.174707293510437
1694974558.8067644,0.11190474033355713,-0.007577776908874512,-1.176897406578064
1694974558.8403456,0.11244068294763565,-0.007607890293002129,-1.1785305738449097
1694974558.8749027,0.11290954053401947,-0.007456876337528229,-1.1808149814605713
1694974558.906498,0.11318300664424896,-0.007698090746998787,-1.182846188545227
1694974558.9398577,0.1131400391459465,-0.0074357688426971436,-1.1847862005233765
1694974558.9744012,0.11291660368442535,-0.007457321509718895,-1.186914086341858
1694974559.0073967,0.11226626485586166,-0.0069376155734062195,-1.187913417816162
1694974559.0423834,0.11131033301353455,-0.00715215690433979,-1.1892104148864746
1694974559.0734382,0.11055852472782135,-0.007729673758149147,-1.1903287172317505
1694974559.1075008,0.1096808984875679,-0.008700963109731674,-1.191365361213684
1694974559.1405976,0.10939443111419678,-0.009724903851747513,-1.1918785572052002
1694974559.1747591,0.10941241681575775,-0.010774917900562286,-1.190678596496582
1694974559.207821,0.10930902510881424,-0.011843916028738022,-1.1902953386306763
1694974559.2554526,0.10922425985336304,-0.012059355154633522,-1.1899281740188599
1694974559.3005247,0.10925482958555222,-0.012046998366713524,-1.1900763511657715
1694974559.3424366,0.10906936228275299,-0.011954642832279205,-1.1904830932617188
1694974559.3865485,0.10893096774816513,-0.0123502928763628,-1.1926268339157104
1694974559.427063,0.10906224697828293,-0.01185462437570095,-1.1936761140823364
1694974559.4589033,0.10893581807613373,-0.010656611993908882,-1.1941523551940918
1694974559.4903986,0.10828607529401779,-0.007862679660320282,-1.1922606229782104
1694974559.521615,0.10798861086368561,-0.005344301462173462,-1.1895414590835571
1694974559.5522916,0.10762462019920349,-0.003761453554034233,-1.1869515180587769
1694974559.5833895,0.10690145194530487,-0.001324797049164772,-1.1832218170166016
1694974559.615277,0.10653772205114365,0.00014463253319263458,-1.1814517974853516
1694974559.646881,0.10669384896755219,-8.637271821498871e-05,-1.1815310716629028
1694974559.679567,0.10639466345310211,0.00023680739104747772,-1.182008147239685
1694974559.7122788,0.10633818060159683,-0.0004738476127386093,-1.184270977973938
1694974559.7443233,0.10632104426622391,-0.0004094894975423813,-1.1870977878570557
1694974559.778476,0.10625995695590973,0.0005910620093345642,-1.1887280941009521
1694974559.8134072,0.10632850229740143,0.002122456207871437,-1.189343810081482
1694974559.846867,0.10666950792074203,0.002454834058880806,-1.191144585609436
1694974559.878423,0.10733087360858917,0.0018821116536855698,-1.1920090913772583
1694974559.9128728,0.10729116201400757,0.0016161929816007614,-1.1920442581176758
1694974559.9455206,0.10789629071950912,0.0006677377969026566,-1.1921911239624023
1694974559.978782,0.10847161710262299,0.0010977424681186676,-1.190774917602539
1694974560.0123625,0.10939345508813858,0.0007664989680051804,-1.1903475522994995
1694974560.047126,0.11029709875583649,-6.057322025299072e-06,-1.1901962757110596
1694974560.080715,0.11081572622060776,-0.00010706111788749695,-1.1887099742889404
1694974560.1125495,0.11111670732498169,-0.00012627430260181427,-1.187757134437561
Distance top: 0.3012972413147149
Distance right: 0.2825680940384192
Center: [ 0.11306202 -1.18487236]
metaphor: pull
guidance_approach: worst_axis
intensity: zone
layout: horizontal
Target location: [-0.10176434 -0.98914541]
Theta: 49.48748216629212
1694974566.8739648,0.08553150296211243,0.028933240100741386,-1.144087314605713
1694974566.9400475,0.08244577795267105,0.0343925841152668,-1.1463074684143066
1694974567.0143445,0.08125750720500946,0.03445000946521759,-1.1486356258392334
1694974567.0778608,0.08148644864559174,0.03366829827427864,-1.1521059274673462
1694974567.1483858,0.0818653255701065,0.03350545093417168,-1.1545138359069824
1694974567.2242186,0.07801312208175659,0.0384838692843914,-1.153195858001709
1694974567.2694883,0.07594393193721771,0.04290330782532692,-1.1515851020812988
1694974567.312554,0.07593756914138794,0.041672855615615845,-1.1513264179229736
1694974567.3576412,0.0770917683839798,0.03818393498659134,-1.151552677154541
1694974567.4017193,0.07748322188854218,0.03614916652441025,-1.1516520977020264
1694974567.4429579,0.07677144557237625,0.03865541145205498,-1.1506961584091187
1694974567.4888732,0.07648426294326782,0.04096129164099693,-1.1501187086105347
1694974567.5323792,0.07596804946660995,0.04306482523679733,-1.149778962135315
1694974567.576437,0.08980602771043777,0.029571348801255226,-1.154603123664856
1694974567.621408,0.0959814116358757,0.024592814967036247,-1.1552611589431763
1694974567.6644547,0.10218098014593124,0.022355875000357628,-1.153539776802063
1694974567.7082667,0.11029726266860962,0.016880959272384644,-1.155134916305542
1694974567.7523496,0.11064668744802475,0.016540803015232086,-1.1547083854675293
1694974567.7944255,0.1102801263332367,0.014926623553037643,-1.1550970077514648
1694974567.8364575,0.10938096791505814,0.01362384669482708,-1.155287504196167
1694974567.8775797,0.1097131073474884,0.00927818939089775,-1.1581319570541382
1694974567.9198704,0.10983708500862122,0.007609276100993156,-1.159926176071167
1694974567.9632547,0.10904966294765472,0.006855864077806473,-1.159571647644043
1694974568.007862,0.10772579908370972,0.005586419254541397,-1.1587024927139282
1694974568.0494359,0.1074233427643776,0.0037446189671754837,-1.156985878944397
1694974568.0931976,0.10763926059007645,0.0047883689403533936,-1.1544358730316162
1694974568.1378243,0.10402455925941467,0.005842745304107666,-1.155289888381958
1694974568.182369,0.10502579808235168,0.007119351997971535,-1.1501178741455078
1694974568.2240787,0.1024445965886116,0.010048843920230865,-1.1474469900131226
1694974568.267163,0.10060640424489975,0.011038867756724358,-1.146344780921936
1694974568.3064888,0.10183064639568329,0.01034209318459034,-1.1446101665496826
1694974568.3483632,0.10448582470417023,0.007005339488387108,-1.144779920578003
1694974568.3923848,0.10663169622421265,0.003922255709767342,-1.1470850706100464
1694974568.4343827,0.10866942256689072,0.0016515664756298065,-1.1483920812606812
1694974568.4778767,0.11113773286342621,-0.001740509644150734,-1.149998664855957
1694974568.5213645,0.10749109834432602,0.0037359539419412613,-1.1468579769134521
1694974568.5613334,0.10566698014736176,0.005397440865635872,-1.146622896194458
1694974568.6036189,0.1042366698384285,0.006420468911528587,-1.146457314491272
1694974568.6465774,0.10600166767835617,0.008670734241604805,-1.1427218914031982
1694974568.686814,0.10647819191217422,0.009467177093029022,-1.1421233415603638
1694974568.7278435,0.1067773625254631,0.009591370820999146,-1.1420334577560425
1694974568.768404,0.10704950988292694,0.008631806820631027,-1.1427448987960815
1694974568.8093998,0.10602322220802307,0.012099800631403923,-1.1412944793701172
1694974568.851413,0.10657469183206558,0.017111698165535927,-1.1364344358444214
1694974568.8924823,0.10784534364938736,0.016066953539848328,-1.1353617906570435
1694974568.9363694,0.10491909086704254,0.018306758254766464,-1.1351820230484009
1694974568.9764814,0.1043282300233841,0.018688613548874855,-1.1359275579452515
1694974569.0197241,0.10324127972126007,0.020263470709323883,-1.1381596326828003
1694974569.0603294,0.10323016345500946,0.02061319909989834,-1.1413394212722778
1694974569.1039069,0.10271286219358444,0.018825814127922058,-1.1432753801345825
1694974569.1458275,0.10420136153697968,0.01723671890795231,-1.1420681476593018
1694974569.1865077,0.10496889799833298,0.013901447877287865,-1.141767144203186
1694974569.2268825,0.10315768420696259,0.012833479791879654,-1.1417465209960938
1694974569.2725422,0.10182122886180878,0.012899892404675484,-1.1403820514678955
1694974569.3156047,0.1075359582901001,0.011312620714306831,-1.1384737491607666
1694974569.3562133,0.11334562301635742,0.010045837610960007,-1.1381504535675049
1694974569.398015,0.10848850011825562,0.007776446640491486,-1.1446527242660522
1694974569.4390314,0.105494923889637,0.007332252338528633,-1.14727783203125
1694974569.480341,0.10263991355895996,0.00677751749753952,-1.1495009660720825
1694974569.522353,0.09776481986045837,0.005026841536164284,-1.1544188261032104
1694974569.5647657,0.09617795050144196,0.004553001374006271,-1.1558492183685303
1694974569.6063926,0.095809206366539,0.004514973610639572,-1.1563031673431396
1694974569.6464732,0.09673476964235306,0.008095378056168556,-1.1535710096359253
1694974569.6879675,0.0979771614074707,0.013031762093305588,-1.1487349271774292
1694974569.7287302,0.0987444669008255,0.016122110188007355,-1.1450203657150269
1694974569.7694366,0.09869788587093353,0.01741921529173851,-1.1427313089370728
1694974569.8120635,0.1012604609131813,0.017226215451955795,-1.140442967414856
1694974569.8425996,0.10409319400787354,0.015502691268920898,-1.1399734020233154
1694974569.8736594,0.10260111838579178,0.0172977764159441,-1.1390259265899658
1694974569.9037192,0.10178242623806,0.017090722918510437,-1.1385736465454102
1694974569.9323912,0.10103115439414978,0.015444846823811531,-1.139027714729309
1694974569.9623847,0.10035908222198486,0.013392684981226921,-1.1415197849273682
1694974569.9925196,0.09958592802286148,0.012052780017256737,-1.1434688568115234
1694974570.0223832,0.09883776307106018,0.011992895975708961,-1.1441633701324463
1694974570.0517287,0.09834113717079163,0.012108612805604935,-1.1452022790908813
1694974570.079785,0.09812317043542862,0.012306427583098412,-1.1456483602523804
1694974570.1128254,0.0992889478802681,0.011367470026016235,-1.1458977460861206
1694974570.1463878,0.09862953424453735,0.011932248249650002,-1.1454527378082275
1694974570.180426,0.09820306301116943,0.012384086847305298,-1.1451727151870728
1694974570.2134812,0.09789739549160004,0.011963080614805222,-1.146559476852417
1694974570.2457898,0.09896913915872574,0.010337937623262405,-1.1480011940002441
1694974570.2813878,0.10025957226753235,0.007955722510814667,-1.1502509117126465
1694974570.3139307,0.09988915920257568,0.009154396131634712,-1.1510820388793945
1694974570.3464868,0.0994129404425621,0.009698258712887764,-1.1507847309112549
1694974570.3806589,0.10735518485307693,0.0065195877104997635,-1.1489698886871338
1694974570.5497262,0.11224807053804398,0.003771411255002022,-1.1467525959014893
1694974570.5822804,0.10824819654226303,0.008977573364973068,-1.1434192657470703
1694974570.6174812,0.10592781752347946,0.013235911726951599,-1.141600489616394
1694974570.654726,0.10644493252038956,0.015415994450449944,-1.1390684843063354
1694974570.7506163,0.11323211342096329,-4.9736350774765015e-05,-1.1474827527999878
1694974570.885031,0.10816919058561325,0.004377489909529686,-1.1478790044784546
1694974570.9157033,0.10455523431301117,0.0075777750462293625,-1.1493854522705078
1694974570.948799,0.10271289199590683,0.00851520150899887,-1.1503944396972656
1694974570.9855144,0.10270566493272781,0.008706152439117432,-1.149849772453308
1694974571.0165493,0.10290038585662842,0.008105332031846046,-1.1506528854370117
1694974571.0487716,0.10348454862833023,0.008139209821820259,-1.1535979509353638
1694974571.0828445,0.10286153107881546,0.007588500156998634,-1.155968427658081
1694974571.1164987,0.10250446200370789,0.00636211596429348,-1.1572870016098022
1694974571.1487584,0.10188496857881546,0.009074652567505836,-1.1542203426361084
1694974571.1824396,0.10231277346611023,0.01139318197965622,-1.1505934000015259
1694974571.2163844,0.10304625332355499,0.01181088201701641,-1.1490857601165771
1694974571.2508743,0.10231916606426239,0.012456867843866348,-1.1492260694503784
1694974571.2844381,0.10370898991823196,0.013086235150694847,-1.1479958295822144
1694974571.317011,0.10480799525976181,0.012810328975319862,-1.1479212045669556
1694974571.351566,0.10500569641590118,0.011999214068055153,-1.1488666534423828
1694974571.3848243,0.1043250784277916,0.010892532765865326,-1.1492955684661865
1694974571.4194293,0.10463406890630722,0.009540745988488197,-1.1499137878417969
1694974571.450988,0.10425746440887451,0.00904175080358982,-1.1504930257797241
1694974571.4860175,0.10443240404129028,0.00813368521630764,-1.1514778137207031
1694974571.5167987,0.10518833994865417,0.006769992411136627,-1.1526786088943481
1694974571.550831,0.10533716529607773,0.0056746285408735275,-1.154281735420227
1694974571.5853934,0.10463947802782059,0.005436461418867111,-1.1544723510742188
1694974571.6194882,0.10375397652387619,0.006008028984069824,-1.1538615226745605
1694974571.6654968,0.10331594944000244,0.006735742092132568,-1.1523281335830688
1694974571.7067213,0.1032150462269783,0.007840411737561226,-1.1495211124420166
1694974571.751798,0.10204242169857025,0.010659093037247658,-1.147038221359253
1694974571.792854,0.10391378402709961,0.013479026034474373,-1.1432995796203613
1694974571.8364625,0.10544092953205109,0.012996861711144447,-1.1431686878204346
1694974571.8777316,0.10650955885648727,0.013300001621246338,-1.141797423362732
1694974571.919787,0.10802949219942093,0.012625128030776978,-1.1418333053588867
1694974571.9619322,0.11024749279022217,0.011456936597824097,-1.1422380208969116
1694974572.0045886,0.1102445125579834,0.010736053809523582,-1.143578290939331
1694974572.0348816,0.11006154119968414,0.009844319894909859,-1.1444061994552612
1694974572.0656264,0.10940172523260117,0.009438883513212204,-1.1452971696853638
1694974572.0966756,0.1083960309624672,0.008636098355054855,-1.1464197635650635
1694974572.1279101,0.107796810567379,0.008081929758191109,-1.1468713283538818
1694974572.1584623,0.10762317478656769,0.007867962121963501,-1.1473591327667236
1694974572.1896095,0.10838065296411514,0.007668202742934227,-1.1475778818130493
1694974572.2216945,0.10929523408412933,0.008443944156169891,-1.1488845348358154
1694974572.2545037,0.10937700420618057,0.008898179978132248,-1.1507295370101929
1694974572.2885785,0.10906435549259186,0.009320849552750587,-1.1516978740692139
1694974572.320338,0.10685237497091293,0.01185990497469902,-1.1518503427505493
1694974572.3545806,0.10597696155309677,0.014969276264309883,-1.1493654251098633
1694974572.3883965,0.10544071346521378,0.017196519300341606,-1.1469881534576416
1694974572.421446,0.10530650615692139,0.018182892352342606,-1.145876169204712
1694974572.4564073,0.1050979346036911,0.017890529707074165,-1.1451243162155151
1694974572.488874,0.10507766902446747,0.016417495906352997,-1.1451892852783203
1694974572.5214922,0.10521023720502853,0.014743661507964134,-1.1453496217727661
1694974572.5555367,0.10510735213756561,0.01315554603934288,-1.145984411239624
1694974572.5880873,0.10506407916545868,0.011106019839644432,-1.1467396020889282
1694974572.63372,0.10500883311033249,0.00992121547460556,-1.1466785669326782
1694974572.6744192,0.10500963032245636,0.008520059287548065,-1.147131085395813
1694974572.7181232,0.10498730838298798,0.006932443007826805,-1.1480860710144043
1694974572.757695,0.10511936992406845,0.005984872579574585,-1.149057149887085
1694974572.8013327,0.10502766072750092,0.004499379545450211,-1.1500182151794434
1694974572.8414614,0.1048339232802391,0.004202509298920631,-1.1506803035736084
1694974572.884415,0.10458860546350479,0.004489932209253311,-1.1512806415557861
1694974572.9250412,0.10453879833221436,0.005574215203523636,-1.1514074802398682
1694974572.9681892,0.10539094358682632,0.007473999634385109,-1.1491599082946777
1694974573.011329,0.10633544623851776,0.009390871971845627,-1.147027850151062
1694974573.0536373,0.10664620995521545,0.0123093631118536,-1.1443192958831787
1694974573.0946972,0.10932046175003052,0.013253828510642052,-1.1427302360534668
1694974573.1364038,0.11008413136005402,0.011663395911455154,-1.143274188041687
1694974573.176511,0.11033082008361816,0.011917829513549805,-1.1417162418365479
1694974573.2183027,0.11027760803699493,0.012436889111995697,-1.1386700868606567
1694974573.2603633,0.10994657874107361,0.014468997716903687,-1.1350445747375488
1694974573.3025424,0.10945166647434235,0.019572898745536804,-1.1271618604660034
1694974573.3432426,0.10942220687866211,0.02307732403278351,-1.1231179237365723
1694974573.3864126,0.10943427681922913,0.026097364723682404,-1.1200416088104248
1694974573.4291737,0.10964248329401016,0.028094513341784477,-1.117997407913208
1694974573.469986,0.10999834537506104,0.02779780514538288,-1.1191731691360474
1694974573.5127196,0.10976188629865646,0.028304215520620346,-1.1205793619155884
1694974573.5544739,0.10927753150463104,0.027799665927886963,-1.1228981018066406
1694974573.5943835,0.10846897959709167,0.026218652725219727,-1.1259807348251343
1694974573.6384106,0.10691384226083755,0.024635087698698044,-1.127788782119751
1694974573.6833684,0.1057496964931488,0.022636765614151955,-1.1293976306915283
1694974573.722428,0.10576354712247849,0.020614709705114365,-1.1301566362380981
1694974573.7665203,0.10438169538974762,0.01727607659995556,-1.1332263946533203
1694974573.8075485,0.10394981503486633,0.01517678052186966,-1.1350600719451904
1694974573.849635,0.1036665290594101,0.012228073552250862,-1.1373040676116943
1694974573.8892667,0.10345830023288727,0.01109270192682743,-1.137387752532959
1694974573.931329,0.10222818702459335,0.011923795565962791,-1.1364142894744873
1694974573.9723842,0.10213563591241837,0.013304930180311203,-1.1350651979446411
1694974574.0129004,0.10167697072029114,0.014774883165955544,-1.134264349937439
1694974574.0529463,0.10198051482439041,0.014437561854720116,-1.1336865425109863
1694974574.094915,0.10207903385162354,0.01451830193400383,-1.1330430507659912
1694974574.136451,0.10210667550563812,0.016246750950813293,-1.131807565689087
1694974574.1769748,0.10238242149353027,0.01685844361782074,-1.1307740211486816
1694974574.2185931,0.10245878249406815,0.017449351027607918,-1.1303874254226685
1694974574.2583814,0.10247354209423065,0.017412656918168068,-1.1315698623657227
1694974574.3014448,0.10314322263002396,0.015307746827602386,-1.1346732378005981
1694974574.3415656,0.10469584167003632,0.014562036842107773,-1.136846661567688
1694974574.384614,0.10543975979089737,0.01442602276802063,-1.1374781131744385
1694974574.4244366,0.10534781962633133,0.015074370428919792,-1.1361764669418335
1694974574.46686,0.10551288723945618,0.01684632897377014,-1.13356614112854
1694974574.51162,0.10542125999927521,0.01681123860180378,-1.132135272026062
1694974574.5531027,0.10645937919616699,0.016011588275432587,-1.1315011978149414
1694974574.5949109,0.10760700702667236,0.015567315742373466,-1.1331514120101929
1694974574.6364717,0.10729441046714783,0.015330703929066658,-1.13478684425354
1694974574.6785264,0.10538434982299805,0.014253893867135048,-1.1356645822525024
1694974574.7216022,0.10475083440542221,0.011934256181120872,-1.1381117105484009
1694974574.7606468,0.10465146601200104,0.01062486506998539,-1.1419540643692017
1694974574.8013668,0.10442931205034256,0.010302454233169556,-1.1435415744781494
1694974574.84151,0.10657288879156113,0.009422404691576958,-1.1418012380599976
1694974574.8843796,0.10885585844516754,0.009037768468260765,-1.140929937362671
1694974574.9273913,0.11236653476953506,0.008872125297784805,-1.1394890546798706
1694974574.969433,0.11516310274600983,0.008787749335169792,-1.1386176347732544
1694974575.0114903,0.11528458446264267,0.00794648565351963,-1.1379632949829102
1694974575.0415678,0.11515676230192184,0.006615156307816505,-1.1380243301391602
1694974575.0706258,0.10917961597442627,0.0065620411187410355,-1.1407928466796875
1694974575.1007228,0.10665678977966309,0.006429176777601242,-1.1404834985733032
1694974575.1317897,0.10438413918018341,0.0069657135754823685,-1.1386630535125732
1694974575.1633735,0.10329681634902954,0.006562231108546257,-1.1375521421432495
1694974575.1974876,0.10323251783847809,0.007893737405538559,-1.1379506587982178
1694974575.2298849,0.10575529932975769,0.008243033662438393,-1.1372040510177612
1694974575.2645912,0.1077849343419075,0.007323985919356346,-1.136575698852539
1694974575.298863,0.10819057375192642,0.004369016736745834,-1.140091896057129
1694974575.3304315,0.10861332714557648,0.002287494018673897,-1.1420743465423584
1694974575.364506,0.10715613514184952,0.0006831381469964981,-1.1444451808929443
1694974575.3990679,0.10445231944322586,0.0007665157318115234,-1.146621584892273
1694974575.4305987,0.10101406276226044,0.0006495751440525055,-1.1500084400177002
1694974575.465188,0.09763340651988983,0.0008138474076986313,-1.154329538345337
1694974575.4997418,0.09454766660928726,0.001273391768336296,-1.1592588424682617
1694974575.532355,0.09250873327255249,0.0009922031313180923,-1.164175033569336
1694974575.5654218,0.09161464124917984,0.00017799623310565948,-1.1680892705917358
1694974575.599383,0.09129542857408524,-0.00034496746957302094,-1.1723283529281616
1694974575.6314356,0.09025821834802628,-0.000914204865694046,-1.1806901693344116
1694974575.702534,0.08948691189289093,-0.0020030736923217773,-1.18414306640625
1694974575.7330549,0.0887283980846405,-0.0035253427922725677,-1.1868690252304077
1694974575.7665741,0.0889197289943695,-0.005108386278152466,-1.1897367238998413
1694974575.7996461,0.08896317332983017,-0.005045367404818535,-1.1886651515960693
1694974575.8327286,0.08921176195144653,-0.0059343986213207245,-1.1880695819854736
1694974575.8653939,0.08967428654432297,-0.007388746365904808,-1.1877490282058716
1694974575.9015703,0.0902634859085083,-0.009442897513508797,-1.1874431371688843
1694974575.9328763,0.09127777814865112,-0.009952332824468613,-1.1859874725341797
1694974575.9668953,0.0933016985654831,-0.009308530017733574,-1.1821672916412354
1694974576.0004122,0.0956932008266449,-0.008662492036819458,-1.1813766956329346
1694974576.0348864,0.09836942702531815,-0.006885332986712456,-1.1758853197097778
1694974576.0678742,0.09992296993732452,-0.004288399592041969,-1.172022819519043
1694974576.1004303,0.10081817209720612,-0.0037312209606170654,-1.171771764755249
1694974576.1355588,0.10190502554178238,-0.00263933464884758,-1.1683412790298462
1694974576.167679,0.10262025892734528,-0.0007071439176797867,-1.164925456047058
1694974576.2001033,0.10265538096427917,0.001573638990521431,-1.1597235202789307
1694974576.2346818,0.1020536944270134,0.003565603867173195,-1.154427409172058
1694974576.266593,0.10201914608478546,0.004971751943230629,-1.1502760648727417
1694974576.3016906,0.1016053557395935,0.005293790251016617,-1.1484959125518799
1694974576.3346848,0.10128161311149597,0.005105767399072647,-1.1477489471435547
1694974576.3693154,0.10171347111463547,0.0033408794552087784,-1.149229884147644
1694974576.4023855,0.10180290788412094,0.0017335060983896255,-1.150924563407898
1694974576.4349387,0.1019902154803276,0.0010184533894062042,-1.1524887084960938
1694974576.4696014,0.10183499753475189,0.0008768495172262192,-1.153663158416748
1694974576.501367,0.10189700871706009,0.0023894011974334717,-1.1524239778518677
1694974576.536898,0.10121184587478638,0.002493990585207939,-1.1530511379241943
1694974576.5689764,0.10049635916948318,0.0015315059572458267,-1.1544536352157593
1694974576.6030605,0.10018186271190643,0.0010504946112632751,-1.155112385749817
1694974576.6356304,0.10037310421466827,0.0003107357770204544,-1.1553593873977661
1694974576.6697063,0.10052430629730225,-0.0006081294268369675,-1.1553384065628052
1694974576.7028093,0.10081036388874054,-0.0005943421274423599,-1.1553069353103638
1694974576.7373624,0.10102196037769318,8.510798215866089e-05,-1.1530723571777344
1694974576.770714,0.10110172629356384,-0.001139868050813675,-1.1557633876800537
1694974576.802333,0.10112228989601135,-0.0032121259719133377,-1.1649603843688965
1694974576.8505034,0.1009526401758194,-0.004401557147502899,-1.1732598543167114
1694974576.8925405,0.10061397403478622,-0.004197211936116219,-1.1790771484375
1694974576.937398,0.10020062327384949,-0.0037984494119882584,-1.1844292879104614
1694974576.9786594,0.09969794750213623,-0.002994067966938019,-1.194501519203186
1694974577.0231144,0.09883823245763779,-0.0030469540506601334,-1.1982349157333374
1694974577.0647092,0.09804188460111618,-0.0030465591698884964,-1.197745442390442
1694974577.109624,0.0974687784910202,-0.0013738330453634262,-1.1884323358535767
1694974577.1507604,0.09865666925907135,0.0019040871411561966,-1.1823128461837769
1694974577.1933854,0.09935306012630463,0.0051758382469415665,-1.173759937286377
1694974577.237397,0.10120175033807755,0.0071861594915390015,-1.165840744972229
1694974577.2778752,0.10252620279788971,0.010999757796525955,-1.1550071239471436
1694974577.318904,0.10423261672258377,0.011309605091810226,-1.1495004892349243
1694974577.3593876,0.10517129302024841,0.012066591531038284,-1.1450436115264893
1694974577.4017353,0.10507863759994507,0.011650698259472847,-1.141662359237671
1694974577.4427679,0.10315711051225662,0.012109268456697464,-1.1353060007095337
1694974577.4846563,0.1014091819524765,0.011573145166039467,-1.1353623867034912
1694974577.5252864,0.10065986216068268,0.010201608762145042,-1.1358859539031982
1694974577.5678165,0.10004539787769318,0.009443888440728188,-1.136466383934021
1694974577.606859,0.09966965019702911,0.008333869278430939,-1.1386654376983643
1694974577.6501603,0.0979260727763176,0.008516008034348488,-1.1375492811203003
1694974577.6897142,0.09739980846643448,0.010807724669575691,-1.1373924016952515
1694974577.7328103,0.09712180495262146,0.013358935713768005,-1.1363520622253418
1694974577.7737908,0.09789212793111801,0.01503857783973217,-1.132804036140442
1694974577.8178556,0.09927438944578171,0.012253552675247192,-1.1350102424621582
1694974577.8574345,0.09841813147068024,0.004397731274366379,-1.1445692777633667
1694974577.9000669,0.09707412868738174,-0.008416565135121346,-1.1664689779281616
1694974577.941664,0.09556270390748978,-0.020083721727132797,-1.1909962892532349
1694974577.9835184,0.09500978887081146,-0.029955387115478516,-1.2317112684249878
1694974578.02354,0.0946737676858902,-0.039994511753320694,-1.2560722827911377
1694974578.0664723,0.09576284885406494,-0.04547801986336708,-1.2768099308013916
1694974578.109867,0.09872549772262573,-0.04816031828522682,-1.2922112941741943
1694974578.1537366,0.1014939695596695,-0.03151845559477806,-1.2839971780776978
1694974578.1952512,0.10428610444068909,-0.009236013516783714,-1.2615931034088135
1694974578.2373414,0.10656537115573883,0.009818365797400475,-1.2367289066314697
1694974578.279931,0.10990559309720993,0.025975432246923447,-1.2156517505645752
1694974578.323489,0.10637553781270981,0.03250129148364067,-1.2069272994995117
1694974578.364559,0.1025075912475586,0.037601444870233536,-1.202571153640747
1694974578.4091337,0.09981716424226761,0.04197051376104355,-1.199647307395935
1694974578.4523716,0.09906774014234543,0.049380477517843246,-1.193505048751831
1694974578.4929214,0.09493061900138855,0.04993336647748947,-1.1987415552139282
1694974578.5359752,0.09146414697170258,0.04787039756774902,-1.208564043045044
1694974578.5775578,0.09077712893486023,0.04810461401939392,-1.216640830039978
1694974578.6206028,0.09015851467847824,0.05781308934092522,-1.2250970602035522
1694974578.6625278,0.08955360949039459,0.0675729513168335,-1.2256755828857422
1694974578.708249,0.08884788304567337,0.07570210099220276,-1.2277319431304932
1694974578.7503269,0.08563927561044693,0.08642301708459854,-1.2276777029037476
1694974578.7888916,0.0845782607793808,0.08712014555931091,-1.2262815237045288
1694974578.8306973,0.08117946982383728,0.08695216476917267,-1.2239716053009033
1694974578.8754373,0.0783725157380104,0.08526629954576492,-1.2227435111999512
1694974578.9174776,0.07586700469255447,0.08414511382579803,-1.2204148769378662
1694974578.956964,0.07631342858076096,0.0823446735739708,-1.2191684246063232
1694974578.9970257,0.07510051131248474,0.08595814555883408,-1.215428352355957
1694974579.0384007,0.07201371341943741,0.08756284415721893,-1.2148258686065674
1694974579.079968,0.06957827508449554,0.08700361847877502,-1.21651291847229
1694974579.1231284,0.06703342497348785,0.08178763091564178,-1.2220655679702759
1694974579.1646962,0.06851449608802795,0.07522860169410706,-1.2268261909484863
1694974579.2067764,0.07105950266122818,0.07294225692749023,-1.2282054424285889
1694974579.2493498,0.07428734004497528,0.0761146992444992,-1.2217803001403809
1694974579.2888925,0.07321660965681076,0.07957062870264053,-1.2170920372009277
1694974579.3323722,0.0723159909248352,0.0821797251701355,-1.214076280593872
1694974579.3753948,0.06893882155418396,0.08156664669513702,-1.2142210006713867
1694974579.4174712,0.06287671625614166,0.06790671497583389,-1.2250195741653442
1694974579.4567635,0.07228396832942963,0.05032116174697876,-1.234841227531433
1694974579.498825,0.07638821005821228,0.02060995064675808,-1.2605292797088623
1694974579.5413811,0.079172782599926,-0.004065107554197311,-1.2817262411117554
1694974579.5829127,0.07641054689884186,-0.017261570319533348,-1.2981504201889038
1694974579.6235018,0.07391950488090515,-0.01347578875720501,-1.2903406620025635
1694974579.6667442,0.07272898405790329,-0.009502105414867401,-1.2846084833145142
1694974579.7063966,0.07334627211093903,-0.006132172420620918,-1.2805958986282349
1694974579.7479818,0.07555229961872101,-0.0042486656457185745,-1.2765207290649414
1694974579.7915318,0.06439056992530823,-0.0012837760150432587,-1.2850122451782227
1694974579.824596,0.06052740663290024,0.003057686612010002,-1.288954257965088
1694974579.8551245,0.05718789994716644,0.008539330214262009,-1.2869422435760498
1694974579.885148,0.056833215057849884,0.012663513422012329,-1.285744071006775
1694974579.914728,0.05925048515200615,0.01629900559782982,-1.2859768867492676
1694974579.9472797,0.0626746267080307,0.018584266304969788,-1.2870452404022217
1694974579.982406,0.06695017218589783,0.02139899879693985,-1.2836438417434692
1694974580.015443,0.07266556471586227,0.024095535278320312,-1.274417519569397
1694974580.0499933,0.07826229929924011,0.02519983984529972,-1.2589530944824219
1694974580.0816298,0.08385033160448074,0.024491367861628532,-1.2395596504211426
1694974580.1173987,0.08834181725978851,0.020830845460295677,-1.2141205072402954
1694974580.1484804,0.09317856281995773,0.014755398035049438,-1.185673475265503
1694974580.1824465,0.0998912826180458,0.009611736983060837,-1.1558886766433716
1694974580.2143078,0.105880007147789,0.005001548677682877,-1.1317241191864014
1694974580.2484243,0.10970251262187958,0.0033526215702295303,-1.1126518249511719
1694974580.2829888,0.11204130202531815,0.0028394702821969986,-1.1007254123687744
1694974580.316239,0.11351603269577026,0.003728872165083885,-1.09502375125885
1694974580.349213,0.11419568955898285,0.0039398446679115295,-1.0943564176559448
1694974580.3823843,0.11459693312644958,0.004247620701789856,-1.0984755754470825
1694974580.4159076,0.11338295787572861,0.0019389055669307709,-1.1085765361785889
1694974580.4484587,0.11245149374008179,0.0005835015326738358,-1.11965811252594
1694974580.4824054,0.11029662936925888,-0.0017229411751031876,-1.136091709136963
1694974580.5163987,0.10846008360385895,-0.004002977162599564,-1.1569730043411255
1694974580.5498765,0.10731816291809082,-0.007533108815550804,-1.1813910007476807
1694974580.5853832,0.10722137242555618,-0.008179258555173874,-1.200730323791504
1694974580.6154208,0.10780969262123108,-0.010045742616057396,-1.2170960903167725
1694974580.649271,0.10930053889751434,-0.010899782180786133,-1.2274761199951172
1694974580.6844382,0.1105862408876419,-0.012113172560930252,-1.2293980121612549
1694974580.7174857,0.11065516620874405,-0.013571489602327347,-1.2266441583633423
1694974580.7515397,0.10966622084379196,-0.016550028696656227,-1.2287991046905518
1694974580.7855995,0.10917548835277557,-0.017990613356232643,-1.2317225933074951
1694974580.817666,0.10949049144983292,-0.01881544478237629,-1.2350159883499146
1694974580.8517718,0.10899516940116882,-0.02151063084602356,-1.2424463033676147
1694974580.883809,0.1087123453617096,-0.022532731294631958,-1.2479143142700195
1694974580.9188743,0.10827109962701797,-0.02441485971212387,-1.2508422136306763
1694974580.9513862,0.10905645787715912,-0.025004547089338303,-1.2538689374923706
1694974580.9844828,0.1090371161699295,-0.025585057213902473,-1.2526659965515137
1694974581.0175788,0.10769007354974747,-0.027556993067264557,-1.252607822418213
1694974581.050037,0.10551296174526215,-0.027739914134144783,-1.2487541437149048
1694974581.085566,0.10337609052658081,-0.028298968449234962,-1.2480895519256592
1694974581.118345,0.10139210522174835,-0.029035724699497223,-1.2509812116622925
1694974581.1514437,0.09902084618806839,-0.03220979869365692,-1.2582036256790161
1694974581.1849017,0.09722171723842621,-0.034938063472509384,-1.2639508247375488
1694974581.2179198,0.09583479911088943,-0.03640078008174896,-1.2666008472442627
1694974581.2526865,0.09679936617612839,-0.034930940717458725,-1.2637310028076172
1694974581.2873995,0.09826193749904633,-0.031205303966999054,-1.254570484161377
1694974581.3178647,0.10003892332315445,-0.02618636190891266,-1.2424367666244507
1694974581.3524032,0.10126791894435883,-0.02154862880706787,-1.2294797897338867
1694974581.3877065,0.10182040929794312,-0.018429705873131752,-1.2218217849731445
1694974581.4187684,0.10291711986064911,-0.015774501487612724,-1.21542489528656
1694974581.4544003,0.10275651514530182,-0.01511453464627266,-1.2181593179702759
1694974581.487442,0.10330823808908463,-0.013718454167246819,-1.220015048980713
1694974581.521348,0.10259324312210083,-0.011514654383063316,-1.2197321653366089
1694974581.5536404,0.10137620568275452,-0.01013052649796009,-1.2163161039352417
1694974581.585722,0.10035848617553711,-0.010589323937892914,-1.2083622217178345
1694974581.6334522,0.09818222373723984,-0.013105122372508049,-1.2000617980957031
1694974581.6748877,0.09626936912536621,-0.01605612225830555,-1.190380334854126
1694974581.720096,0.09506408125162125,-0.019061660394072533,-1.1833158731460571
1694974581.7628925,0.09352563321590424,-0.020734263584017754,-1.1730334758758545
1694974581.8064163,0.09395743906497955,-0.021151268854737282,-1.1707918643951416
1694974581.8476481,0.09450982511043549,-0.02197965420782566,-1.1700142621994019
1694974581.8901923,0.09571696817874908,-0.022207867354154587,-1.1694339513778687
1694974581.9348881,0.09899923205375671,-0.01806729845702648,-1.1645618677139282
1694974581.9754288,0.10077515989542007,-0.014066895470023155,-1.162854790687561
1694974582.0197594,0.10260465741157532,-0.011583466082811356,-1.1620157957077026
1694974582.0598538,0.10617893189191818,-0.01188928633928299,-1.1627925634384155
1694974582.1023972,0.10568459331989288,-0.013221260160207748,-1.1653141975402832
1694974582.1424174,0.10437208414077759,-0.01262487843632698,-1.166864037513733
1694974582.1849616,0.10200397670269012,-0.01270788349211216,-1.1681456565856934
1694974582.2259943,0.10051365941762924,-0.015511391684412956,-1.1721487045288086
1694974582.2695844,0.0990406945347786,-0.01733018085360527,-1.1761990785598755
1694974582.3106427,0.09733766317367554,-0.02026461437344551,-1.1789443492889404
1694974582.354487,0.09556837379932404,-0.023029522970318794,-1.1797759532928467
1694974582.3974621,0.09290631860494614,-0.024523509666323662,-1.1754570007324219
1694974582.4404812,0.091166652739048,-0.024507226422429085,-1.1698219776153564
1694974582.4831722,0.09026967734098434,-0.022846359759569168,-1.1606494188308716
1694974582.5237856,0.08980045467615128,-0.021001441404223442,-1.1558717489242554
1694974582.5654771,0.09022242575883865,-0.016349613666534424,-1.1514241695404053
1694974582.6076524,0.09126850962638855,-0.01570596545934677,-1.1523306369781494
1694974582.6503735,0.09161249548196793,-0.01711774244904518,-1.1554659605026245
1694974582.689953,0.09183083474636078,-0.020560408011078835,-1.1583729982376099
1694974582.732535,0.09142477810382843,-0.023742206394672394,-1.1620155572891235
1694974582.773142,0.09009349346160889,-0.02424665167927742,-1.1628578901290894
1694974582.8161955,0.08874502778053284,-0.02474352717399597,-1.164811372756958
1694974582.8572702,0.0869959145784378,-0.02408340387046337,-1.165899634361267
1694974582.8988326,0.08528357744216919,-0.026178890839219093,-1.1696817874908447
1694974582.9404125,0.08062564581632614,-0.022008998319506645,-1.168365478515625
1694974582.9798684,0.07629770785570145,-0.015000512823462486,-1.16660737991333
1694974583.0233855,0.06948431581258774,-0.01097993552684784,-1.1654661893844604
1694974583.064965,0.055735234171152115,-0.008914802223443985,-1.1709712743759155
1694974583.1083157,0.04344169422984123,-0.007403850555419922,-1.1779810190200806
1694974583.1503904,0.033507123589515686,-0.01172318309545517,-1.1875914335250854
1694974583.190383,0.02466893568634987,-0.013823462650179863,-1.1904199123382568
1694974583.2339761,0.011509058997035027,-0.015054900199174881,-1.192711591720581
1694974583.2754712,0.006910331547260284,-0.016785044223070145,-1.1987287998199463
1694974583.3193944,0.0011423323303461075,-0.022796249017119408,-1.2134175300598145
1694974583.3595474,-0.004408922046422958,-0.0286751389503479,-1.2274669408798218
1694974583.40337,-0.014158204197883606,-0.029498200863599777,-1.233081340789795
1694974583.4443913,-0.020023157820105553,-0.02893955633044243,-1.2303723096847534
1694974583.486205,-0.02702178992331028,-0.02760995551943779,-1.2280809879302979
1694974583.5257425,-0.034869611263275146,-0.02868437021970749,-1.2311561107635498
1694974583.5673404,-0.044643912464380264,-0.028804615139961243,-1.2347058057785034
1694974583.6074855,-0.046831563115119934,-0.029433682560920715,-1.2357127666473389
1694974583.6515477,-0.05034289509057999,-0.030099928379058838,-1.2328191995620728
1694974583.690212,-0.054757632315158844,-0.029051523655653,-1.2263200283050537
1694974583.73185,-0.06516855955123901,-0.027832290157675743,-1.2153443098068237
1694974583.7729516,-0.07106590270996094,-0.028175240382552147,-1.2172542810440063
1694974583.8150065,-0.07772938162088394,-0.025790352374315262,-1.2177221775054932
1694974583.856636,-0.08425331115722656,-0.02418832667171955,-1.21970796585083
1694974583.9014468,-0.09495961666107178,-0.02316889725625515,-1.2209665775299072
1694974583.9423456,-0.09865834563970566,-0.02290615439414978,-1.2197984457015991
1694974583.9854324,-0.10245562344789505,-0.02179085463285446,-1.220841407775879
1694974584.0254,-0.10473884642124176,-0.019463257864117622,-1.221236228942871
1694974584.067512,-0.10776965320110321,-0.01386798545718193,-1.2182947397232056
1694974584.1080506,-0.10685841739177704,-0.01142762042582035,-1.2127258777618408
1694974584.1500905,-0.10625842213630676,-0.008624278008937836,-1.2074658870697021
1694974584.190662,-0.10575570166110992,-0.008906859904527664,-1.2035363912582397
1694974584.2325563,-0.10483811795711517,-0.010695843026041985,-1.2012691497802734
1694974584.2724907,-0.10452016443014145,-0.009790545329451561,-1.2046401500701904
1694974584.3147852,-0.10654356330633163,-0.010771654546260834,-1.2091089487075806
1694974584.3569124,-0.10781565308570862,-0.011128727346658707,-1.2203232049942017
1694974584.39898,-0.10755684971809387,-0.010036638006567955,-1.2276500463485718
1694974584.4285595,-0.10737158358097076,-0.010936174541711807,-1.2340255975723267
1694974584.4591126,-0.10772436112165451,-0.013997068628668785,-1.2409861087799072
1694974584.4886682,-0.10836449265480042,-0.017541568726301193,-1.2433393001556396
1694974584.51721,-0.10898400843143463,-0.018157217651605606,-1.2464804649353027
1694974584.546731,-0.10917407274246216,-0.01807374134659767,-1.249747395515442
1694974584.5764837,-0.10834451764822006,-0.016370993107557297,-1.2515519857406616
1694974584.6073787,-0.10716915130615234,-0.014435308054089546,-1.2544628381729126
1694974584.6388748,-0.10569264739751816,-0.013481887057423592,-1.2569677829742432
1694974584.6695876,-0.10497793555259705,-0.013822242617607117,-1.2599436044692993
1694974584.701734,-0.10515587031841278,-0.01709732785820961,-1.2552276849746704
1694974584.7314746,-0.1036740243434906,-0.018423009663820267,-1.246444821357727
1694974584.7655163,-0.10022368282079697,-0.019747380167245865,-1.240147352218628
1694974584.7976294,-0.0953202173113823,-0.019814027473330498,-1.231006383895874
1694974584.8301964,-0.09012523293495178,-0.017718294635415077,-1.2204703092575073
1694974584.8647833,-0.08420997858047485,-0.013575350865721703,-1.2079554796218872
1694974584.8983364,-0.07814040035009384,-0.009357001632452011,-1.195766806602478
1694974584.9324636,-0.07396597415208817,-0.007390968501567841,-1.1920716762542725
1694974584.9645422,-0.07146166265010834,-0.007612042129039764,-1.191033124923706
1694974584.9996908,-0.07209490984678268,-0.010566439479589462,-1.1951477527618408
1694974585.0313954,-0.07483944296836853,-0.014923231676220894,-1.203702449798584
1694974585.0644348,-0.07880467176437378,-0.018340270966291428,-1.212601661682129
1694974585.099993,-0.08462157100439072,-0.021558614447712898,-1.2232227325439453
1694974585.133099,-0.09080085903406143,-0.02499949000775814,-1.2349008321762085
1694974585.164617,-0.09557538479566574,-0.028238430619239807,-1.2462841272354126
1694974585.20026,-0.09788179397583008,-0.0301275085657835,-1.2559524774551392
1694974585.233308,-0.0976153016090393,-0.030012376606464386,-1.2655080556869507
1694974585.2648432,-0.09584548324346542,-0.028299087658524513,-1.2780197858810425
1694974585.3014216,-0.09307698160409927,-0.024443244561553,-1.2913823127746582
1694974585.3339167,-0.08953720331192017,-0.01966925337910652,-1.3058451414108276
1694974585.3665578,-0.0866827443242073,-0.01569219119846821,-1.319230079650879
1694974585.3997986,-0.08449454605579376,-0.01293017715215683,-1.3311874866485596
1694974585.432383,-0.08250842988491058,-0.012171514332294464,-1.3417813777923584
1694974585.466405,-0.07950786501169205,-0.012704888358712196,-1.3482762575149536
1694974585.501458,-0.07644233852624893,-0.014737054705619812,-1.351757287979126
1694974585.5325296,-0.07271352410316467,-0.016985144466161728,-1.3505393266677856
1694974585.565797,-0.06813009828329086,-0.020445551723241806,-1.3456357717514038
1694974585.6018012,-0.06394050270318985,-0.022342346608638763,-1.3375210762023926
1694974585.6353788,-0.06168576702475548,-0.024278059601783752,-1.3302154541015625
1694974585.6676965,-0.06121043115854263,-0.024637069553136826,-1.325696349143982
1694974585.7023323,-0.06207571551203728,-0.02153097465634346,-1.3219362497329712
1694974585.735894,-0.06355539709329605,-0.01886378601193428,-1.319156289100647
1694974585.7668428,-0.06718258559703827,-0.018120866268873215,-1.3181120157241821
1694974585.8013682,-0.07274745404720306,-0.017757598310709,-1.3190479278564453
1694974585.8359742,-0.08070889115333557,-0.017385151237249374,-1.3205536603927612
1694974585.8685114,-0.08879601955413818,-0.0169999822974205,-1.3207240104675293
1694974585.9015405,-0.09501148015260696,-0.015888240188360214,-1.3188930749893188
1694974585.935951,-0.09887592494487762,-0.010645750910043716,-1.3158900737762451
1694974585.9688308,-0.10218425840139389,-0.00831388495862484,-1.3159633874893188
1694974586.0038393,-0.1047365665435791,-0.005325598642230034,-1.3176372051239014
1694974586.0354588,-0.10653048008680344,-0.0022233817726373672,-1.3227474689483643
1694974586.0697794,-0.1091223955154419,-0.0019826889038085938,-1.3291224241256714
1694974586.104846,-0.11165136098861694,-0.004204457625746727,-1.3361258506774902
1694974586.1364353,-0.11442985385656357,-0.007227163761854172,-1.3420225381851196
1694974586.1678758,-0.11754559725522995,-0.010105904191732407,-1.346767544746399
1694974586.202386,-0.12185776233673096,-0.013341281563043594,-1.3511329889297485
1694974586.2485704,-0.12490285187959671,-0.014908373355865479,-1.3527371883392334
1694974586.2884166,-0.1295994371175766,-0.016321077942848206,-1.3521114587783813
1694974586.330432,-0.13542410731315613,-0.01883339136838913,-1.3469443321228027
1694974586.372996,-0.14281979203224182,-0.024684738367795944,-1.337826132774353
1694974586.415782,-0.15605567395687103,-0.043812282383441925,-1.3118979930877686
1694974586.4458766,-0.16153019666671753,-0.05031120404601097,-1.2889853715896606
1694974586.4776752,-0.16649115085601807,-0.052944641560316086,-1.270970344543457
1694974586.5067143,-0.17014116048812866,-0.052752114832401276,-1.253722071647644
1694974586.537264,-0.1710646152496338,-0.049596261233091354,-1.2388719320297241
1694974586.5723162,-0.16881082952022552,-0.044535841792821884,-1.2245064973831177
1694974586.6058512,-0.1653592884540558,-0.04015004634857178,-1.2174198627471924
1694974586.6384053,-0.15812651813030243,-0.03404786437749863,-1.2114696502685547
1694974586.6724036,-0.14805293083190918,-0.02848774567246437,-1.2067492008209229
1694974586.7054644,-0.13665448129177094,-0.02235478162765503,-1.2044219970703125
1694974586.7400355,-0.12396205216646194,-0.01761668547987938,-1.2100883722305298
1694974586.7735913,-0.11156865954399109,-0.015746086835861206,-1.2177642583847046
1694974586.8076954,-0.10010026395320892,-0.015113184228539467,-1.2220813035964966
1694974586.8414345,-0.08871454745531082,-0.014962505549192429,-1.232391119003296
1694974586.8738253,-0.07608640193939209,-0.011916419491171837,-1.2437939643859863
1694974586.9064796,-0.06191233918070793,-0.00648927316069603,-1.2584089040756226
1694974586.9427853,-0.047920987010002136,0.0003029722720384598,-1.273136854171753
1694974586.9734702,-0.035561468452215195,0.004489528015255928,-1.288909673690796
1694974587.0060155,-0.025490518659353256,0.005605787038803101,-1.3020639419555664
1694974587.041554,-0.017144083976745605,0.004226082935929298,-1.3122775554656982
1694974587.0735934,-0.010367905721068382,0.0008911881595849991,-1.318087100982666
1694974587.1073906,-0.005368896760046482,-0.005009550601243973,-1.3214424848556519
1694974587.1405096,-0.0032978178933262825,-0.009593144059181213,-1.322798252105713
1694974587.1747057,-0.00463088508695364,-0.009900610893964767,-1.3233551979064941
1694974587.2072349,-0.007387345656752586,-0.00970623828470707,-1.3249894380569458
1694974587.2403631,-0.010254647582769394,-0.008880367502570152,-1.3251049518585205
1694974587.2736568,-0.012579149566590786,-0.009494109079241753,-1.325528860092163
1694974587.3072038,-0.014977450482547283,-0.008835852146148682,-1.324244499206543
1694974587.342884,-0.01752660796046257,-0.009746482595801353,-1.3208013772964478
1694974587.3739054,-0.019872140139341354,-0.012649234384298325,-1.3184895515441895
1694974587.409458,-0.022213023155927658,-0.015178244560956955,-1.3164446353912354
1694974587.4423842,-0.02524174004793167,-0.016641730442643166,-1.3158659934997559
1694974587.4738874,-0.028549538925290108,-0.01870746724307537,-1.3152434825897217
1694974587.508365,-0.03245609253644943,-0.019959889352321625,-1.3161283731460571
1694974587.5434434,-0.03645112365484238,-0.018386950716376305,-1.3166667222976685
1694974587.5771155,-0.04161689057946205,-0.016942953690886497,-1.319077968597412
1694974587.6116626,-0.04707355052232742,-0.017110051587224007,-1.3222604990005493
1694974587.6561072,-0.05175315961241722,-0.017306732013821602,-1.3243274688720703
1694974587.6996725,-0.056372396647930145,-0.013471225276589394,-1.3255205154418945
1694974587.7417276,-0.05973491072654724,-0.006829716265201569,-1.3276811838150024
1694974587.783391,-0.06619343161582947,-0.009006856009364128,-1.328555703163147
1694974587.8254485,-0.06752562522888184,-0.015823477879166603,-1.3222583532333374
1694974587.867878,-0.068276546895504,-0.023276742547750473,-1.3134615421295166
1694974587.9084387,-0.06980862468481064,-0.02926904335618019,-1.309020757675171
1694974587.9516182,-0.07237328588962555,-0.030657805502414703,-1.3054436445236206
1694974587.9936807,-0.07470104098320007,-0.02616293728351593,-1.3087161779403687
1694974588.03674,-0.07841209322214127,-0.02201889641582966,-1.3168184757232666
1694974588.0768795,-0.0828128308057785,-0.01878860779106617,-1.325535774230957
1694974588.119937,-0.09343963861465454,-0.018031783401966095,-1.3346353769302368
1694974588.1600285,-0.09903109073638916,-0.014531534165143967,-1.3380331993103027
1694974588.2023742,-0.10278624296188354,-0.011039398610591888,-1.3384158611297607
1694974588.2433722,-0.10407043993473053,-0.00873371958732605,-1.3398605585098267
1694974588.2856588,-0.10464469343423843,-0.0013075880706310272,-1.339015007019043
1694974588.3264017,-0.10205269604921341,0.00262606143951416,-1.338410496711731
1694974588.368557,-0.10025294125080109,0.004018757492303848,-1.3388419151306152
1694974588.4106414,-0.09942489862442017,0.005942612886428833,-1.34053635597229
1694974588.4535723,-0.09996753931045532,0.0065867602825164795,-1.342936635017395
1694974588.495157,-0.1008494421839714,0.005826927721500397,-1.3440393209457397
1694974588.5371883,-0.10171524435281754,0.005414539948105812,-1.3458374738693237
1694974588.5804043,-0.10289150476455688,0.004691753536462784,-1.3452104330062866
1694974588.6254005,-0.10398717224597931,0.006866591051220894,-1.3457133769989014
1694974588.6679323,-0.1026766374707222,0.012473320588469505,-1.345839500427246
1694974588.7088785,-0.10239225625991821,0.01722332276403904,-1.3436940908432007
1694974588.7515297,-0.10627393424510956,0.01670234091579914,-1.338100790977478
1694974588.7901273,-0.10837334394454956,0.012440994381904602,-1.3256157636642456
1694974588.8342211,-0.11104770004749298,0.010068075731396675,-1.3132572174072266
1694974588.8757725,-0.11087341606616974,0.010279107838869095,-1.3030894994735718
1694974588.9168017,-0.10911169648170471,0.006531333550810814,-1.274168848991394
1694974588.9588492,-0.10723300278186798,0.006478073075413704,-1.2527891397476196
1694974589.0036714,-0.10331112891435623,0.006360914558172226,-1.2230567932128906
1694974589.0454082,-0.09978744387626648,0.005861468613147736,-1.1940042972564697
1694974589.087722,-0.08959072828292847,-0.009022975340485573,-1.1352895498275757
1694974589.132878,-0.08273030072450638,-0.0037238318473100662,-1.0965882539749146
1694974589.1747394,-0.07961781322956085,0.006694624200463295,-1.069543480873108
1694974589.2167788,-0.07693000137805939,0.03141965717077255,-1.029870629310608
1694974589.2586076,-0.07769438624382019,0.038261979818344116,-1.0219954252243042
Time to target: 22.43147373199463 s
----
----
