1694974819.0588882,0.2370181530714035,0.36289313435554504,-1.5025285482406616
1694974819.1165984,0.2368113398551941,0.3653974235057831,-1.5000568628311157
1694974819.195705,0.2376253455877304,0.367321640253067,-1.5040111541748047
1694974819.2269628,0.23668143153190613,0.36875438690185547,-1.505258321762085
1694974819.2569525,0.2366948276758194,0.3708987236022949,-1.5077399015426636
1694974819.2853782,0.23645882308483124,0.37244975566864014,-1.5093985795974731
1694974819.3193293,0.23626914620399475,0.37344950437545776,-1.5109810829162598
1694974819.3528552,0.23552964627742767,0.37332579493522644,-1.511224389076233
1694974819.3856838,0.2353806495666504,0.3723355531692505,-1.5116504430770874
1694974819.4186394,0.2351638823747635,0.37084338068962097,-1.5105258226394653
1694974819.4522665,0.23535306751728058,0.36967408657073975,-1.5108994245529175
1694974819.4868846,0.23541733622550964,0.3679490387439728,-1.509558081626892
1694974819.520034,0.23586644232273102,0.36673328280448914,-1.5086486339569092
1694974819.5511427,0.2363513857126236,0.3667151927947998,-1.5092397928237915
1694974819.587245,0.23698386549949646,0.3671587407588959,-1.5096368789672852
1694974819.619355,0.23764567077159882,0.36793097853660583,-1.510461449623108
1694974819.6544998,0.23769459128379822,0.3685881197452545,-1.510369062423706
1694974819.687655,0.2373492568731308,0.3701085150241852,-1.511347770690918
1694974819.721907,0.23672467470169067,0.3715389370918274,-1.5125281810760498
1694974819.7530053,0.2367531657218933,0.3728029131889343,-1.5124517679214478
1694974819.7866347,0.23778122663497925,0.37393882870674133,-1.51236093044281
1694974819.8202033,0.2377353012561798,0.3735768795013428,-1.5107024908065796
1694974819.8518844,0.23750944435596466,0.3739836812019348,-1.510184407234192
1694974819.8881419,0.23806443810462952,0.37422820925712585,-1.5094702243804932
1694974819.9197674,0.23881369829177856,0.3740583062171936,-1.5084609985351562
1694974819.9538836,0.23982809484004974,0.37340888381004333,-1.5070197582244873
1694974819.9884446,0.24151156842708588,0.37292519211769104,-1.5075702667236328
1694974820.0195146,0.24264034628868103,0.3724555969238281,-1.5077131986618042
1694974820.0556347,0.2427312582731247,0.3722797632217407,-1.5074571371078491
1694974820.088344,0.24276939034461975,0.3725898265838623,-1.5074487924575806
1694974820.1212854,0.2428988367319107,0.37319234013557434,-1.5072134733200073
1694974820.1530092,0.24288927018642426,0.37421828508377075,-1.5066554546356201
1694974820.1888402,0.24318832159042358,0.3752659261226654,-1.5063598155975342
1694974820.2225134,0.24333234131336212,0.37655457854270935,-1.506877064704895
1694974820.2558837,0.24390415847301483,0.37784671783447266,-1.5075485706329346
1694974820.2895677,0.24587436020374298,0.379018634557724,-1.508294701576233
1694974820.3216343,0.2483697533607483,0.3793618381023407,-1.509136438369751
1694974820.3559556,0.25097978115081787,0.37915095686912537,-1.510160207748413
1694974820.3896444,0.25443023443222046,0.37781214714050293,-1.5113617181777954
1694974820.4223917,0.2578215003013611,0.376420795917511,-1.5123907327651978
1694974820.4550097,0.26077768206596375,0.3754638135433197,-1.5134978294372559
1694974820.4887664,0.26226744055747986,0.37504667043685913,-1.5141932964324951
1694974820.5222847,0.2616804242134094,0.3745546042919159,-1.514866828918457
1694974820.556813,0.26121005415916443,0.3744445741176605,-1.5161603689193726
1694974820.5900328,0.2609711289405823,0.3744666874408722,-1.5169390439987183
1694974820.6235557,0.2604079842567444,0.3739720284938812,-1.5169328451156616
1694974820.6577766,0.2604350745677948,0.37291890382766724,-1.516004204750061
1694974820.6913917,0.2616695761680603,0.3707149624824524,-1.5149180889129639
1694974820.723913,0.2626873552799225,0.3690199553966522,-1.5139739513397217
1694974820.759062,0.26065245270729065,0.3671058714389801,-1.5124547481536865
1694974820.790653,0.2570232152938843,0.36463382840156555,-1.5108672380447388
1694974820.824886,0.25189658999443054,0.3624260425567627,-1.5075151920318604
1694974820.8584602,0.24860943853855133,0.35782694816589355,-1.5022317171096802
1694974820.893192,0.24374912679195404,0.3508208692073822,-1.4965250492095947
1694974820.9257178,0.23902446031570435,0.3431738317012787,-1.486125111579895
1694974820.9595141,0.23440927267074585,0.3340916335582733,-1.4704704284667969
1694974820.9946404,0.22966128587722778,0.32342639565467834,-1.4549906253814697
1694974821.025672,0.22274115681648254,0.31207171082496643,-1.4410353899002075
1694974821.0595593,0.21476686000823975,0.2970845401287079,-1.42649245262146
1694974821.0925908,0.20699888467788696,0.27959489822387695,-1.4122477769851685
1694974821.1247594,0.19944892823696136,0.2604726552963257,-1.3984253406524658
1694974821.1605327,0.18896865844726562,0.24006330966949463,-1.389536738395691
1694974821.1945598,0.1792847216129303,0.2211945354938507,-1.3860805034637451
1694974821.2276392,0.1724524199962616,0.20420080423355103,-1.3939275741577148
1694974821.2611601,0.16648440062999725,0.1914481222629547,-1.405851125717163
1694974821.293774,0.1608409583568573,0.18242107331752777,-1.4189437627792358
1694974821.3301406,0.15574170649051666,0.1764061599969864,-1.4332668781280518
1694974821.361843,0.15088793635368347,0.17122617363929749,-1.4475504159927368
1694974821.3948712,0.14628328382968903,0.16701385378837585,-1.4601365327835083
1694974821.4267952,0.14184994995594025,0.16130788624286652,-1.4737532138824463
1694974821.461842,0.13804347813129425,0.1549532413482666,-1.487067461013794
1694974821.494873,0.13424240052700043,0.14574244618415833,-1.504128336906433
1694974821.527009,0.1340421438217163,0.13326188921928406,-1.5269114971160889
1694974821.561142,0.13519328832626343,0.12048184871673584,-1.5532032251358032
1694974821.5947595,0.13729892671108246,0.11056311428546906,-1.5819072723388672
1694974821.627837,0.13816596567630768,0.10525154322385788,-1.607462763786316
1694974821.6613925,0.13797011971473694,0.10488804429769516,-1.6291890144348145
1694974821.697973,0.13611623644828796,0.10801534354686737,-1.6423733234405518
1694974821.730498,0.1352231353521347,0.11014097929000854,-1.6475090980529785
1694974821.76579,0.13383951783180237,0.11026563495397568,-1.647495150566101
1694974821.7983239,0.13318032026290894,0.10853061825037003,-1.6441007852554321
1694974821.8329606,0.13187062740325928,0.10584408789873123,-1.6386077404022217
1694974821.8640103,0.130217045545578,0.1011781096458435,-1.6333705186843872
1694974821.8965564,0.12790648639202118,0.09549939632415771,-1.630434513092041
1694974821.9311407,0.12476050853729248,0.08983966708183289,-1.6273562908172607
1694974821.9656627,0.1218748465180397,0.08314663916826248,-1.6262720823287964
1694974821.997727,0.11911997199058533,0.07848489284515381,-1.6253223419189453
1694974822.031905,0.11563476175069809,0.07425330579280853,-1.623626947402954
1694974822.0649948,0.11222764849662781,0.06969894468784332,-1.6240317821502686
1694974822.1006405,0.1095828264951706,0.06460009515285492,-1.6265285015106201
1694974822.1327524,0.10775870829820633,0.05933188274502754,-1.6310583353042603
1694974822.163847,0.10694748163223267,0.05347824469208717,-1.6372017860412598
1694974822.198077,0.10733968019485474,0.048834726214408875,-1.6427053213119507
1694974822.2316,0.1087217703461647,0.045422859489917755,-1.6482278108596802
1694974822.2656436,0.10974594950675964,0.042676202952861786,-1.6531751155853271
1694974822.3011892,0.11067868024110794,0.04103439673781395,-1.6565656661987305
1694974822.331709,0.11111077666282654,0.040373239666223526,-1.6585429906845093
1694974822.3677926,0.11127176880836487,0.03973662108182907,-1.6586370468139648
1694974822.397873,0.11150770634412766,0.03939317166805267,-1.6589598655700684
1694974822.43201,0.11175315827131271,0.03914341703057289,-1.6601487398147583
1694974822.4647603,0.11219637095928192,0.03913426399230957,-1.6616138219833374
1694974822.499824,0.11275200545787811,0.03932441398501396,-1.661728858947754
1694974822.5331352,0.11340012401342392,0.04041408747434616,-1.6608302593231201
1694974822.5666506,0.11423103511333466,0.04197867959737778,-1.659038782119751
1694974822.5976949,0.11516724526882172,0.042877718806266785,-1.6583572626113892
1694974822.6322172,0.11635306477546692,0.04330259934067726,-1.6580959558486938
1694974822.6658864,0.11671242862939835,0.04370996356010437,-1.656821370124817
1694974822.70196,0.11678020656108856,0.04462148994207382,-1.65443754196167
1694974822.7385159,0.11683207750320435,0.0457913912832737,-1.650739073753357
1694974822.7794592,0.116783507168293,0.047249436378479004,-1.6466232538223267
1694974822.8224747,0.11692339926958084,0.048888809978961945,-1.6417226791381836
1694974822.862166,0.1168501228094101,0.049754273146390915,-1.6381492614746094
1694974822.9050345,0.1164230927824974,0.05067751184105873,-1.6355469226837158
1694974822.9447813,0.11616777628660202,0.050371088087558746,-1.6382548809051514
1694974822.987905,0.11652445048093796,0.04968979209661484,-1.6411950588226318
1694974823.0301533,0.1164356991648674,0.04909832775592804,-1.6436411142349243
1694974823.0711834,0.1164146363735199,0.04784232750535011,-1.6493951082229614
1694974823.1117096,0.11610224097967148,0.04731275513768196,-1.652630090713501
1694974823.1545806,0.11560853570699692,0.04659077525138855,-1.654333472251892
1694974823.1951349,0.11540968716144562,0.04604095593094826,-1.6555403470993042
1694974823.2373548,0.11432108283042908,0.04459395632147789,-1.6557841300964355
1694974823.2795873,0.11421036720275879,0.04369101673364639,-1.6548429727554321
1694974823.3228855,0.11410418897867203,0.042513106018304825,-1.6546729803085327
1694974823.3657622,0.1138438880443573,0.040544696152210236,-1.655225396156311
1694974823.4084017,0.11551794409751892,0.03988204523921013,-1.6582313776016235
1694974823.4530287,0.11628115177154541,0.04157772287726402,-1.6569788455963135
1694974823.49576,0.11671747267246246,0.04335403814911842,-1.6568952798843384
1694974823.5409052,0.11644434183835983,0.044794365763664246,-1.657083511352539
1694974823.5854378,0.1158565953373909,0.04511920362710953,-1.6573591232299805
1694974823.6270049,0.11481829732656479,0.0453253909945488,-1.65712308883667
1694974823.6707606,0.11487861722707748,0.04539823904633522,-1.6568337678909302
1694974823.7096906,0.11562605947256088,0.045689214020967484,-1.6562707424163818
1694974823.7512827,0.11555671691894531,0.04535205662250519,-1.6563665866851807
1694974823.7913914,0.1147727444767952,0.04529470577836037,-1.6568676233291626
1694974823.8350103,0.11467582732439041,0.04509599134325981,-1.6585415601730347
1694974823.8746352,0.11506561934947968,0.04357336461544037,-1.6610829830169678
1694974823.9197848,0.11565830558538437,0.04284164309501648,-1.6591134071350098
1694974823.9613903,0.1158050075173378,0.04180177301168442,-1.6572760343551636
1694974824.0040104,0.11589030176401138,0.040242139250040054,-1.656445026397705
1694974824.045885,0.11651740968227386,0.038757145404815674,-1.6562144756317139
1694974824.0876403,0.11662337929010391,0.038524892181158066,-1.6568485498428345
1694974824.1296422,0.11703194677829742,0.03799106553196907,-1.6581528186798096
1694974827.1725714,0.05236384645104408,-0.12095265090465546,-1.4029419422149658
1694974827.237887,0.12254247069358826,-0.16737504303455353,-1.1460973024368286
1694974827.3057616,0.1622781753540039,-0.1494622379541397,-1.0158791542053223
1694974827.371824,0.18113021552562714,-0.11024050414562225,-0.9140260815620422
1694974827.4360118,0.1876799315214157,-0.07601135969161987,-0.8554130792617798
1694974827.4977803,0.18739838898181915,-0.06694914400577545,-0.8455729484558105
1694974827.561073,0.18144357204437256,-0.07920347899198532,-0.8595594763755798
1694974827.6067612,0.17786145210266113,-0.09393344819545746,-0.8781331777572632
1694974827.6520822,0.17189118266105652,-0.10496659576892853,-0.8986623287200928
1694974827.697113,0.17230813205242157,-0.10694459080696106,-0.9130488634109497
1694974827.7406652,0.17398376762866974,-0.10114231705665588,-0.9141099452972412
1694974827.7835205,0.17368744313716888,-0.09433387219905853,-0.9009506106376648
1694974827.8260252,0.17304804921150208,-0.08599354326725006,-0.8891003727912903
1694974827.8701463,0.17355976998806,-0.08314086496829987,-0.8812079429626465
1694974827.911282,0.17476309835910797,-0.08316746354103088,-0.8783733248710632
1694974827.954892,0.17863132059574127,-0.08831076323986053,-0.8814752101898193
1694974827.9960427,0.1790642887353897,-0.09221671521663666,-0.8863857984542847
1694974828.041014,0.1771364063024521,-0.09468746185302734,-0.8900038599967957
1694974828.0872653,0.17459654808044434,-0.09573756158351898,-0.8939952254295349
1694974828.1312406,0.17326658964157104,-0.09384849667549133,-0.89288330078125
1694974828.1748874,0.1718570441007614,-0.09278376400470734,-0.8941954970359802
1694974828.2206452,0.17018532752990723,-0.09215661883354187,-0.8923233151435852
1694974828.262675,0.1682334691286087,-0.09155011177062988,-0.888658344745636
1694974828.3047616,0.1678604781627655,-0.09146790206432343,-0.8891136646270752
1694974828.346894,0.16800375282764435,-0.09193400293588638,-0.89117032289505
1694974828.391867,0.16607020795345306,-0.09142541885375977,-0.8849009275436401
1694974828.435464,0.16499392688274384,-0.09072485566139221,-0.8788619041442871
1694974828.4760118,0.16337569057941437,-0.09016785025596619,-0.8777596950531006
1694974828.5176413,0.16182151436805725,-0.0884072408080101,-0.8777081370353699
1694974828.5598903,0.16129450500011444,-0.08942733705043793,-0.8796303272247314
1694974828.6024106,0.16196373105049133,-0.09019777178764343,-0.8823710083961487
1694974828.6439674,0.16087479889392853,-0.09013359248638153,-0.8829980492591858
1694974828.6851366,0.16037188470363617,-0.08871690183877945,-0.882271409034729
1694974828.726762,0.16238142549991608,-0.08616793155670166,-0.8818154335021973
1694974828.7703927,0.16480425000190735,-0.08585378527641296,-0.8837794065475464
1694974828.8128214,0.165895015001297,-0.08808475732803345,-0.8867124915122986
1694974828.8538504,0.16724547743797302,-0.09137649834156036,-0.8909779191017151
1694974828.897012,0.16913142800331116,-0.09515756368637085,-0.8939559459686279
1694974828.9411495,0.1699521392583847,-0.09643884003162384,-0.8949313163757324
1694974828.983993,0.169228658080101,-0.09742904454469681,-0.8923241496086121
1694974829.0251372,0.16714772582054138,-0.0946379154920578,-0.8904338479042053
1694974829.0674865,0.16793027520179749,-0.09365308284759521,-0.8909558653831482
1694974829.1076424,0.16923144459724426,-0.0936213880777359,-0.8899032473564148
1694974829.1518714,0.17038597166538239,-0.09401128441095352,-0.8896669149398804
1694974829.1940122,0.1700545996427536,-0.09650366008281708,-0.8907648324966431
1694974829.2371457,0.17092393338680267,-0.0980234146118164,-0.8911522030830383
1694974829.2787743,0.1717444807291031,-0.09773074090480804,-0.8907414674758911
1694974829.322305,0.17175084352493286,-0.09737637639045715,-0.8863697052001953
1694974829.3638911,0.1692173182964325,-0.09628595411777496,-0.8772358298301697
1694974829.4049373,0.16967296600341797,-0.09499211609363556,-0.8743461966514587
1694974829.4474714,0.1707931011915207,-0.093755342066288,-0.8708770275115967
1694974829.4908268,0.17219798266887665,-0.09209074825048447,-0.8674783110618591
1694974829.532861,0.17738637328147888,-0.09179002791643143,-0.8711920380592346
1694974829.5773916,0.18006759881973267,-0.09237010776996613,-0.8739738464355469
1694974829.6213245,0.18131177127361298,-0.0931103378534317,-0.8761249780654907
1694974829.6623943,0.1836160272359848,-0.09552180767059326,-0.8849315047264099
1694974829.7050114,0.18261195719242096,-0.09595255553722382,-0.8891913890838623
1694974829.745642,0.18151463568210602,-0.09606888890266418,-0.8915214538574219
1694974829.788276,0.18063126504421234,-0.09638802707195282,-0.8915042877197266
1694974829.829305,0.17984813451766968,-0.09788601100444794,-0.8904854655265808
1694974829.8713367,0.17951439321041107,-0.09913413226604462,-0.889244556427002
1694974829.9138715,0.17866350710391998,-0.09941106289625168,-0.8873096704483032
1694974829.9566238,0.17807462811470032,-0.09905833750963211,-0.8857964277267456
1694974830.0003958,0.17724454402923584,-0.09860295057296753,-0.8843339681625366
1694974830.0407026,0.1768101453781128,-0.09858384728431702,-0.884148120880127
1694974830.0853918,0.17599982023239136,-0.0978899747133255,-0.8836061954498291
1694974830.1248932,0.17586858570575714,-0.09699605405330658,-0.8847212791442871
1694974830.1539378,0.17623107135295868,-0.09614173322916031,-0.8856134414672852
1694974830.1830127,0.1765432208776474,-0.09585460275411606,-0.8857231736183167
1694974830.212212,0.17681166529655457,-0.0957687497138977,-0.8852871060371399
1694974830.2427366,0.17716534435749054,-0.09588778764009476,-0.8846940994262695
1694974830.273261,0.1768590658903122,-0.09640192240476608,-0.8835757374763489
1694974830.3018882,0.17717456817626953,-0.09652990847826004,-0.8820393085479736
1694974830.3336418,0.17715705931186676,-0.09609139710664749,-0.8808882236480713
1694974830.363211,0.1762065440416336,-0.09569869935512543,-0.8787260055541992
1694974830.3928006,0.1750544160604477,-0.09551770985126495,-0.8786359429359436
1694974830.426921,0.17461936175823212,-0.09621183574199677,-0.880281388759613
1694974830.4579527,0.17411735653877258,-0.09731118381023407,-0.8834999203681946
1694974830.4927666,0.17411403357982635,-0.0993572324514389,-0.888134777545929
1694974830.5268877,0.17368483543395996,-0.10129925608634949,-0.8906550407409668
1694974830.5602698,0.1731669008731842,-0.10199500620365143,-0.8914101719856262
1694974830.592767,0.17309972643852234,-0.10181830823421478,-0.8914549946784973
1694974830.6258883,0.17292900383472443,-0.10167184472084045,-0.8899968862533569
1694974830.6610036,0.17354702949523926,-0.10066983103752136,-0.889255940914154
1694974830.6927834,0.17447823286056519,-0.09918347001075745,-0.8878153562545776
1694974830.7268882,0.17512832581996918,-0.09754924476146698,-0.8867210149765015
1694974830.7598224,0.17559440433979034,-0.09577949345111847,-0.884665846824646
1694974830.7938614,0.17556576430797577,-0.0938849076628685,-0.8831882476806641
1694974830.8266428,0.17598167061805725,-0.09294558316469193,-0.8837696313858032
1694974830.8597631,0.17652007937431335,-0.09207776188850403,-0.8853271007537842
1694974830.8921356,0.17648020386695862,-0.09153150767087936,-0.8852241635322571
1694974830.9281628,0.17694802582263947,-0.0920596793293953,-0.8849145174026489
1694974830.9612703,0.17786239087581635,-0.09307654201984406,-0.8868521451950073
1694974830.993613,0.17865009605884552,-0.09430466592311859,-0.8888530135154724
1694974831.0280015,0.17942696809768677,-0.09625928103923798,-0.8910268545150757
1694974831.0601385,0.17952777445316315,-0.09703890979290009,-0.8943880796432495
1694974831.0968902,0.17913320660591125,-0.09668594598770142,-0.8960358500480652
1694974831.1276433,0.17774111032485962,-0.0961252897977829,-0.8961331844329834
1694974831.1601741,0.17690721154212952,-0.09572555124759674,-0.8958612084388733
1694974831.1948903,0.17686201632022858,-0.09668433666229248,-0.8967962265014648
1694974831.2278183,0.17673686146736145,-0.09774187207221985,-0.8975794911384583
1694974831.26234,0.17613501846790314,-0.09948896616697311,-0.8984074592590332
1694974831.2950149,0.17557062208652496,-0.10106963664293289,-0.8998308777809143
1694974831.3280587,0.17517021298408508,-0.10222895443439484,-0.9007971882820129
1694974831.3625853,0.1747211217880249,-0.10186447203159332,-0.9007430076599121
1694974831.3948975,0.17426028847694397,-0.10134746134281158,-0.8997116684913635
1694974831.428962,0.17488887906074524,-0.1008119136095047,-0.9000169038772583
1694974831.464013,0.1754920482635498,-0.10023657977581024,-0.8994770050048828
1694974831.4971423,0.17592325806617737,-0.0994592010974884,-0.8993252515792847
1694974831.5306704,0.1752152144908905,-0.0988084226846695,-0.8977516889572144
1694974831.5607054,0.1743604689836502,-0.09833075851202011,-0.8953345417976379
1694974831.594749,0.17308993637561798,-0.09778032451868057,-0.8937394022941589
1694974831.6309574,0.17214623093605042,-0.09702333807945251,-0.8936967849731445
1694974831.6641378,0.1708327978849411,-0.09684421122074127,-0.8908355236053467
1694974831.695661,0.17031683027744293,-0.09575025737285614,-0.887966513633728
1694974831.729646,0.17044389247894287,-0.0942937433719635,-0.8866428136825562
1694974831.7637644,0.17131656408309937,-0.0931410938501358,-0.8858739137649536
1694974831.7980585,0.17305070161819458,-0.09267517924308777,-0.8864878416061401
1694974831.830606,0.17487582564353943,-0.09156620502471924,-0.8889685273170471
1694974831.8646388,0.17640851438045502,-0.09015125036239624,-0.8917286992073059
1694974831.8967628,0.17727845907211304,-0.08925296366214752,-0.8922668695449829
1694974831.9328885,0.17781372368335724,-0.08888855576515198,-0.8925022482872009
1694974831.9654136,0.17786014080047607,-0.08795329928398132,-0.8913708925247192
1694974831.9975615,0.17775657773017883,-0.0879819244146347,-0.8882874250411987
1694974832.0320878,0.17798683047294617,-0.08785977959632874,-0.8850420713424683
1694974832.0671127,0.1777714043855667,-0.08724178373813629,-0.8818570971488953
1694974832.0990124,0.17718304693698883,-0.0865679532289505,-0.8806058168411255
1694974832.1325366,0.17749236524105072,-0.08601517975330353,-0.8767509460449219
1694974832.1665657,0.17758727073669434,-0.08738598227500916,-0.8765175938606262
1694974832.1998816,0.17795737087726593,-0.08721735328435898,-0.8738582730293274
1694974832.231938,0.17862825095653534,-0.08807387948036194,-0.8700212240219116
1694974832.266027,0.179319366812706,-0.08773252367973328,-0.8675501942634583
1694974832.2995858,0.18009400367736816,-0.08958312124013901,-0.8712485432624817
1694974835.9558942,-0.1713733822107315,-0.05132782831788063,-1.3418776988983154
1694974836.024139,-0.17229866981506348,-0.050266530364751816,-1.332903265953064
1694974836.0910144,-0.17398743331432343,-0.08463707566261292,-1.4005849361419678
1694974836.1478913,-0.17314359545707703,-0.08288039267063141,-1.4118236303329468
1694974836.2060223,-0.1741890162229538,-0.08491142094135284,-1.4090181589126587
1694974836.2701514,-0.1737508773803711,-0.08444258570671082,-1.411146640777588
1694974836.3387175,-0.17248712480068207,-0.0833369642496109,-1.416059136390686
1694974836.3807847,-0.1731991171836853,-0.08432377874851227,-1.410969853401184
1694974836.4251392,-0.17274484038352966,-0.084816113114357,-1.4063547849655151
1694974836.470412,-0.1731732189655304,-0.08616907894611359,-1.3942623138427734
1694974836.5136988,-0.17295852303504944,-0.08875885605812073,-1.3691397905349731
1694974836.5572262,-0.1703612506389618,-0.09382042288780212,-1.3037090301513672
1694974836.6029422,-0.1687033623456955,-0.09362161159515381,-1.2610058784484863
1694974836.6466417,-0.1668955385684967,-0.09128578007221222,-1.2279489040374756
1694974836.6910045,-0.1641884744167328,-0.08642695844173431,-1.1874947547912598
1694974836.7368329,-0.16426484286785126,-0.08693456649780273,-1.1807514429092407
1694974836.77815,-0.16440355777740479,-0.0878472626209259,-1.1801141500473022
1694974836.8236828,-0.16464978456497192,-0.0885675773024559,-1.1820220947265625
1694974836.8648903,-0.1652688831090927,-0.09062746167182922,-1.1943110227584839
1694974836.909732,-0.16571596264839172,-0.09154004603624344,-1.2050203084945679
1694974836.9519403,-0.1661626696586609,-0.09262467175722122,-1.2174451351165771
1694974836.9952695,-0.1664828062057495,-0.09299096465110779,-1.2252391576766968
1694974837.0385199,-0.1672372967004776,-0.09308989346027374,-1.229903221130371
1694974837.081162,-0.16784434020519257,-0.09279011189937592,-1.231842041015625
1694974837.1256974,-0.1695813238620758,-0.09253296256065369,-1.2342251539230347
1694974837.1680357,-0.16953253746032715,-0.0927778035402298,-1.2338182926177979
1694974837.208079,-0.16898462176322937,-0.09312938153743744,-1.2336516380310059
1694974837.2521048,-0.1684165894985199,-0.09355515241622925,-1.233411431312561
1694974837.2922199,-0.16584405303001404,-0.09413061290979385,-1.231318473815918
1694974837.334015,-0.16473685204982758,-0.0938216894865036,-1.2288392782211304
1694974837.3776019,-0.16430798172950745,-0.09343774616718292,-1.2280724048614502
1694974837.4199111,-0.16425077617168427,-0.09219938516616821,-1.2267866134643555
1694974837.461939,-0.16486427187919617,-0.0915800929069519,-1.2273718118667603
1694974837.5060198,-0.16535130143165588,-0.09124837815761566,-1.2288963794708252
1694974837.5503955,-0.16592948138713837,-0.0910637378692627,-1.2306588888168335
1694974837.5914998,-0.16721443831920624,-0.09147973358631134,-1.2326045036315918
1694974837.6341403,-0.1677926927804947,-0.09202265739440918,-1.2332298755645752
1694974837.6772668,-0.16838842630386353,-0.09260885417461395,-1.2337193489074707
1694974837.7220364,-0.16857440769672394,-0.09300577640533447,-1.233439326286316
1694974837.7618582,-0.1682688444852829,-0.09334862232208252,-1.2326061725616455
1694974837.80389,-0.16831769049167633,-0.09341051429510117,-1.2319939136505127
1694974837.845648,-0.1682053804397583,-0.0934392660856247,-1.2317105531692505
1694974837.8890862,-0.16869159042835236,-0.0939631313085556,-1.232335090637207
1694974837.929672,-0.16870132088661194,-0.09386328607797623,-1.2330591678619385
1694974837.9716988,-0.1690608263015747,-0.09399180114269257,-1.2336593866348267
1694974838.0127692,-0.1689913421869278,-0.09389708936214447,-1.2341768741607666
1694974838.056799,-0.1690906137228012,-0.09387798607349396,-1.2350268363952637
1694974838.1006446,-0.16938266158103943,-0.09405793249607086,-1.2351828813552856
1694974838.1408777,-0.17017577588558197,-0.09429223835468292,-1.2342725992202759
1694974838.181036,-0.17106640338897705,-0.09461750090122223,-1.2338722944259644
1694974838.2251403,-0.1719152182340622,-0.09516029059886932,-1.2334926128387451
1694974838.267788,-0.17185449600219727,-0.09546072781085968,-1.2336273193359375
1694974838.3089674,-0.17160171270370483,-0.0957939624786377,-1.2335450649261475
1694974838.3509927,-0.17116296291351318,-0.09616982936859131,-1.233245849609375
1694974838.3910491,-0.16906239092350006,-0.09583204984664917,-1.2320984601974487
1694974838.4322577,-0.16729940474033356,-0.09523489326238632,-1.2300375699996948
1694974838.4751399,-0.1669968068599701,-0.09510655701160431,-1.2284705638885498
1694974838.5176375,-0.16768722236156464,-0.09515711665153503,-1.228022575378418
1694974838.5589125,-0.16947335004806519,-0.09487076103687286,-1.2278001308441162
1694974838.602023,-0.1708478033542633,-0.09444960951805115,-1.2282438278198242
1694974838.6428905,-0.17175810039043427,-0.09411695599555969,-1.229572057723999
1694974838.6849408,-0.17233142256736755,-0.09383925795555115,-1.230360984802246
1694974838.7249424,-0.17144468426704407,-0.09252779185771942,-1.2313258647918701
1694974838.7702725,-0.1706240028142929,-0.09197540581226349,-1.2320656776428223
1694974838.8087168,-0.1705511063337326,-0.09228533506393433,-1.232447862625122
1694974838.8528311,-0.16964979469776154,-0.0924142450094223,-1.2337775230407715
1694974838.9026473,-0.168928861618042,-0.09232082962989807,-1.234551191329956
1694974838.9436743,-0.16863419115543365,-0.09242814779281616,-1.2354220151901245
1694974838.9867806,-0.16929607093334198,-0.09240923076868057,-1.2358952760696411
1694974839.0293372,-0.17102444171905518,-0.09260779619216919,-1.2356467247009277
1694974839.0724492,-0.17139071226119995,-0.0926760882139206,-1.2356369495391846
1694974839.1187227,-0.17169895768165588,-0.09273889660835266,-1.23594069480896
1694974839.1500192,-0.17219233512878418,-0.09282158315181732,-1.235672116279602
1694974839.180058,-0.17263822257518768,-0.09293852001428604,-1.2353689670562744
1694974839.2116451,-0.17295615375041962,-0.09298473596572876,-1.2354530096054077
1694974839.240677,-0.17242009937763214,-0.09291049093008041,-1.2350971698760986
1694974839.2723966,-0.1721135675907135,-0.09288398921489716,-1.234840750694275
1694974839.3038924,-0.1714514046907425,-0.09310473501682281,-1.2344117164611816
1694974839.3324642,-0.17114752531051636,-0.09339617192745209,-1.2341547012329102
1694974839.3631132,-0.17051544785499573,-0.09365718066692352,-1.2341554164886475
1694974839.3923929,-0.1695871353149414,-0.09351874887943268,-1.2342911958694458
1694974839.4219413,-0.16864877939224243,-0.09347054362297058,-1.2346396446228027
1694974839.457443,-0.1678919941186905,-0.09334439039230347,-1.2348365783691406
1694974839.492816,-0.1670767068862915,-0.09310322254896164,-1.2345795631408691
1694974839.525141,-0.16706483066082,-0.09306850284337997,-1.2340550422668457
1694974839.557015,-0.1674443781375885,-0.09332835674285889,-1.233296513557434
1694974839.5905683,-0.16803282499313354,-0.0934782475233078,-1.2324497699737549
1694974839.6235957,-0.16873396933078766,-0.09359239041805267,-1.2317861318588257
1694974839.6586616,-0.1686149537563324,-0.09342996776103973,-1.2315491437911987
1694974839.6907265,-0.16865260899066925,-0.09359489381313324,-1.231605052947998
1694974839.7228904,-0.16855645179748535,-0.09377726167440414,-1.2315168380737305
1694974839.7576456,-0.1684398502111435,-0.09392409026622772,-1.2315971851348877
1694974839.7911692,-0.16831108927726746,-0.0940629243850708,-1.2318637371063232
1694974839.824766,-0.16840395331382751,-0.09422571957111359,-1.2313480377197266
1694974839.8584123,-0.16830964386463165,-0.09412550926208496,-1.2301925420761108
1694974839.8919818,-0.16791215538978577,-0.09378130733966827,-1.2298798561096191
1694974839.925765,-0.16769041121006012,-0.09382833540439606,-1.230305552482605
1694974839.9584117,-0.16774338483810425,-0.09387573599815369,-1.2308926582336426
1694974839.991088,-0.167609304189682,-0.09333144128322601,-1.2314850091934204
1694974840.0258915,-0.1670362651348114,-0.09265778958797455,-1.232535719871521
1694974840.0581522,-0.16618384420871735,-0.09197504073381424,-1.2331466674804688
1694974840.0918906,-0.1655454933643341,-0.09176409244537354,-1.233727216720581
1694974840.1266637,-0.16520272195339203,-0.0917300134897232,-1.2341076135635376
1694974840.1587808,-0.16505074501037598,-0.09160579741001129,-1.2341710329055786
1694974840.1918855,-0.1650182455778122,-0.09177595376968384,-1.233581781387329
1694974840.226016,-0.16573882102966309,-0.09219495952129364,-1.232904314994812
1694974840.259272,-0.16593080759048462,-0.09241510927677155,-1.2318671941757202
1694974840.2920783,-0.16634374856948853,-0.09267035126686096,-1.230672836303711
1694974840.325664,-0.16702423989772797,-0.0929252877831459,-1.2299301624298096
1694974840.360693,-0.16793952882289886,-0.09297408163547516,-1.2292780876159668
1694974840.393016,-0.16870839893817902,-0.09298650920391083,-1.2288614511489868
1694974840.4278893,-0.16965244710445404,-0.09290152788162231,-1.2288113832473755
1694974840.4614155,-0.1702985316514969,-0.09271307289600372,-1.2287362813949585
1694974840.4920158,-0.1705944538116455,-0.09259447455406189,-1.2287752628326416
1694974840.5287974,-0.17075131833553314,-0.09266553074121475,-1.2295430898666382
1694974840.5590348,-0.17081403732299805,-0.09261168539524078,-1.2306619882583618
1694974840.595257,-0.17014296352863312,-0.09264034032821655,-1.2320133447647095
1694974840.6292856,-0.16804611682891846,-0.09159014374017715,-1.2346323728561401
1694974840.6624,-0.16646790504455566,-0.09058183431625366,-1.236108422279358
1694974840.6950364,-0.16533368825912476,-0.08995028585195541,-1.236361026763916
1694974840.7281544,-0.16440315544605255,-0.08927394449710846,-1.2363485097885132
1694974840.7607856,-0.1635413020849228,-0.08869801461696625,-1.2364201545715332
1694974840.7958105,-0.16374392807483673,-0.08895336091518402,-1.2359219789505005
1694974840.8289106,-0.16425789892673492,-0.0893704742193222,-1.2358088493347168
1694974840.860435,-0.16516073048114777,-0.08978854864835739,-1.2358739376068115
1694974840.8966463,-0.1662192940711975,-0.09009753167629242,-1.2361464500427246
1694974840.9296458,-0.16726313531398773,-0.0904722660779953,-1.2363102436065674
1694974840.9640157,-0.1685594618320465,-0.09076406806707382,-1.236099362373352
1694974840.995592,-0.16987818479537964,-0.09083136916160583,-1.2351397275924683
1694974841.031794,-0.17056810855865479,-0.09077446162700653,-1.2340831756591797
1694974841.0658937,-0.17048606276512146,-0.09052886068820953,-1.2334260940551758
1694974841.096969,-0.17071959376335144,-0.09042083472013474,-1.2325630187988281
1694974844.147983,-0.10319524258375168,0.006274554878473282,-1.2095263004302979
1694974844.2131417,-0.10422182083129883,0.0071057528257369995,-1.216605305671692
1694974844.2790318,-0.10551809519529343,0.007698409259319305,-1.2210360765457153
1694974844.3451052,-0.10328570008277893,0.009156569838523865,-1.2233701944351196
1694974844.4126523,-0.10190693289041519,0.0045662857592105865,-1.2269175052642822
1694974844.478205,-0.09631515294313431,0.002485286444425583,-1.224931240081787
1694974844.5435867,-0.091977059841156,0.002180658280849457,-1.2218445539474487
1694974844.5881226,-0.08583338558673859,0.0038511790335178375,-1.2183598279953003
1694974844.6321561,-0.08384698629379272,0.004898376762866974,-1.214383840560913
1694974844.676953,-0.08260240405797958,0.005917388945817947,-1.2104198932647705
1694974844.7198603,-0.07884354889392853,0.007783904671669006,-1.204938530921936
1694974844.7633824,-0.0771978497505188,0.009525254368782043,-1.2035053968429565
1694974844.808523,-0.07584097981452942,0.011027717962861061,-1.204068899154663
1694974844.8521574,-0.07801976799964905,0.009878452867269516,-1.2110096216201782
1694974844.8977752,-0.08142628520727158,0.0073895882815122604,-1.216662883758545
1694974844.9408712,-0.08093035221099854,0.006974495947360992,-1.222609519958496
1694974844.9874864,-0.07924757152795792,0.005849670618772507,-1.232593297958374
1694974845.0300677,-0.07862432301044464,0.0061178505420684814,-1.234905481338501
1694974845.0720344,-0.07848477363586426,0.006715692579746246,-1.2337605953216553
1694974845.1196723,-0.07976791262626648,0.00790971890091896,-1.2346785068511963
1694974845.1602724,-0.08291400223970413,0.008563268929719925,-1.231101393699646
1694974845.2040396,-0.08466825634241104,0.009651221334934235,-1.2292183637619019
1694974845.2457354,-0.08478718996047974,0.010475590825080872,-1.2265284061431885
1694974845.288397,-0.08474762737751007,0.013632088899612427,-1.2192258834838867
1694974845.3296676,-0.08388066291809082,0.016107581555843353,-1.2151484489440918
1694974845.372281,-0.08313911408185959,0.017930885776877403,-1.2129682302474976
1694974845.4130173,-0.08220642805099487,0.019366808235645294,-1.2114497423171997
1694974845.4548924,-0.08085588365793228,0.02109314687550068,-1.2102943658828735
1694974845.4967985,-0.08054777979850769,0.019937807694077492,-1.2107465267181396
1694974845.5389156,-0.08102107048034668,0.018286338075995445,-1.2116682529449463
1694974845.5790365,-0.08287692070007324,0.015193585306406021,-1.21436607837677
1694974845.6237836,-0.08702237904071808,0.009946253150701523,-1.219738245010376
1694974845.6668136,-0.08937157690525055,0.006404183804988861,-1.222324013710022
1694974845.7114599,-0.09171544015407562,0.0037281662225723267,-1.2249441146850586
1694974845.754049,-0.09441877901554108,0.00021295621991157532,-1.2300018072128296
1694974845.7981076,-0.09600043296813965,-0.0014819242060184479,-1.2325680255889893
1694974845.841142,-0.09719343483448029,-0.0020933300256729126,-1.2330466508865356
1694974845.882169,-0.10044419020414352,-0.0039106011390686035,-1.2364822626113892
1694974845.9248924,-0.1017276868224144,-0.0053152404725551605,-1.2393642663955688
1694974845.969019,-0.10309064388275146,-0.007067058235406876,-1.2422784566879272
1694974846.0086021,-0.10420109331607819,-0.009066987782716751,-1.2473742961883545
1694974846.051194,-0.10160647332668304,-0.00992261990904808,-1.2474154233932495
1694974846.0918498,-0.10092747211456299,-0.011043034493923187,-1.247822880744934
1694974846.135486,-0.10043909400701523,-0.011819988489151001,-1.2475296258926392
1694974846.1741366,-0.09813467413187027,-0.011322464793920517,-1.2446573972702026
1694974846.213708,-0.09598580002784729,-0.01052602007985115,-1.2418959140777588
1694974846.2548122,-0.09260188043117523,-0.008980676531791687,-1.238187551498413
1694974846.2958486,-0.09040938317775726,-0.0064153410494327545,-1.233098030090332
1694974846.3376484,-0.08850504457950592,-0.005163811147212982,-1.2297261953353882
1694974846.3782883,-0.08562358468770981,-0.0055321939289569855,-1.2288875579833984
1694974846.4213986,-0.08326374739408493,-0.008082568645477295,-1.228952169418335
1694974846.462017,-0.08205635845661163,-0.010281756520271301,-1.228868007659912
1694974846.506768,-0.08038754016160965,-0.01241273432970047,-1.227441430091858
1694974846.5492752,-0.07906258851289749,-0.014417845755815506,-1.225529670715332
1694974846.5913024,-0.0782206803560257,-0.01485862210392952,-1.2239190340042114
1694974846.6358428,-0.07518567144870758,-0.015567615628242493,-1.220429539680481
1694974846.6782799,-0.0687275230884552,-0.015436027199029922,-1.2162505388259888
1694974846.7199163,-0.048942722380161285,-0.018951594829559326,-1.217443585395813
1694974846.761018,-0.03215501457452774,-0.021963045001029968,-1.2223490476608276
1694974846.80477,-0.015347728505730629,-0.02037912979722023,-1.227838397026062
1694974846.8459618,-0.0011504050344228745,-0.013682696968317032,-1.2315326929092407
1694974846.8898156,0.022678937762975693,-0.004557449370622635,-1.2261241674423218
1694974846.9341438,0.032162606716156006,0.002999037504196167,-1.2099037170410156
1694974846.975768,0.04148118942975998,0.008182618767023087,-1.1913714408874512
1694974847.0168417,0.049360185861587524,0.010044202208518982,-1.1845723390579224
1694974847.060918,0.06448657810688019,0.014384288340806961,-1.1729971170425415
1694974847.1050227,0.07004296779632568,0.012531017884612083,-1.1736444234848022
1694974847.1448941,0.07413208484649658,0.008635193109512329,-1.1772464513778687
1694974847.1885128,0.08001439273357391,-0.002199675887823105,-1.1923110485076904
1694974847.2296484,0.08221809566020966,-0.01398322731256485,-1.1982934474945068
1694974847.2719483,0.08200162649154663,-0.023516036570072174,-1.210429072380066
1694974847.3134816,0.08089132606983185,-0.02921001985669136,-1.2207337617874146
1694974847.3566456,0.08069883286952972,-0.03502901643514633,-1.229554295539856
1694974847.3977776,0.08045684546232224,-0.03669209033250809,-1.2261385917663574
1694974847.4394002,0.08110541105270386,-0.04057110473513603,-1.2318018674850464
1694974847.482943,0.08569922298192978,-0.04413480684161186,-1.2315258979797363
1694974847.5241432,0.0890539139509201,-0.05340319499373436,-1.2463648319244385
1694974847.554688,0.0906747430562973,-0.05547378957271576,-1.2492057085037231
1694974847.5879982,0.08955564349889755,-0.05396438017487526,-1.2485527992248535
1694974847.6190634,0.08798715472221375,-0.051648952066898346,-1.2464617490768433
1694974847.6516194,0.08662902563810349,-0.04787425696849823,-1.2324546575546265
1694974847.6841757,0.0853334590792656,-0.04721283167600632,-1.2232387065887451
1694974847.7187757,0.08548938482999802,-0.04812786728143692,-1.216988205909729
1694974847.752947,0.08754320442676544,-0.0477730892598629,-1.215685248374939
1694974847.787034,0.0909162312746048,-0.044817496091127396,-1.2167834043502808
1694974847.8197138,0.09411542862653732,-0.039571672677993774,-1.2141891717910767
1694974847.8522496,0.09202809631824493,-0.035278744995594025,-1.2191765308380127
1694974847.8868678,0.0932857021689415,-0.028207547962665558,-1.2173644304275513
1694974847.9194565,0.0916842445731163,-0.02392054721713066,-1.216977834701538
1694974847.9543939,0.08814733475446701,-0.02451101318001747,-1.2189406156539917
1694974847.9869432,0.08440704643726349,-0.025908563286066055,-1.2281897068023682
1694974848.0194523,0.08474468439817429,-0.025092776864767075,-1.2244130373001099
1694974848.053015,0.08157116174697876,-0.027206532657146454,-1.2331697940826416
1694974848.0868309,0.08119380474090576,-0.029741179198026657,-1.2346500158309937
1694974848.11991,0.08077052235603333,-0.031069573014974594,-1.2345516681671143
1694974848.1549497,0.08066613227128983,-0.03287644684314728,-1.2413678169250488
1694974848.1869187,0.07895956933498383,-0.03511889651417732,-1.2388858795166016
1694974848.220441,0.07815113663673401,-0.035917893052101135,-1.2358801364898682
1694974848.2540255,0.08038099855184555,-0.035086940973997116,-1.2380576133728027
1694974848.2877343,0.08211080729961395,-0.03330134600400925,-1.2364124059677124
1694974848.3207834,0.08520156145095825,-0.033665869385004044,-1.2327535152435303
1694974848.35295,0.08767758309841156,-0.0313388854265213,-1.2302814722061157
1694974848.3859518,0.08877705037593842,-0.02604180946946144,-1.2236312627792358
1694974848.4206643,0.08843214064836502,-0.024501275271177292,-1.2267770767211914
1694974848.45595,0.08803610503673553,-0.021891310811042786,-1.228312611579895
1694974848.4871135,0.08748844265937805,-0.018795333802700043,-1.2304680347442627
1694974848.5211525,0.08698112517595291,-0.01736161857843399,-1.2343463897705078
1694974848.554708,0.08590163290500641,-0.018817108124494553,-1.2418186664581299
1694974848.5898309,0.08466467261314392,-0.022147614508867264,-1.250359296798706
1694974848.6226923,0.08353478461503983,-0.02543046325445175,-1.2564537525177002
1694974848.6548965,0.08239684253931046,-0.025427859276533127,-1.2570844888687134
1694974848.690994,0.0816412940621376,-0.023294799029827118,-1.2542061805725098
1694974848.7310832,0.08155244588851929,-0.020267996937036514,-1.2498341798782349
1694974848.762032,0.08049260079860687,-0.018172942101955414,-1.2469664812088013
1694974848.792554,0.07830465584993362,-0.018288593739271164,-1.2465147972106934
1694974848.8217578,0.07559748739004135,-0.019783157855272293,-1.247673511505127
1694974848.855823,0.07602307200431824,-0.02332160249352455,-1.2492730617523193
1694974848.8900597,0.07547300308942795,-0.026476353406906128,-1.2536057233810425
1694974848.9236124,0.07598458230495453,-0.02915092185139656,-1.2593598365783691
1694974848.9567223,0.07774193584918976,-0.030638184398412704,-1.2653154134750366
1694974848.9900637,0.08042021840810776,-0.032221827656030655,-1.2708991765975952
1694974849.022589,0.08145736157894135,-0.031970370560884476,-1.2724426984786987
1694974849.0568926,0.08224715292453766,-0.03173551708459854,-1.27493417263031
1694974849.0915134,0.08656546473503113,-0.03318837285041809,-1.2750227451324463
1694974849.1243415,0.08695979416370392,-0.03136378154158592,-1.278720736503601
1694974849.157996,0.08755575120449066,-0.028887860476970673,-1.2812340259552002
1694974849.1902957,0.08869783580303192,-0.03060903772711754,-1.282663345336914
1694974849.2250526,0.090064138174057,-0.034368034452199936,-1.2831578254699707
1694974849.2576308,0.09176968038082123,-0.04107513278722763,-1.2828941345214844
1694974849.2949698,0.0919584184885025,-0.030136998742818832,-1.2561638355255127
1694974851.7485235,0.08498062193393707,0.0153648741543293,-1.2262908220291138
1694974851.8148272,0.08518919348716736,0.01072981208562851,-1.2342517375946045
1694974851.8829277,0.08868426829576492,0.0044012367725372314,-1.256217360496521
1694974851.9467285,0.08564459532499313,-0.0031860023736953735,-1.2563332319259644
1694974852.00441,0.0845901221036911,0.0022794902324676514,-1.2451856136322021
1694974852.0690455,0.08385908603668213,0.006770152598619461,-1.23866605758667
1694974852.1419222,0.08186942338943481,0.013235129415988922,-1.2282814979553223
1694974852.1860197,0.08123289793729782,0.013046003878116608,-1.2289528846740723
1694974852.2296493,0.08156311511993408,0.013994913548231125,-1.2264845371246338
1694974852.2723682,0.08143945038318634,0.014353126287460327,-1.2244923114776611
1694974852.3160195,0.08257044851779938,0.010779500007629395,-1.2309362888336182
1694974852.3603532,0.08321580290794373,0.006176933646202087,-1.2379249334335327
1694974852.4045906,0.08352030813694,0.002771589905023575,-1.2420586347579956
1694974852.44677,0.08521980792284012,-0.0007764585316181183,-1.2440366744995117
1694974852.4887884,0.08624053746461868,-0.0038013868033885956,-1.247941255569458
1694974852.5326536,0.08704136312007904,-0.006138309836387634,-1.2504174709320068
1694974852.5743685,0.08867768943309784,-0.007999803870916367,-1.250596284866333
1694974852.6170197,0.08945357799530029,-0.008904602378606796,-1.250100016593933
1694974852.659791,0.0905090719461441,-0.007899440824985504,-1.245897889137268
1694974852.7029138,0.091387540102005,-0.0066191889345645905,-1.2396128177642822
1694974852.7431443,0.0920485258102417,-0.005189687013626099,-1.231613278388977
1694974852.7857692,0.09142948687076569,-0.00487857311964035,-1.231027603149414
1694974852.8285253,0.09018449485301971,-0.005011346191167831,-1.2335829734802246
1694974852.871491,0.08851080387830734,-0.005277123302221298,-1.2363512516021729
1694974852.9130273,0.08635301887989044,-0.005341041833162308,-1.2423651218414307
1694974852.9550538,0.08449093997478485,-0.0031695477664470673,-1.2441579103469849
1694974852.9960854,0.08286602795124054,0.00018509849905967712,-1.243546724319458
1694974853.038788,0.0821632593870163,0.0032814331352710724,-1.2432801723480225
1694974853.0796528,0.08195076137781143,0.005634631961584091,-1.243752360343933
1694974853.1237695,0.08192961663007736,0.00623900443315506,-1.2442739009857178
1694974853.1668947,0.08223577588796616,0.007000993937253952,-1.2445852756500244
1694974853.207776,0.08149565756320953,0.008761964738368988,-1.2463747262954712
1694974853.252145,0.08071698993444443,0.00871434435248375,-1.2492059469223022
1694974853.2921762,0.08023139089345932,0.006907176226377487,-1.2508705854415894
1694974853.3352766,0.08044908195734024,0.004015471786260605,-1.254309892654419
1694974853.3789315,0.0813235193490982,0.0018832646310329437,-1.2588430643081665
1694974853.421484,0.08297557383775711,0.0005178600549697876,-1.2610814571380615
1694974853.4615364,0.08485142886638641,-0.0006077811121940613,-1.2624789476394653
1694974853.5036507,0.08594261854887009,-0.0010957196354866028,-1.2623025178909302
1694974853.5458963,0.0861954540014267,-0.0023497268557548523,-1.2605034112930298
1694974853.588964,0.08666858077049255,-0.0016458705067634583,-1.2570648193359375
1694974853.631651,0.08664810657501221,-0.0005076304078102112,-1.2520544528961182
1694974853.67402,0.08651858568191528,0.0012948177754878998,-1.2489656209945679
1694974853.7166643,0.08682587742805481,0.0046668462455272675,-1.2460309267044067
1694974853.7572725,0.0861230343580246,0.005883403122425079,-1.2464455366134644
1694974853.799895,0.08963888138532639,0.005579262971878052,-1.2424484491348267
1694974853.8420038,0.08960743248462677,0.005107387900352478,-1.248274803161621
1694974853.885059,0.08956778049468994,0.0027967914938926697,-1.2514632940292358
1694974853.9266484,0.08869744092226028,-0.0001980029046535492,-1.2562311887741089
1694974853.9699087,0.0883975625038147,-0.0012105554342269897,-1.2591582536697388
1694974854.0121455,0.08775515854358673,-0.0016202330589294434,-1.2572766542434692
1694974854.0539455,0.08727515488862991,-0.002309270203113556,-1.2549347877502441
1694974854.0951464,0.08700393885374069,-0.0029119662940502167,-1.2549302577972412
1694974854.1400201,0.0869903489947319,-0.002096939831972122,-1.2546510696411133
1694974854.1829994,0.08617710322141647,0.0014349371194839478,-1.252916932106018
1694974854.2235644,0.085026316344738,0.004103261977434158,-1.2508782148361206
1694974854.265595,0.08502915501594543,0.005021493881940842,-1.2501362562179565
1694974854.3066652,0.08522744476795197,0.0054321251809597015,-1.2508078813552856
1694974854.3483405,0.08429714292287827,0.004999469965696335,-1.2516288757324219
1694974854.390888,0.0841318666934967,0.0040380507707595825,-1.252848505973816
1694974854.4330208,0.08417676389217377,0.0010883286595344543,-1.2574571371078491
1694974854.47505,0.08420541882514954,-0.0019432678818702698,-1.2614654302597046
1694974854.5169003,0.0834413543343544,-0.007113348692655563,-1.2704954147338867
1694974854.5606647,0.08343225717544556,-0.00868973508477211,-1.2708137035369873
1694974854.6052928,0.08393657952547073,-0.008522052317857742,-1.26838219165802
1694974854.6494024,0.08496557176113129,-0.005704771727323532,-1.260373592376709
1694974854.6916506,0.08624342083930969,-0.0026890933513641357,-1.2538164854049683
1694974854.7347398,0.08674952387809753,-0.0013138316571712494,-1.2530200481414795
1694974854.7743332,0.08660245686769485,-0.0006085410714149475,-1.2548072338104248
1694974854.8168714,0.08597182482481003,-0.003109719604253769,-1.2617965936660767
1694974854.8569825,0.08593112975358963,-0.005788043141365051,-1.2627757787704468
1694974854.9015086,0.08652918040752411,-0.00836341455578804,-1.2614526748657227
1694974854.9407256,0.08716466277837753,-0.009767808020114899,-1.2555497884750366
1694974854.9817514,0.08757167309522629,-0.013156980276107788,-1.2485030889511108
1694974855.0248196,0.08821752667427063,-0.013790041208267212,-1.2454357147216797
1694974855.0668106,0.08936849981546402,-0.01316184550523758,-1.2407946586608887
1694974855.1080341,0.09051120281219482,-0.012737080454826355,-1.2401602268218994
1694974855.1391592,0.09109967947006226,-0.011617902666330338,-1.2395955324172974
1694974855.1686814,0.09142439812421799,-0.009907498955726624,-1.2379732131958008
1694974855.1983998,0.0915142223238945,-0.008395973592996597,-1.2370872497558594
1694974855.2276504,0.09120534360408783,-0.0069783516228199005,-1.237337350845337
1694974855.2568953,0.09042292088270187,-0.006157152354717255,-1.2380346059799194
1694974855.2879195,0.08932407200336456,-0.005816437304019928,-1.2398767471313477
1694974855.3196545,0.08864253759384155,-0.005951203405857086,-1.2419768571853638
1694974855.348793,0.0881829783320427,-0.0059194862842559814,-1.244063377380371
1694974855.3826501,0.08782266825437546,-0.006188865751028061,-1.2467808723449707
1694974855.4126801,0.08710721135139465,-0.005815986543893814,-1.2486324310302734
1694974855.4468982,0.0862610712647438,-0.004905428737401962,-1.249728798866272
1694974855.4795287,0.08556953817605972,-0.004782240837812424,-1.2516860961914062
1694974855.5147748,0.08526618778705597,-0.005675792694091797,-1.2552223205566406
1694974855.546911,0.08540155738592148,-0.005886022001504898,-1.257743000984192
1694974855.5822754,0.0855904072523117,-0.004798479378223419,-1.2576541900634766
1694974855.612968,0.08595248311758041,-0.002606462687253952,-1.256309986114502
1694974855.6474485,0.08603466302156448,-8.943676948547363e-05,-1.2545336484909058
1694974855.6789737,0.08581066131591797,0.001605641096830368,-1.2545067071914673
1694974855.7137709,0.08547983318567276,0.0028990209102630615,-1.2546557188034058
1694974855.7481751,0.08516526967287064,0.003319341689348221,-1.254697322845459
1694974855.7817907,0.0848674401640892,0.0026660077273845673,-1.2572638988494873
1694974855.814145,0.08486491441726685,0.001630254089832306,-1.2582956552505493
1694974855.8473978,0.0856957733631134,0.00301375612616539,-1.2558091878890991
1694974855.883922,0.0861036479473114,0.004272829741239548,-1.252478837966919
1694974855.9154677,0.08647085726261139,0.0053691864013671875,-1.2502754926681519
1694974855.9470308,0.0866105705499649,0.006293632090091705,-1.247478723526001
1694974855.9815576,0.08661814033985138,0.0077087245881557465,-1.243958830833435
1694974856.0147746,0.08642113208770752,0.008705098181962967,-1.2423756122589111
1694974856.0479467,0.08640643954277039,0.010110285133123398,-1.2428644895553589
1694974856.081473,0.08647455275058746,0.010414239019155502,-1.24395751953125
1694974856.1152704,0.08678087592124939,0.010099168866872787,-1.245140790939331
1694974856.1493013,0.08654403686523438,0.009433411061763763,-1.2471985816955566
1694974856.1828244,0.08583512902259827,0.008978091180324554,-1.2498624324798584
1694974856.2160208,0.0852801501750946,0.007878627628087997,-1.2525687217712402
1694974856.2488973,0.0843772366642952,0.006745588034391403,-1.2554855346679688
1694974856.2816508,0.08350615948438644,0.006696708500385284,-1.2564224004745483
1694974856.3158958,0.08290456980466843,0.007054578512907028,-1.2559771537780762
1694974856.3491817,0.08241394907236099,0.00783398374915123,-1.2548671960830688
1694974856.382653,0.0821947306394577,0.007944781333208084,-1.2540141344070435
1694974856.4170213,0.08156130462884903,0.008153364062309265,-1.2543559074401855
1694974856.450806,0.08048899471759796,0.008792318403720856,-1.2547886371612549
1694974856.4818957,0.0792585164308548,0.009416863322257996,-1.2555032968521118
1694974856.516781,0.07831520587205887,0.00948350504040718,-1.2566041946411133
1694974856.549654,0.07780297845602036,0.00936119630932808,-1.257358193397522
1694974856.5838995,0.07793787121772766,0.008977357298135757,-1.2581106424331665
1694974856.616021,0.07884502410888672,0.008143387734889984,-1.2604824304580688
1694974856.6522796,0.07981153577566147,0.006691798567771912,-1.2627259492874146
1694974856.6827998,0.0810263603925705,0.004164118319749832,-1.2629603147506714
1694974856.7181664,0.08204856514930725,0.0009329281747341156,-1.2632453441619873
1694974856.750021,0.08290228247642517,-0.0018668249249458313,-1.262733817100525
1694974856.7851458,0.08350230753421783,-0.0038761645555496216,-1.2615057229995728
1694974856.8196833,0.08409485965967178,-0.005804646760225296,-1.2609318494796753
1694974856.8519163,0.08449038863182068,-0.006178043782711029,-1.2591829299926758
Distance top: 0.3704288858034359
Distance right: 0.25409121206060875
Center: [ 0.08532717 -1.24737742]
metaphor: pull
guidance_approach: worst_axis
intensity: zone
layout: horizontal
Target location: [ 0.03320061 -0.88482728]
Theta: 11.83822281090714
1694974862.2624242,0.09766563773155212,0.0036158785223960876,-1.2114871740341187
1694974862.3310251,0.10073874145746231,0.004755351692438126,-1.2134785652160645
1694974862.3957727,0.09404110908508301,-0.014474298804998398,-1.2358119487762451
1694974862.456913,0.09562711417675018,-0.006863873451948166,-1.198684573173523
1694974862.5358984,0.09636981785297394,-0.0037602055817842484,-1.1927342414855957
1694974862.5802352,0.09675081074237823,-0.0020876266062259674,-1.1896231174468994
1694974862.6238985,0.09658403694629669,-0.002584107220172882,-1.1871877908706665
1694974862.6714375,0.09543365985155106,-0.006785998120903969,-1.1901476383209229
1694974862.7207215,0.09332652390003204,-0.010019153356552124,-1.1815077066421509
1694974862.7658978,0.0921873077750206,-0.01169426180422306,-1.178053617477417
1694974862.8111901,0.08997320383787155,-0.011302495375275612,-1.1698724031448364
1694974862.8548982,0.0879923477768898,-0.010709846392273903,-1.161738395690918
1694974862.902531,0.0861436054110527,-0.012059478089213371,-1.1615121364593506
1694974862.947773,0.08383220434188843,-0.012581447139382362,-1.16340172290802
1694974862.992407,0.08360297977924347,-0.011022312566637993,-1.1626087427139282
1694974863.0361476,0.08254197239875793,-0.013611432164907455,-1.1658943891525269
1694974863.0792315,0.08292855322360992,-0.01401439681649208,-1.1647614240646362
1694974863.1250226,0.08486005663871765,-0.01354924589395523,-1.1654934883117676
1694974863.1701477,0.08633437752723694,-0.012597009539604187,-1.1666600704193115
1694974863.214831,0.08733180165290833,-0.01445344090461731,-1.1716822385787964
1694974863.2581697,0.08768085390329361,-0.016991447657346725,-1.181031346321106
1694974863.302898,0.08798924833536148,-0.017593365162611008,-1.1859179735183716
1694974863.34705,0.08899994194507599,-0.01983417198061943,-1.2018795013427734
1694974863.3928175,0.08940793573856354,-0.020018935203552246,-1.2140719890594482
1694974863.4369535,0.09033940732479095,-0.019811250269412994,-1.223931074142456
1694974863.4771478,0.0924375057220459,-0.01865183562040329,-1.2364513874053955
1694974863.5207672,0.09238319098949432,-0.015431240200996399,-1.2333471775054932
1694974863.563901,0.09203261137008667,-0.013460211455821991,-1.2309257984161377
1694974863.60728,0.0916995108127594,-0.012249737977981567,-1.2323507070541382
1694974863.651819,0.09176814556121826,-0.009170088917016983,-1.236512541770935
1694974863.6928492,0.09162896871566772,-0.006034405902028084,-1.2266769409179688
1694974863.733023,0.09211497753858566,-0.00566183403134346,-1.2204817533493042
1694974863.7771482,0.09166182577610016,-0.007546078413724899,-1.2210322618484497
1694974863.823902,0.09082438051700592,-0.009928517043590546,-1.2256492376327515
1694974863.8686523,0.09024868160486221,-0.010733412578701973,-1.2273714542388916
1694974863.908913,0.08854500949382782,-0.01256760023534298,-1.2265594005584717
1694974863.9527795,0.08689860254526138,-0.011853620409965515,-1.2130792140960693
1694974863.9951808,0.08678853511810303,-0.010486811399459839,-1.2046046257019043
1694974864.0407307,0.08702773600816727,-0.009159846231341362,-1.1970196962356567
1694974864.0827646,0.08828189969062805,-0.009723594412207603,-1.2021980285644531
1694974864.1248982,0.08915552496910095,-0.009756257757544518,-1.2085046768188477
1694974864.156966,0.09030710160732269,-0.00969354622066021,-1.2141398191452026
1694974864.188779,0.09113334864377975,-0.009058445692062378,-1.2179815769195557
1694974864.2204063,0.09188679605722427,-0.008212221786379814,-1.2205910682678223
1694974864.2510405,0.09236574918031693,-0.007207958027720451,-1.2186647653579712
1694974864.28218,0.09260629117488861,-0.007370715960860252,-1.2180229425430298
1694974864.3157735,0.09203585982322693,-0.009086864069104195,-1.2189116477966309
1694974864.3478777,0.09177692979574203,-0.010989371687173843,-1.2211320400238037
1694974864.3793828,0.09175348281860352,-0.01306651160120964,-1.2228491306304932
1694974864.4120831,0.09214194864034653,-0.013647256419062614,-1.2222166061401367
1694974864.4471152,0.09236261248588562,-0.01347971148788929,-1.221259593963623
1694974864.4777806,0.09219776839017868,-0.01255045272409916,-1.2211689949035645
1694974864.5109665,0.09121972322463989,-0.013945415616035461,-1.2250233888626099
1694974864.5475264,0.09040838479995728,-0.016068238765001297,-1.2291003465652466
1694974864.5781715,0.09090345352888107,-0.015528365969657898,-1.2285089492797852
1694974864.6108277,0.09166594594717026,-0.01160719059407711,-1.2200608253479004
1694974864.6451488,0.0918937474489212,-0.007838008925318718,-1.2092573642730713
1694974864.6801796,0.0922560840845108,-0.006805691868066788,-1.2100433111190796
1694974864.7118044,0.09263551235198975,-0.0054529085755348206,-1.2121154069900513
1694974864.744947,0.0915861502289772,-0.007053609937429428,-1.2178548574447632
1694974864.7805486,0.09017961472272873,-0.009740540757775307,-1.2240365743637085
1694974864.8121104,0.08937171846628189,-0.012271523475646973,-1.2287135124206543
1694974864.8467793,0.08987075090408325,-0.011189699172973633,-1.2285346984863281
1694974864.8808913,0.08964213728904724,-0.012324759736657143,-1.229598045349121
1694974864.9144819,0.08908578008413315,-0.013129202648997307,-1.2266299724578857
1694974864.9471493,0.0882716029882431,-0.012678137049078941,-1.2207634449005127
1694974864.978689,0.08765967935323715,-0.01233203150331974,-1.2155303955078125
1694974865.013775,0.088697150349617,-0.00927654653787613,-1.2060925960540771
1694974865.0480235,0.09003230929374695,-0.005954694002866745,-1.1965802907943726
1694974865.0802445,0.09096773713827133,-0.00470750592648983,-1.1912540197372437
1694974865.1138442,0.09162851423025131,-0.0033213160932064056,-1.1861158609390259
1694974865.1474018,0.0924118384718895,-0.00121290422976017,-1.180495262145996
1694974865.179043,0.09350244700908661,0.0008501037955284119,-1.1751878261566162
1694974865.2132728,0.09482187032699585,0.002523144707083702,-1.169890284538269
1694974865.2478316,0.09576401114463806,0.004477404057979584,-1.1640931367874146
1694974865.2800436,0.09568554908037186,0.005570691078901291,-1.16094172000885
1694974865.316149,0.09461376070976257,0.0028236620128154755,-1.1681097745895386
1694974865.3477983,0.09417456388473511,0.003591630607843399,-1.167741060256958
1694974865.3823237,0.09365955740213394,0.004795227199792862,-1.1656256914138794
1694974865.4158487,0.09393897652626038,0.008431972935795784,-1.1595629453659058
1694974865.4500375,0.0940522700548172,0.010243231430649757,-1.15695321559906
1694974865.4810717,0.09335111081600189,0.008806318044662476,-1.159635305404663
1694974865.5161421,0.09189155697822571,0.002132175490260124,-1.1758660078048706
1694974865.5499222,0.09076845645904541,-0.0037802793085575104,-1.1912798881530762
1694974865.5814455,0.08979912102222443,-0.010467637330293655,-1.209284782409668
1694974865.6159735,0.08992622792720795,-0.013653574511408806,-1.216736912727356
1694974865.6480656,0.08981941640377045,-0.015347480773925781,-1.2190495729446411
1694974865.6811006,0.0899139940738678,-0.01664980873465538,-1.22077214717865
1694974865.7151845,0.09018755704164505,-0.01710217073559761,-1.2201523780822754
1694974865.749925,0.09036381542682648,-0.01791968196630478,-1.220468282699585
1694974865.7820466,0.09186768531799316,-0.014874450862407684,-1.2148897647857666
1694974865.815205,0.09340206533670425,-0.011568697169423103,-1.2088134288787842
1694974865.850404,0.09388118982315063,-0.009632503613829613,-1.206100583076477
1694974865.8815305,0.09399424493312836,-0.009702282026410103,-1.205651879310608
1694974865.9150507,0.09262226521968842,-0.0141855888068676,-1.2109235525131226
1694974865.9619215,0.09092961251735687,-0.017275989055633545,-1.2133513689041138
1694974866.00651,0.08980385959148407,-0.019146334379911423,-1.214130163192749
1694974866.0512886,0.08988204598426819,-0.021104488521814346,-1.2174981832504272
1694974866.097663,0.09045717865228653,-0.025773175060749054,-1.2300801277160645
1694974866.141693,0.09132983535528183,-0.0305580236017704,-1.2349474430084229
1694974866.1867273,0.09157373011112213,-0.03309450298547745,-1.2313942909240723
1694974866.228772,0.09038328379392624,-0.04012995585799217,-1.2130818367004395
1694974866.2721767,0.09141843765974045,-0.04113854095339775,-1.1906393766403198
1694974866.3160255,0.09312213957309723,-0.0356048159301281,-1.1738154888153076
1694974866.360774,0.09511026740074158,-0.023344427347183228,-1.1540831327438354
1694974866.4029229,0.0952533707022667,-0.016663359478116035,-1.1487174034118652
1694974866.4456549,0.09507549554109573,-0.014550577849149704,-1.1455047130584717
1694974866.4891882,0.0947640910744667,-0.010169589892029762,-1.1345970630645752
1694974866.5302145,0.09489485621452332,-0.008067110553383827,-1.1309318542480469
1694974866.57224,0.09439970552921295,-0.005029888823628426,-1.1241426467895508
1694974866.613269,0.09338162839412689,-0.002658125013113022,-1.1153770685195923
1694974866.6599505,0.09203467518091202,0.0014946628361940384,-1.097169041633606
1694974866.700544,0.09093431383371353,0.0030131060630083084,-1.0890531539916992
1694974866.7437782,0.09024511277675629,0.002298407256603241,-1.08341383934021
1694974866.7877784,0.09016340225934982,0.0004300978034734726,-1.077893614768982
1694974866.8339243,0.09318485856056213,0.002695264294743538,-1.0659011602401733
1694974866.8752744,0.09390617161989212,0.00350380502641201,-1.0590590238571167
1694974866.9194074,0.09272351115942001,0.005678914487361908,-1.0461020469665527
1694974866.959969,0.09215449541807175,0.01064884103834629,-1.027022123336792
1694974867.002272,0.0912334993481636,0.013373719528317451,-1.0167007446289062
1694974867.0413718,0.08974644541740417,0.015610354021191597,-1.0069438219070435
1694974867.0875263,0.08805183321237564,0.015892446041107178,-1.0001150369644165
1694974867.1297479,0.08664104342460632,0.014331029728055,-0.9893009066581726
1694974867.1731765,0.08700373023748398,0.010905895382165909,-0.9877553582191467
1694974867.2169013,0.0881822481751442,0.006717754527926445,-0.9869443774223328
1694974867.259951,0.09167113900184631,-0.0031424760818481445,-0.9824842810630798
1694974867.3061495,0.09445464611053467,-0.008665597066283226,-0.9802855849266052
1694974867.3371758,0.09607282280921936,-0.013048505410552025,-0.9754801392555237
1694974867.3669,0.09735653549432755,-0.015741964802145958,-0.9692111015319824
1694974867.3979797,0.09845095872879028,-0.016261955723166466,-0.9616838693618774
1694974867.4281633,0.10041406005620956,-0.014497365802526474,-0.953538179397583
1694974867.458009,0.1020374745130539,-0.011597082018852234,-0.9456731677055359
1694974867.4885418,0.10407330840826035,-0.010894961655139923,-0.9407835006713867
1694974867.5225616,0.10528121888637543,-0.012249661609530449,-0.9374921917915344
1694974867.5551865,0.10568781197071075,-0.012599002569913864,-0.9330511093139648
1694974867.588914,0.10609657317399979,-0.010823694989085197,-0.9287725687026978
1694974867.6220474,0.10646417737007141,-0.00920950062572956,-0.9238971471786499
1694974867.6567764,0.10646092891693115,-0.007151957601308823,-0.9190104007720947
1694974867.687527,0.10569459199905396,-0.0047671739012002945,-0.913589596748352
1694974867.7225523,0.10464739799499512,-0.0024620331823825836,-0.9087676405906677
1694974867.7547793,0.10404443740844727,-0.0032459311187267303,-0.907316267490387
1694974867.7891493,0.10311837494373322,-0.008241087198257446,-0.9076411724090576
1694974867.8228557,0.10280685126781464,-0.014906328171491623,-0.9092786908149719
1694974867.8548996,0.10299757868051529,-0.021344734355807304,-0.9108338356018066
1694974867.8891714,0.10425226390361786,-0.025474397465586662,-0.9114397764205933
1694974867.9228437,0.10572017729282379,-0.02763582579791546,-0.9103767275810242
1694974867.9559054,0.10701188445091248,-0.027595279738307,-0.9078810214996338
1694974867.9899907,0.10837991535663605,-0.024861596524715424,-0.903838038444519
1694974868.0230782,0.10969509184360504,-0.02119181491434574,-0.8993605971336365
1694974868.0551496,0.11076800525188446,-0.017107583582401276,-0.8951700925827026
1694974868.0907927,0.11202339828014374,-0.013472417369484901,-0.8915920257568359
1694974868.1248162,0.11299768090248108,-0.010378578677773476,-0.8880605697631836
1694974868.1567776,0.11318595707416534,-0.009274041280150414,-0.8856728672981262
1694974868.1899507,0.1132366806268692,-0.010427923873066902,-0.8848416805267334
1694974868.223274,0.11368900537490845,-0.012678433209657669,-0.8866500854492188
1694974868.2569504,0.11367513239383698,-0.01287304051220417,-0.8857264518737793
1694974868.2901702,0.11371568590402603,-0.013362843543291092,-0.8848875761032104
1694974868.3237178,0.11466114223003387,-0.014767516404390335,-0.8857325315475464
1694974868.3588114,0.1150621548295021,-0.01611199788749218,-0.8864286541938782
1694974868.3928819,0.1152353286743164,-0.017942531034350395,-0.8884528875350952
1694974868.4249427,0.11805883049964905,-0.021552378311753273,-0.9007107615470886
1694974868.4575267,0.11814676225185394,-0.020027868449687958,-0.9027690887451172
1694974868.4920475,0.11860555410385132,-0.021583164110779762,-0.9085029363632202
1694974868.5240731,0.11835141479969025,-0.019243966788053513,-0.9081301689147949
1694974868.5587993,0.11677859723567963,-0.017393214628100395,-0.90473473072052
1694974868.5929532,0.1150800883769989,-0.017614159733057022,-0.9028409123420715
1694974868.6266832,0.11410288512706757,-0.019618071615695953,-0.9012126326560974
1694974868.6605313,0.11500993371009827,-0.02220691367983818,-0.903428316116333
1694974868.6910505,0.11696897447109222,-0.02334860898554325,-0.903226912021637
1694974868.726714,0.11884249001741409,-0.0231565460562706,-0.9002994298934937
1694974868.7604258,0.11998803913593292,-0.02129097282886505,-0.8958821892738342
1694974868.7939067,0.12066363543272018,-0.019262608140707016,-0.8936921954154968
1694974868.8382747,0.11933811753988266,-0.016745638102293015,-0.8904974460601807
1694974868.8669004,0.11699988692998886,-0.014223983511328697,-0.8869091272354126
1694974868.89853,0.11432325839996338,-0.01303992047905922,-0.8832109570503235
1694974868.928072,0.11230318993330002,-0.01358126476407051,-0.8823897838592529
1694974868.959782,0.1109570637345314,-0.0142196174710989,-0.8835488557815552
1694974868.9948342,0.10983390361070633,-0.014732416719198227,-0.8839938640594482
1694974869.026859,0.10880666971206665,-0.014216208830475807,-0.8837236166000366
1694974869.0613637,0.10747842490673065,-0.01318175345659256,-0.8822841048240662
1694974869.0958905,0.1050758883357048,-0.012671949341893196,-0.8815878033638
1694974869.129998,0.10334628820419312,-0.011561546474695206,-0.8801345825195312
1694974869.164834,0.10210281610488892,-0.010093322023749352,-0.8795416951179504
1694974869.1968958,0.1012645959854126,-0.008563371375203133,-0.8779225945472717
1694974869.2277796,0.10067827999591827,-0.007945595309138298,-0.8789209723472595
1694974869.2619011,0.10112074017524719,-0.008097326382994652,-0.8795836567878723
1694974869.298048,0.10149163007736206,-0.00831441581249237,-0.8792135715484619
1694974869.3309238,0.10194959491491318,-0.008306412026286125,-0.8782579898834229
1694974869.3634453,0.10287424176931381,-0.010350208729505539,-0.876631498336792
1694974869.3970256,0.1039193794131279,-0.011573025956749916,-0.8760719895362854
1694974869.4304109,0.10526403784751892,-0.01298445463180542,-0.8757762908935547
1694974869.464025,0.10656770318746567,-0.014981446787714958,-0.8748348355293274
1694974869.4954007,0.10730622708797455,-0.016528431326150894,-0.8767783641815186
1694974869.54015,0.10664105415344238,-0.018701516091823578,-0.8792658448219299
1694974869.583902,0.1051916554570198,-0.02039620280265808,-0.8815515637397766
1694974869.625901,0.10376690328121185,-0.02126537263393402,-0.8826838135719299
1694974869.672447,0.1009950339794159,-0.022337520495057106,-0.8827112913131714
1694974869.7157056,0.0998891294002533,-0.022684447467327118,-0.8828796148300171
1694974869.7607665,0.10038536787033081,-0.02436227723956108,-0.8881871104240417
1694974869.8070507,0.10017344355583191,-0.0261972825974226,-0.891646146774292
1694974869.8502877,0.09832523763179779,-0.02582479640841484,-0.891975462436676
1694974869.8928952,0.09615727514028549,-0.0255743395537138,-0.8906996250152588
1694974869.9376554,0.09506262838840485,-0.026936840265989304,-0.8889352083206177
1694974869.9777653,0.09384990483522415,-0.026366744190454483,-0.8862104415893555
1694974870.0239093,0.0920315533876419,-0.026334615424275398,-0.8851317167282104
1694974870.0676527,0.08777523040771484,-0.02699749730527401,-0.8837223052978516
1694974870.1082854,0.08601110428571701,-0.027562376111745834,-0.8834952116012573
1694974870.1508627,0.08488871157169342,-0.0283562783151865,-0.8848498463630676
Time to target: 7.930086374282837 s
----
----
metaphor: pull
guidance_approach: worst_axis
intensity: zone
layout: horizontal
Target location: [-0.15547552 -1.12915236]
Theta: 71.38803425529765
1694974874.8891017,0.09247307479381561,0.015161033719778061,-1.1430222988128662
1694974874.9575691,0.09929301589727402,0.0127267986536026,-1.1510987281799316
1694974875.0258815,0.0964004397392273,-0.08766046166419983,-1.3338358402252197
1694974875.083306,0.07533203810453415,-0.020432647317647934,-1.2160906791687012
1694974875.1458833,0.0660150796175003,-0.013586930930614471,-1.2184940576553345
1694974875.1940737,0.07378024607896805,-0.00709100067615509,-1.199079990386963
1694974875.2400372,0.07750973850488663,-0.006439104676246643,-1.1894264221191406
1694974875.287356,0.08099052309989929,-0.005378376692533493,-1.1851532459259033
1694974875.337545,0.08117286115884781,-0.002122115343809128,-1.1900804042816162
1694974875.3804173,0.08044254034757614,-0.002615228295326233,-1.189076542854309
1694974875.4295278,0.0826956033706665,-0.002018328756093979,-1.1820248365402222
1694974875.474264,0.08556397259235382,-0.0012580007314682007,-1.1807249784469604
1694974875.519,0.07652156054973602,-0.002552896738052368,-1.1738731861114502
1694974875.5705357,0.07028190791606903,-0.0024196766316890717,-1.1706289052963257
1694974875.6146357,0.0702817291021347,-0.0028330981731414795,-1.164189338684082
1694974875.6588395,0.07084715366363525,-0.005126774311065674,-1.157486081123352
1694974875.7040977,0.06616739928722382,-0.00639532133936882,-1.1604691743850708
1694974875.7444916,0.06371864676475525,-0.007900092750787735,-1.1635510921478271
1694974875.7888029,0.06116032600402832,-0.015392452478408813,-1.179148554801941
1694974875.8325348,0.06172578036785126,-0.019645921885967255,-1.1902192831039429
1694974875.8780608,0.062128424644470215,-0.023945830762386322,-1.2004518508911133
1694974875.9211698,0.06227216124534607,-0.028948429971933365,-1.210577368736267
1694974875.963465,0.06248252093791962,-0.029051832854747772,-1.2110414505004883
1694974876.006809,0.06296911835670471,-0.027870088815689087,-1.2130612134933472
1694974876.0498765,0.06779859215021133,-0.027236729860305786,-1.2090373039245605
1694974876.0929432,0.06635888665914536,-0.02827145904302597,-1.210590124130249
1694974876.1350377,0.06571923196315765,-0.030232679098844528,-1.2109034061431885
1694974876.1808062,0.06548461318016052,-0.03487871214747429,-1.2148641347885132
1694974876.222978,0.0619388222694397,-0.024575039744377136,-1.195206642150879
1694974876.2685916,0.059531908482313156,-0.01722884550690651,-1.1845052242279053
1694974876.3122191,0.060157693922519684,-0.01670476794242859,-1.1838061809539795
1694974876.3549614,0.05785822123289108,-0.0070547983050346375,-1.178351640701294
1694974876.3955793,0.056612029671669006,-0.010167255997657776,-1.1783006191253662
1694974876.4402049,0.04250393807888031,-0.008816301822662354,-1.1835830211639404
1694974876.486788,0.03467512130737305,-0.004111025482416153,-1.1839134693145752
1694974876.5273595,0.02593553438782692,0.0019936393946409225,-1.1873115301132202
1694974876.57095,0.022419113665819168,0.00221303291618824,-1.1909667253494263
1694974876.6130302,0.020210912451148033,0.003424018621444702,-1.1905369758605957
1694974876.6570675,0.017976850271224976,0.007951885461807251,-1.1941536664962769
1694974876.7021244,0.019684871658682823,0.011613814160227776,-1.1915684938430786
1694974876.7330105,0.018564241006970406,0.01241961121559143,-1.1930367946624756
1694974876.7624876,0.01705063320696354,0.01098443940281868,-1.1941932439804077
1694974876.7930524,0.012737518176436424,0.009286768734455109,-1.1945436000823975
1694974876.8234954,0.009121881797909737,0.007678752765059471,-1.1964755058288574
1694974876.8538477,0.0023183654993772507,0.004696546122431755,-1.1966335773468018
1694974876.8880377,-0.00740218348801136,0.0014905650168657303,-1.1967012882232666
1694974876.9221067,-0.017373330891132355,-0.0012931786477565765,-1.1980046033859253
1694974876.9536648,-0.026884960010647774,-0.0031945668160915375,-1.1989562511444092
1694974876.988501,-0.035658545792102814,-0.004222666844725609,-1.199177861213684
1694974877.021155,-0.04241632670164108,-0.0046554431319236755,-1.1973494291305542
1694974877.0536988,-0.04842689633369446,-0.005135446786880493,-1.194912314414978
1694974877.0892367,-0.05309145525097847,-0.0042995307594537735,-1.1896886825561523
1694974877.1222603,-0.05653752386569977,-0.0028046555817127228,-1.1829885244369507
1694974877.1567986,-0.058783285319805145,-0.0012383665889501572,-1.1757174730300903
1694974877.1905441,-0.060523584485054016,-0.0004886835813522339,-1.169403076171875
1694974877.2244828,-0.061032988131046295,-0.0007984396070241928,-1.1649936437606812
1694974877.2570784,-0.06196238845586777,-0.002176562324166298,-1.16181480884552
1694974877.2898774,-0.06195589527487755,-0.003570467233657837,-1.1578123569488525
1694974877.3223262,-0.060513369739055634,-0.004195503890514374,-1.1527284383773804
1694974877.3560178,-0.05918749049305916,-0.00504220649600029,-1.148521065711975
1694974877.3901026,-0.05775212496519089,-0.006725858896970749,-1.1451425552368164
1694974877.4241898,-0.05658906698226929,-0.008554929867386818,-1.1442720890045166
1694974877.4557388,-0.056281283497810364,-0.00978299044072628,-1.1428709030151367
1694974877.4902875,-0.05434701591730118,-0.009433610364794731,-1.1396706104278564
1694974877.5239651,-0.05205444619059563,-0.008556373417377472,-1.1358815431594849
1694974877.5560462,-0.05022817105054855,-0.00780707411468029,-1.1345829963684082
1694974877.5905216,-0.05021613836288452,-0.007301429286599159,-1.1348003149032593
1694974877.6235223,-0.05150856822729111,-0.0074805691838264465,-1.1363753080368042
1694974877.658107,-0.05426033213734627,-0.008860159665346146,-1.138007402420044
1694974877.6917827,-0.05878818780183792,-0.012557616457343102,-1.1417245864868164
1694974877.7261522,-0.06472598016262054,-0.016891179606318474,-1.1452808380126953
1694974877.7582126,-0.07100674510002136,-0.020164363086223602,-1.1479326486587524
1694974877.7907362,-0.07727398723363876,-0.022412601858377457,-1.1498069763183594
1694974877.823811,-0.08242128044366837,-0.02268226630985737,-1.1487152576446533
1694974877.8584664,-0.08676285296678543,-0.02356738969683647,-1.1487971544265747
1694974877.8920343,-0.09014967083930969,-0.024358423426747322,-1.1486657857894897
1694974877.9267554,-0.09249415993690491,-0.023773977532982826,-1.1489143371582031
1694974877.9598494,-0.09489704668521881,-0.022912411019206047,-1.1490073204040527
1694974877.991952,-0.09715878218412399,-0.02229795791208744,-1.149531602859497
1694974878.0255222,-0.09988941252231598,-0.022205062210559845,-1.1513499021530151
1694974878.059114,-0.10312923789024353,-0.022473644465208054,-1.1542848348617554
1694974878.09225,-0.10558310896158218,-0.022960148751735687,-1.1553313732147217
1694974878.124366,-0.10850705206394196,-0.0240510031580925,-1.156370997428894
1694974878.1599762,-0.11211158335208893,-0.025520414113998413,-1.1591613292694092
1694974878.1948876,-0.11513414233922958,-0.02620266191661358,-1.160506010055542
1694974878.227658,-0.11742725968360901,-0.02641465701162815,-1.159654974937439
1694974878.260181,-0.11905030161142349,-0.02592594176530838,-1.1576530933380127
1694974878.2939045,-0.12056796997785568,-0.025788389146327972,-1.1550718545913696
1694974878.3261528,-0.12144670635461807,-0.026004865765571594,-1.153812289237976
1694974878.3594093,-0.12179528176784515,-0.026621220633387566,-1.152456283569336
1694974878.3930922,-0.12202796339988708,-0.028115883469581604,-1.1526952981948853
1694974878.4271524,-0.12216079980134964,-0.029657889157533646,-1.153495192527771
1694974878.4620621,-0.12210088968276978,-0.03080069087445736,-1.1537505388259888
1694974878.4921682,-0.1218457967042923,-0.03118453174829483,-1.153687834739685
1694974878.5397851,-0.12115759402513504,-0.03145761787891388,-1.1537405252456665
1694974878.5822573,-0.12021414190530777,-0.03143540397286415,-1.1532340049743652
1694974878.6261525,-0.11882489919662476,-0.031182555481791496,-1.152632713317871
1694974878.667966,-0.11519427597522736,-0.03166050463914871,-1.1502952575683594
1694974878.7130127,-0.1128399670124054,-0.031141847372055054,-1.1490358114242554
1694974878.756153,-0.11205922067165375,-0.03062586300075054,-1.1489115953445435
1694974878.800242,-0.11127036809921265,-0.029462385922670364,-1.1502984762191772
1694974878.8428073,-0.11256726831197739,-0.02786959707736969,-1.1524068117141724
1694974878.8873725,-0.1141350120306015,-0.026658959686756134,-1.1537971496582031
1694974878.9311423,-0.11571972072124481,-0.025991670787334442,-1.1548300981521606
1694974878.9735043,-0.11748436093330383,-0.025724196806550026,-1.1561225652694702
1694974879.0160909,-0.11826903373003006,-0.025886397808790207,-1.155853509902954
1694974879.0596504,-0.11875954270362854,-0.026368768885731697,-1.155261754989624
1694974879.1046784,-0.12122911214828491,-0.027431629598140717,-1.1573082208633423
1694974879.152757,-0.12121928483247757,-0.027142096310853958,-1.1616322994232178
1694974879.1949253,-0.12133148312568665,-0.027450814843177795,-1.1647096872329712
1694974879.2381644,-0.1259547770023346,-0.027455002069473267,-1.168464183807373
1694974879.2802067,-0.12795449793338776,-0.028853889554739,-1.1648141145706177
1694974879.325773,-0.13050934672355652,-0.030401155352592468,-1.1618503332138062
1694974879.36852,-0.1364082396030426,-0.03287651017308235,-1.1566654443740845
Time to target: 4.522557258605957 s
----
----
