1691972504.4739118,0.11331701278686523,-0.5275695323944092,-2.6481540203094482
1691972504.5642664,0.1641954630613327,-0.5575463771820068,-2.631014347076416
1691972504.6458542,0.18673525750637054,-0.6049044132232666,-2.863546133041382
1691972504.6942658,0.19675208628177643,-0.5903058052062988,-2.7363176345825195
1691972504.741452,0.2120606005191803,-0.5893155932426453,-2.7732436656951904
1691972504.790267,0.20399662852287292,-0.5810348391532898,-2.7127320766448975
1691972504.83879,0.20607098937034607,-0.5780643224716187,-2.693214178085327
1691972504.8888605,0.20226244628429413,-0.5797248482704163,-2.6831419467926025
1691972504.9312086,0.19930779933929443,-0.5787873864173889,-2.6800966262817383
1691972504.9768488,0.19824597239494324,-0.5745043158531189,-2.6710152626037598
1691972505.020228,0.1949475258588791,-0.5756767988204956,-2.7245700359344482
1691972505.0647714,0.1882926970720291,-0.5720484256744385,-2.7125205993652344
1691972505.1067939,0.1838970184326172,-0.5637430548667908,-2.697112798690796
1691972505.1506531,0.1857849508523941,-0.5578874945640564,-2.6877243518829346
1691972505.1958382,0.18288670480251312,-0.5519949197769165,-2.6800832748413086
1691972505.2383752,0.1778259128332138,-0.5472697019577026,-2.66804838180542
1691972505.2813141,0.17136918008327484,-0.5473430156707764,-2.664414405822754
1691972505.3208475,0.16375459730625153,-0.5472403168678284,-2.6613874435424805
1691972505.363776,0.15845553576946259,-0.5452086329460144,-2.651716709136963
1691972505.4042902,0.15321049094200134,-0.5400494337081909,-2.6378562450408936
1691972505.4469535,0.1547503024339676,-0.5363699793815613,-2.6338260173797607
1691972505.487383,0.16478562355041504,-0.5411056280136108,-2.630154609680176
1691972505.5320268,0.1749003380537033,-0.5564214587211609,-2.6576998233795166
1691972505.5738099,0.20836947858333588,-0.5816939473152161,-2.7307400703430176
1691972505.6192656,0.32956287264823914,-0.5077798366546631,-2.6704485416412354
1691972505.662793,0.39124810695648193,-0.4472810626029968,-2.7208571434020996
1691972505.7053483,0.42467406392097473,-0.3907686471939087,-2.8042714595794678
1691972505.7479618,0.4312741160392761,-0.3921433687210083,-2.848564863204956
1691972505.7882624,0.44580599665641785,-0.394376277923584,-2.8774819374084473
1691972505.830794,0.46522828936576843,-0.4023897051811218,-2.897627830505371
1691972505.871265,0.4813951551914215,-0.41028159856796265,-2.9144845008850098
1691972505.9113455,0.5198995471000671,-0.39817652106285095,-2.940744400024414
1691972505.9512086,0.5390926003456116,-0.39240631461143494,-2.9476964473724365
1691972505.994269,0.5521396398544312,-0.3889819383621216,-2.947516679763794
1691972506.0350935,0.5649798512458801,-0.38668838143348694,-2.9432613849639893
1691972506.0766773,0.5880309343338013,-0.39501869678497314,-2.9405457973480225
1691972506.1173615,0.5897921323776245,-0.40298330783843994,-2.9324910640716553
1691972506.1583598,0.5929384827613831,-0.407870352268219,-2.924356698989868
1691972506.1992083,0.5944576859474182,-0.40655696392059326,-2.9169504642486572
1691972506.240852,0.599227786064148,-0.4050534963607788,-2.9060099124908447
1691972506.2824552,0.5995419025421143,-0.4049309194087982,-2.9000186920166016
1691972506.325164,0.6000464558601379,-0.40389496088027954,-2.89514422416687
1691972506.3682442,0.6006980538368225,-0.4007164239883423,-2.8907949924468994
1691972506.411337,0.6029507517814636,-0.39412224292755127,-2.882580280303955
1691972506.450462,0.6041049361228943,-0.39073649048805237,-2.8753044605255127
1691972506.4915323,0.6027032136917114,-0.3903786540031433,-2.8635711669921875
1691972506.5354576,0.6002826690673828,-0.39066505432128906,-2.8511736392974854
1691972506.5795958,0.593329131603241,-0.39938560128211975,-2.826244592666626
1691972506.6081386,0.5905065536499023,-0.41118523478507996,-2.8117148876190186
1691972506.6387134,0.5900556445121765,-0.41946399211883545,-2.7964727878570557
1691972506.6707876,0.5921776294708252,-0.42123159766197205,-2.780316114425659
1691972506.705329,0.5957832336425781,-0.4192166328430176,-2.7644124031066895
1691972506.7396429,0.6001689434051514,-0.41659238934516907,-2.7498719692230225
1691972506.7712846,0.6073362827301025,-0.41242024302482605,-2.736431121826172
1691972506.8069353,0.6146566271781921,-0.4077913165092468,-2.724827766418457
1691972506.8400462,0.6213515400886536,-0.40428370237350464,-2.713796854019165
1691972506.872113,0.6285092234611511,-0.4074162542819977,-2.7075443267822266
1691972506.9047613,0.6344461441040039,-0.41399985551834106,-2.7043910026550293
1691972506.9379635,0.6413490176200867,-0.41248270869255066,-2.7006609439849854
1691972506.9720366,0.6503322720527649,-0.4074319005012512,-2.698122501373291
1691972507.0065973,0.6607944369316101,-0.40681228041648865,-2.697990655899048
1691972507.0412192,0.6729020476341248,-0.40360257029533386,-2.695711135864258
1691972507.072812,0.6921422481536865,-0.40288013219833374,-2.6962976455688477
1691972507.105477,0.7123647332191467,-0.40414437651634216,-2.696479320526123
1691972507.139207,0.727540910243988,-0.4007689952850342,-2.6924638748168945
1691972507.172417,0.7381162643432617,-0.39350348711013794,-2.6838595867156982
1691972507.2067587,0.7587026357650757,-0.38928669691085815,-2.681497812271118
1691972507.2408345,0.7848544716835022,-0.3858754634857178,-2.6798465251922607
1691972507.2719514,0.8157169222831726,-0.3822786808013916,-2.683910369873047
1691972507.3080306,0.8386286497116089,-0.36674150824546814,-2.6760969161987305
1691972507.3402584,0.8614948987960815,-0.35374924540519714,-2.671757459640503
1691972507.3723102,0.8746050000190735,-0.3505033254623413,-2.664067268371582
1691972507.4075735,0.8797527551651001,-0.36271175742149353,-2.6572749614715576
1691972507.4422255,0.8773521780967712,-0.3981647789478302,-2.6598291397094727
1691972507.4728997,0.8688819408416748,-0.4463483691215515,-2.6729347705841064
1691972507.5078056,0.8543404340744019,-0.49088624119758606,-2.694760799407959
1691972507.542209,0.8372424244880676,-0.5224116444587708,-2.716259241104126
1691972507.5738707,0.8193998336791992,-0.5400350689888,-2.73140549659729
1691972507.6089873,0.8052595257759094,-0.5462226271629333,-2.7424535751342773
1691972507.6420312,0.790931761264801,-0.5451893210411072,-2.745041608810425
1691972507.6748142,0.7785390019416809,-0.538502037525177,-2.742215871810913
1691972507.708405,0.7681840062141418,-0.5319399237632751,-2.738564968109131
1691972507.742949,0.753925621509552,-0.5277888178825378,-2.7320311069488525
1691972507.7757185,0.7364993095397949,-0.526985764503479,-2.7291648387908936
1691972507.8067768,0.7182380557060242,-0.5291752815246582,-2.7301735877990723
1691972507.8418574,0.6992433071136475,-0.5329901576042175,-2.7330262660980225
1691972507.8754113,0.682415783405304,-0.5365906953811646,-2.737452745437622
1691972507.9095929,0.6697316765785217,-0.5422062873840332,-2.7443811893463135
1691972507.9417262,0.6609117388725281,-0.5501679182052612,-2.755086898803711
1691972507.975493,0.6599599123001099,-0.5621187686920166,-2.7658426761627197
1691972508.0097399,0.666499674320221,-0.5778703093528748,-2.77775502204895
1691972508.0427957,0.6811670660972595,-0.5961796641349792,-2.787075996398926
1691972508.076844,0.703791618347168,-0.6172810196876526,-2.7990200519561768
1691972508.1094277,0.7328172922134399,-0.6405959129333496,-2.817991256713867
1691972508.1409783,0.7636535167694092,-0.6599568724632263,-2.834310293197632
1691972508.175388,0.7918900847434998,-0.6727036237716675,-2.8450794219970703
1691972508.2088583,0.8187735676765442,-0.6824542880058289,-2.84982967376709
1691972508.241904,0.8345878720283508,-0.6872093677520752,-2.8449320793151855
1691972508.2751222,0.8450313806533813,-0.6896983981132507,-2.8380508422851562
1691972508.310472,0.8492477536201477,-0.6908448934555054,-2.8347766399383545
1691972508.34413,0.8582149147987366,-0.6921931505203247,-2.835482597351074
1691972508.3753643,0.8582274913787842,-0.6921001076698303,-2.837984085083008
1691972508.4212184,0.8538633584976196,-0.6916301250457764,-2.83622670173645
1691972508.4623597,0.8412509560585022,-0.6889747977256775,-2.833118200302124
1691972508.5024161,0.822784423828125,-0.6838241815567017,-2.82330060005188
1691972508.5425303,0.8022268414497375,-0.6762614846229553,-2.8110055923461914
1691972508.5833445,0.7673404216766357,-0.6560830473899841,-2.7830934524536133
1691972508.6254623,0.7411049604415894,-0.6380295157432556,-2.7696807384490967
1691972508.6691594,0.7125041484832764,-0.6132708787918091,-2.752258777618408
1691972508.7097578,0.6864618062973022,-0.584080696105957,-2.73248553276062
1691972508.749874,0.6543278694152832,-0.5102931261062622,-2.6878156661987305
1691972508.7930653,0.6444543600082397,-0.4662564694881439,-2.6735754013061523
1691972508.8336637,0.641383171081543,-0.432108074426651,-2.6695308685302734
1691972508.8748198,0.6459296941757202,-0.4047020375728607,-2.666445255279541
1691972508.917448,0.6941623091697693,-0.34091541171073914,-2.6391565799713135
1691972508.9600155,0.7380333542823792,-0.3275836110115051,-2.618708848953247
1691972509.0011287,0.7701730132102966,-0.3293107748031616,-2.6096384525299072
1691972509.0418646,0.7956393361091614,-0.3396235406398773,-2.601313352584839
1691972509.0838716,0.8331171870231628,-0.340966135263443,-2.5761489868164062
1691972509.1275442,0.8250109553337097,-0.40609562397003174,-2.570526123046875
1691972509.1667802,0.8251368999481201,-0.4873025417327881,-2.59548282623291
1691972509.2098677,0.8316872715950012,-0.5627774596214294,-2.6354877948760986
1691972509.24929,0.841982364654541,-0.6174208521842957,-2.6835410594940186
1691972509.290974,0.8600360155105591,-0.6688287258148193,-2.7624971866607666
1691972509.3330402,0.8512545824050903,-0.6751248240470886,-2.788644790649414
1691972509.3756714,0.8379383087158203,-0.6748643517494202,-2.8034236431121826
1691972509.418766,0.8135800957679749,-0.6713066101074219,-2.8221168518066406
1691972509.4599707,0.7898252010345459,-0.6605770587921143,-2.8050971031188965
1691972509.5015993,0.769582986831665,-0.6463705897331238,-2.788674831390381
1691972509.545879,0.7501416206359863,-0.63033127784729,-2.7733206748962402
1691972509.586934,0.7058796882629395,-0.5902100205421448,-2.7517001628875732
1691972515.57758,0.732043445110321,0.18404515087604523,-2.636179208755493
1691972515.6424735,0.7412745952606201,0.17591792345046997,-2.6590917110443115
1691972515.71178,0.7092656493186951,0.17898023128509521,-2.5185561180114746
1691972515.783929,0.7044045925140381,0.18187293410301208,-2.506701946258545
1691972515.820048,0.7031812071800232,0.18006835877895355,-2.5003695487976074
1691972515.8641274,0.7014623284339905,0.17814698815345764,-2.492305278778076
1691972515.9052026,0.6992659568786621,0.17364338040351868,-2.4814066886901855
1691972515.9488845,0.6943056583404541,0.17034362256526947,-2.466958522796631
1691972515.9919653,0.6937623620033264,0.17206478118896484,-2.4699835777282715
1691972516.0350373,0.6938968896865845,0.1718057543039322,-2.4711740016937256
1691972516.0792937,0.6954354047775269,0.16953562200069427,-2.4683797359466553
1691972516.1202748,0.6978113055229187,0.16819201409816742,-2.4684267044067383
1691972516.1630251,0.6989242434501648,0.16927507519721985,-2.4701144695281982
1691972516.2047265,0.6994713544845581,0.17032870650291443,-2.474393367767334
1691972516.247824,0.7008588314056396,0.17103564739227295,-2.48077392578125
1691972516.2928698,0.7004750967025757,0.1713615208864212,-2.483288049697876
1691972516.3374352,0.7004996538162231,0.17223913967609406,-2.4877285957336426
1691972516.381565,0.6995306611061096,0.1708066165447235,-2.48551607131958
1691972516.4233153,0.6989397406578064,0.17057305574417114,-2.4840281009674072
1691972516.4653697,0.6987271308898926,0.17071154713630676,-2.483050584793091
1691972516.5089388,0.6993411183357239,0.1707000881433487,-2.483560085296631
1691972516.5515761,0.6995185613632202,0.17190000414848328,-2.4809460639953613
1691972516.5928383,0.7012470364570618,0.17346473038196564,-2.484332323074341
1691972516.632902,0.7010524272918701,0.17757974565029144,-2.4877469539642334
1691972516.6728785,0.6993939280509949,0.17960000038146973,-2.487685203552246
1691972516.7146912,0.6974565386772156,0.17925973236560822,-2.4844894409179688
1691972516.7547789,0.69629967212677,0.17669573426246643,-2.4759085178375244
1691972516.7958677,0.6957985162734985,0.17427286505699158,-2.468590021133423
1691972516.8369336,0.6960430145263672,0.17243610322475433,-2.4635701179504395
1691972516.8820508,0.6989163756370544,0.16932180523872375,-2.4590866565704346
1691972516.9229674,0.7024369835853577,0.1700175404548645,-2.4674196243286133
1691972516.9658551,0.7042644023895264,0.16976970434188843,-2.4739835262298584
1691972516.9944358,0.7048764824867249,0.16920174658298492,-2.478743076324463
1691972517.0220165,0.7051150798797607,0.16913487017154694,-2.4821057319641113
1691972517.05021,0.704298734664917,0.16794385015964508,-2.481563091278076
1691972517.0798242,0.7026308178901672,0.16709654033184052,-2.477992534637451
1691972517.109475,0.702116847038269,0.16876377165317535,-2.4798102378845215
1691972517.1410491,0.7019451856613159,0.1697959303855896,-2.480285167694092
1691972517.1751623,0.7010466456413269,0.1707892119884491,-2.4782073497772217
1691972517.2093344,0.7000819444656372,0.1726396232843399,-2.4792873859405518
1691972517.240905,0.6989174485206604,0.1748555302619934,-2.479430675506592
1691972517.2744744,0.6972797513008118,0.17552806437015533,-2.477987766265869
1691972517.3096442,0.6962288618087769,0.17590570449829102,-2.476100206375122
1691972517.3422213,0.6956605911254883,0.17475566267967224,-2.4751009941101074
1691972517.3748357,0.6958144307136536,0.17367088794708252,-2.472726821899414
1691972517.4099245,0.6960484981536865,0.17170250415802002,-2.4698309898376465
1691972517.4415781,0.6965054273605347,0.17148657143115997,-2.469078302383423
1691972517.475188,0.6960519552230835,0.17197249829769135,-2.4695401191711426
1691972517.509897,0.6960360407829285,0.17223727703094482,-2.4697885513305664
1691972517.5420072,0.6966512203216553,0.17236392199993134,-2.4704830646514893
1691972517.5766525,0.6957343220710754,0.1719297170639038,-2.4689419269561768
1691972517.6087425,0.6947771906852722,0.17265304923057556,-2.469205379486084
1691972517.6423051,0.6945345997810364,0.1739698201417923,-2.4713780879974365
1691972517.6759725,0.6955277323722839,0.17413951456546783,-2.47430682182312
1691972517.7090821,0.6974872350692749,0.17353565990924835,-2.4768762588500977
1691972517.7427294,0.6993330717086792,0.17232157289981842,-2.479072332382202
1691972517.7778077,0.7010940313339233,0.17092159390449524,-2.479997158050537
1691972517.8094246,0.7017215490341187,0.16988658905029297,-2.4795310497283936
1691972517.8420074,0.701055645942688,0.16813616454601288,-2.477545976638794
1691972517.8777356,0.6989984512329102,0.16636888682842255,-2.473250150680542
1691972517.9123318,0.6966102123260498,0.16561159491539001,-2.468914747238159
1691972517.9439576,0.6945775151252747,0.16594474017620087,-2.4659817218780518
1691972517.9771686,0.693112850189209,0.16815191507339478,-2.4655990600585938
1691972518.0128906,0.692493736743927,0.17071117460727692,-2.468208074569702
1691972518.0444717,0.6925512552261353,0.1729276329278946,-2.4715349674224854
1691972518.079677,0.6929532289505005,0.17420265078544617,-2.4748120307922363
1691972518.1132917,0.6931622624397278,0.17366482317447662,-2.475635528564453
1691972518.1458993,0.6942975521087646,0.17326955497264862,-2.478787422180176
1691972518.17695,0.6965987682342529,0.17219386994838715,-2.4815125465393066
1691972518.2105384,0.6975848078727722,0.1710648387670517,-2.481559991836548
1691972518.243138,0.697485089302063,0.170882448554039,-2.481466293334961
1691972518.2777507,0.6964094638824463,0.17200148105621338,-2.4797492027282715
1691972518.3113163,0.695395290851593,0.17362168431282043,-2.4784319400787354
1691972518.346945,0.6951047778129578,0.1751268208026886,-2.4782471656799316
1691972518.379119,0.6952629089355469,0.17576096951961517,-2.4782795906066895
1691972518.4127493,0.695704996585846,0.17456156015396118,-2.4772019386291504
1691972518.4453845,0.6955784559249878,0.17315487563610077,-2.4759387969970703
1691972518.4800096,0.6964390873908997,0.17262470722198486,-2.477635383605957
1691972518.5115979,0.6975086331367493,0.17193076014518738,-2.4794702529907227
1691972518.5466602,0.6983829140663147,0.17097944021224976,-2.483478307723999
1691972518.579366,0.6989050507545471,0.16938915848731995,-2.485197067260742
1691972518.6130247,0.6987305283546448,0.16762197017669678,-2.484229564666748
1691972518.6471603,0.6989524960517883,0.166375994682312,-2.4813058376312256
1691972518.6802897,0.6986187696456909,0.16562151908874512,-2.4784798622131348
1691972518.7118762,0.6961488723754883,0.16771790385246277,-2.473980188369751
1691972518.7806096,0.6961685419082642,0.1697642207145691,-2.47326922416687
1691972518.814941,0.6967046856880188,0.17117471992969513,-2.4749534130096436
1691972518.8491304,0.6976301670074463,0.17165720462799072,-2.476975917816162
1691972518.8807042,0.6989033222198486,0.17198942601680756,-2.478419542312622
1691972518.9152987,0.7008543610572815,0.1722097247838974,-2.4810667037963867
1691972518.9483845,0.7021423578262329,0.1726863980293274,-2.4843010902404785
1691972518.9810362,0.7027037143707275,0.17156580090522766,-2.4859445095062256
1691972519.0171125,0.7030011415481567,0.17127636075019836,-2.487532615661621
1691972519.0492568,0.7025070190429688,0.1709490567445755,-2.4881715774536133
1691972519.0828302,0.7013570666313171,0.17075660824775696,-2.4877254962921143
1691972519.1154048,0.6991419792175293,0.17050540447235107,-2.486684799194336
1691972519.1500876,0.6966097950935364,0.17063790559768677,-2.484715223312378
1691972519.1846952,0.6950764656066895,0.16963838040828705,-2.484323263168335
1691972519.217789,0.6939011812210083,0.16871187090873718,-2.483048677444458
1691972519.2483368,0.6929221749305725,0.16762658953666687,-2.481492757797241
1691972519.283922,0.6920170783996582,0.16726838052272797,-2.4793546199798584
1691972519.3170872,0.692191481590271,0.1680564433336258,-2.4782772064208984
1691972519.35127,0.6924406886100769,0.16924169659614563,-2.4780800342559814
1691972519.382838,0.6925667524337769,0.17015957832336426,-2.4769272804260254
1691972519.417917,0.6927174925804138,0.17053356766700745,-2.478116273880005
1691972519.4521153,0.6919984221458435,0.1712826043367386,-2.4781787395477295
1691972519.4847383,0.691318690776825,0.17344927787780762,-2.4799253940582275
1691972519.5167887,0.6911711692810059,0.17619892954826355,-2.482574701309204
1691972519.5514,0.6911807656288147,0.17768797278404236,-2.4838454723358154
1691972519.583988,0.6913104057312012,0.17884908616542816,-2.4845688343048096
1691972519.6181242,0.6912387609481812,0.1793014407157898,-2.484316349029541
1691972519.65226,0.6912268400192261,0.1788848340511322,-2.4837472438812256
1691972519.6848388,0.6917939186096191,0.1777784377336502,-2.4821012020111084
1691972519.718052,0.6921592950820923,0.1768929809331894,-2.4806697368621826
1691972519.7523339,0.6932627558708191,0.1746409386396408,-2.480253219604492
1691972519.784991,0.6951266527175903,0.1717894971370697,-2.480048179626465
1691972519.829616,0.6975050568580627,0.1697201430797577,-2.4822635650634766
1691972519.8713355,0.6988433599472046,0.16843657195568085,-2.4836928844451904
1691972519.9134264,0.6997102499008179,0.1671457141637802,-2.4830482006073
1691972519.956603,0.7000026702880859,0.16530479490756989,-2.481260299682617
1691972520.0007553,0.6987702250480652,0.1654236614704132,-2.479400873184204
1691972520.0428386,0.6971650123596191,0.16684050858020782,-2.4787933826446533
1691972520.0869393,0.696963906288147,0.1670042723417282,-2.4775757789611816
1691972520.1305542,0.6979484558105469,0.16544848680496216,-2.4778292179107666
1691972520.1711528,0.6979381442070007,0.1660626083612442,-2.4764962196350098
1691972520.2152822,0.6982275247573853,0.16620659828186035,-2.4739162921905518
1691972520.2554123,0.6994931697845459,0.16641445457935333,-2.4721744060516357
1691972520.2970605,0.7015461325645447,0.16693678498268127,-2.4698619842529297
1691972520.337136,0.7036610245704651,0.16803114116191864,-2.47304368019104
1691972520.3797486,0.7044198513031006,0.16922655701637268,-2.4749927520751953
1691972520.4198253,0.7043445706367493,0.17040693759918213,-2.4760098457336426
1691972520.4624667,0.7054793834686279,0.17135408520698547,-2.4776957035064697
1691972520.501712,0.7054740190505981,0.17063774168491364,-2.47818660736084
1691972520.5448065,0.7055097818374634,0.1699177622795105,-2.4788496494293213
1691972520.585394,0.7045782208442688,0.16870930790901184,-2.474252939224243
1691972520.6271477,0.70478355884552,0.16964705288410187,-2.4752893447875977
1691972520.6677923,0.7057003974914551,0.17045807838439941,-2.4790523052215576
1691972520.7098594,0.7061118483543396,0.1709507554769516,-2.483053207397461
1691972525.8823912,0.33459171652793884,-0.2919768691062927,-2.4120078086853027
1691972525.9483776,0.3433357775211334,-0.300362229347229,-2.3962807655334473
1691972526.0074084,0.3452953100204468,-0.2847994267940521,-2.396554946899414
1691972526.0690503,0.34692665934562683,-0.2885436713695526,-2.409374237060547
1691972526.1259174,0.3458098769187927,-0.28707554936408997,-2.408308744430542
1691972526.2002833,0.3506757318973541,-0.28451523184776306,-2.4005770683288574
1691972526.2454464,0.3502618670463562,-0.2844623923301697,-2.399007558822632
1691972526.2887423,0.3490454852581024,-0.28760668635368347,-2.4030659198760986
1691972526.3310466,0.34899836778640747,-0.2883545458316803,-2.4057772159576416
1691972526.3751469,0.3499431312084198,-0.28713929653167725,-2.409259796142578
1691972526.4165561,0.3538428843021393,-0.28210607171058655,-2.4072279930114746
1691972526.4586403,0.35747864842414856,-0.28043240308761597,-2.4080610275268555
1691972526.501864,0.35789060592651367,-0.28093746304512024,-2.404680013656616
1691972526.5450485,0.35646486282348633,-0.28238415718078613,-2.401214838027954
1691972526.5971723,0.3582049608230591,-0.28455856442451477,-2.3925061225891113
1691972526.6428652,0.3597128987312317,-0.2858997583389282,-2.385254144668579
1691972526.6841462,0.36393824219703674,-0.2877122759819031,-2.3753719329833984
1691972526.7313652,0.36371564865112305,-0.2852698266506195,-2.373258113861084
1691972526.772303,0.3615100681781769,-0.2855743169784546,-2.370481014251709
1691972526.8146467,0.3564315438270569,-0.2851720154285431,-2.3704652786254883
1691972526.855801,0.35196423530578613,-0.285367488861084,-2.372304677963257
1691972526.896967,0.3490382432937622,-0.2852807939052582,-2.372695207595825
1691972526.9419284,0.3456908166408539,-0.28482434153556824,-2.375556468963623
1691972526.9841728,0.34142276644706726,-0.2849288880825043,-2.3803467750549316
1691972527.027645,0.3411696255207062,-0.28511738777160645,-2.385150194168091
1691972527.0678558,0.34369373321533203,-0.2847852408885956,-2.3876872062683105
1691972527.111368,0.34600457549095154,-0.2831784188747406,-2.387993574142456
1691972527.1516085,0.3478349447250366,-0.28159284591674805,-2.3871562480926514
1691972527.193604,0.35002243518829346,-0.2804306447505951,-2.3841824531555176
1691972527.2338438,0.3503737449645996,-0.27952075004577637,-2.382615566253662
1691972527.277129,0.3505032956600189,-0.2791830003261566,-2.3815746307373047
1691972527.3225515,0.3504283130168915,-0.2780773341655731,-2.3794503211975098
1691972527.367724,0.3499492108821869,-0.2782250642776489,-2.3792946338653564
1691972527.397053,0.35011041164398193,-0.27876487374305725,-2.380870819091797
1691972527.4266489,0.3506811559200287,-0.27892816066741943,-2.3798089027404785
1691972527.4545534,0.35087260603904724,-0.2787751257419586,-2.38028883934021
1691972527.483791,0.3506108522415161,-0.2785797715187073,-2.3795080184936523
1691972527.5119848,0.3514784276485443,-0.2783365547657013,-2.37800931930542
1691972527.5436027,0.3515109717845917,-0.2781548500061035,-2.3768045902252197
1691972527.577471,0.35142114758491516,-0.27767568826675415,-2.377180337905884
1691972527.6111138,0.35008734464645386,-0.2769261598587036,-2.376491069793701
1691972527.6442962,0.3483753800392151,-0.2772655189037323,-2.375257968902588
1691972527.6810718,0.3464827537536621,-0.2781729996204376,-2.3753159046173096
1691972527.7122147,0.34687063097953796,-0.27799850702285767,-2.3740696907043457
1691972527.7449005,0.3456971049308777,-0.2775629758834839,-2.3736631870269775
1691972527.778864,0.3450365364551544,-0.2775348424911499,-2.372762680053711
1691972527.812267,0.34563013911247253,-0.27780431509017944,-2.372575521469116
1691972527.8474705,0.3458452820777893,-0.2779582738876343,-2.3739330768585205
1691972527.8845394,0.34703564643859863,-0.2788025140762329,-2.372128486633301
1691972527.9148114,0.3477156460285187,-0.2797691524028778,-2.370452404022217
1691972527.945909,0.3480997383594513,-0.2798914909362793,-2.3689706325531006
1691972527.9791226,0.34858134388923645,-0.2797465920448303,-2.3684027194976807
1691972528.0122554,0.3490794897079468,-0.27961403131484985,-2.3660197257995605
1691972528.0443687,0.3494343161582947,-0.28008630871772766,-2.3652360439300537
1691972528.080256,0.3499356806278229,-0.28013962507247925,-2.365290403366089
1691972528.1133046,0.35083988308906555,-0.2797067165374756,-2.3662209510803223
1691972528.1465225,0.3512066900730133,-0.278998464345932,-2.3676090240478516
1691972528.1812866,0.35107260942459106,-0.2785225212574005,-2.369271755218506
1691972528.212685,0.3512597680091858,-0.27922478318214417,-2.370978593826294
1691972528.2479036,0.35173332691192627,-0.28031545877456665,-2.371335983276367
1691972528.2797058,0.35208243131637573,-0.28098076581954956,-2.3721086978912354
1691972528.3138459,0.3518846333026886,-0.280820369720459,-2.3730645179748535
1691972528.3466592,0.35091832280158997,-0.2812040448188782,-2.3726115226745605
1691972528.3804352,0.35056039690971375,-0.281644344329834,-2.371751546859741
1691972528.4150875,0.3500286042690277,-0.2829974591732025,-2.37080717086792
1691972528.447195,0.349976122379303,-0.28409090638160706,-2.37004017829895
1691972528.4813504,0.35014575719833374,-0.28459432721138,-2.3687422275543213
1691972528.515476,0.35067376494407654,-0.28524523973464966,-2.3676838874816895
1691972528.546636,0.3515567481517792,-0.2842448949813843,-2.3661327362060547
1691972528.5817807,0.35247915983200073,-0.2840569317340851,-2.3646764755249023
1691972528.6133926,0.3530462086200714,-0.2843300700187683,-2.3645434379577637
1691972528.6476822,0.3532645106315613,-0.28397035598754883,-2.365004777908325
1691972528.67979,0.3541300892829895,-0.28424271941185,-2.3663418292999268
1691972528.7143784,0.3546866178512573,-0.28378060460090637,-2.3675410747528076
1691972528.7476733,0.3548436760902405,-0.2838740050792694,-2.3673858642578125
1691972528.781831,0.3535039722919464,-0.28308728337287903,-2.3658010959625244
1691972528.8486853,0.3532494902610779,-0.2838016450405121,-2.3634674549102783
1691972528.8828726,0.3535590171813965,-0.2826092839241028,-2.3613226413726807
1691972528.914465,0.3537047505378723,-0.28101813793182373,-2.3589179515838623
1691972528.9496405,0.35385408997535706,-0.2802315354347229,-2.3578250408172607
1691972528.982763,0.3535415828227997,-0.2800105810165405,-2.3584065437316895
1691972529.0143855,0.3529219627380371,-0.2810728847980499,-2.360948324203491
1691972529.0495613,0.3532063961029053,-0.2808607220649719,-2.3622360229492188
1691972529.0836985,0.35421493649482727,-0.28055551648139954,-2.3640635013580322
1691972529.1167915,0.3549242615699768,-0.2793167531490326,-2.364034414291382
1691972529.1504235,0.35491281747817993,-0.27917635440826416,-2.3636720180511475
1691972529.1841626,0.35350483655929565,-0.27870652079582214,-2.3646152019500732
1691972529.2308352,0.3536805212497711,-0.27814269065856934,-2.363759994506836
1691972529.2716599,0.35354575514793396,-0.2792482376098633,-2.364246129989624
1691972529.3147662,0.3528063893318176,-0.28027069568634033,-2.3635950088500977
1691972529.3554428,0.35233595967292786,-0.2803702652454376,-2.364466667175293
1691972529.3945549,0.3519546389579773,-0.2798996865749359,-2.363687753677368
1691972529.42416,0.3486343324184418,-0.2804090976715088,-2.3656134605407715
1691972529.4553828,0.3462110757827759,-0.2814641296863556,-2.366604804992676
1691972529.4859748,0.34473365545272827,-0.2822823226451874,-2.3689217567443848
1691972529.519115,0.3438083231449127,-0.28248289227485657,-2.370983600616455
1691972529.5517564,0.34283196926116943,-0.2825149595737457,-2.3738644123077393
1691972529.5869114,0.34191808104515076,-0.2827179431915283,-2.375725746154785
1691972529.620002,0.34099942445755005,-0.28294503688812256,-2.3766191005706787
1691972529.6521182,0.3408435583114624,-0.28373488783836365,-2.3777451515197754
1691972529.686812,0.34435147047042847,-0.2833898663520813,-2.376941442489624
1691972529.7193499,0.3476555645465851,-0.2817833423614502,-2.3746426105499268
1691972529.7534814,0.35105469822883606,-0.279518723487854,-2.371230125427246
1691972529.7878282,0.3529323637485504,-0.27792009711265564,-2.3669791221618652
1691972529.8198993,0.3550322353839874,-0.27703535556793213,-2.3657054901123047
1691972529.8530273,0.3572860658168793,-0.27661651372909546,-2.3642992973327637
1691972529.8873222,0.35850009322166443,-0.2761197090148926,-2.3633244037628174
1691972529.919946,0.35841473937034607,-0.2739854156970978,-2.3616793155670166
1691972529.954108,0.3572162687778473,-0.2727947533130646,-2.360954761505127
1691972529.9893253,0.3561324179172516,-0.2729077637195587,-2.3613197803497314
1691972530.0209332,0.3553451895713806,-0.2737894356250763,-2.3613669872283936
1691972530.055074,0.3547669053077698,-0.2748641073703766,-2.361475706100464
1691972530.0882328,0.35440704226493835,-0.2755206823348999,-2.3612546920776367
1691972530.1218753,0.3543604016304016,-0.27578574419021606,-2.362182378768921
1691972530.1540225,0.35445883870124817,-0.2754245400428772,-2.362271785736084
1691972530.1891527,0.3536335825920105,-0.2753009498119354,-2.362849712371826
1691972530.2217872,0.3526461124420166,-0.2760034203529358,-2.364410400390625
1691972530.255959,0.3513684868812561,-0.277329683303833,-2.3669118881225586
1691972530.2880397,0.3506852090358734,-0.2783818244934082,-2.3693935871124268
1691972530.3236637,0.35075342655181885,-0.2793028652667999,-2.371030569076538
1691972530.360355,0.3518320322036743,-0.2806195318698883,-2.372610092163086
1691972530.389921,0.35190272331237793,-0.2821432948112488,-2.37211537361145
1691972530.4234922,0.3522845506668091,-0.284036248922348,-2.3730344772338867
1691972530.4556477,0.3522944450378418,-0.2841324210166931,-2.3736605644226074
1691972530.4907982,0.35228902101516724,-0.28311100602149963,-2.3715076446533203
1691972530.5223756,0.35315266251564026,-0.28179389238357544,-2.3704004287719727
1691972530.5555196,0.3534099757671356,-0.28100723028182983,-2.3679990768432617
1691972530.590653,0.35412782430648804,-0.2802867591381073,-2.3657021522521973
1691972530.6234016,0.3552766442298889,-0.28064826130867004,-2.3645267486572266
1691972530.6565573,0.3550906479358673,-0.2803095281124115,-2.3632524013519287
1691972530.6897109,0.3547765612602234,-0.2791660726070404,-2.362516164779663
1691972530.7253106,0.3549596965312958,-0.2784140706062317,-2.362743377685547
1691972530.7580178,0.35523390769958496,-0.27766120433807373,-2.36325740814209
1691972530.7896361,0.35544419288635254,-0.2775670886039734,-2.363431692123413
1691972530.8242207,0.3559724986553192,-0.2776128947734833,-2.3636789321899414
1691972530.8574178,0.35615184903144836,-0.27771705389022827,-2.3640589714050293
1691972530.891049,0.35682010650634766,-0.27953940629959106,-2.3635506629943848
1691972530.922677,0.3576144576072693,-0.28101277351379395,-2.3634026050567627
1691972530.9567626,0.3580196499824524,-0.28200072050094604,-2.3625173568725586
1691972530.9908452,0.3573734760284424,-0.28165310621261597,-2.3629510402679443
1691972533.514371,0.37633049488067627,-0.4490533471107483,-2.453800916671753
1691972533.5843773,0.3879780173301697,-0.46851426362991333,-2.4603261947631836
1691972533.6393769,0.43931448459625244,-0.5452742576599121,-2.531627655029297
1691972533.6993763,0.45373356342315674,-0.550946831703186,-2.505817413330078
1691972533.7570193,0.48529547452926636,-0.5650221705436707,-2.5031650066375732
1691972533.8024085,0.5034487247467041,-0.5774346590042114,-2.497485637664795
1691972533.8454437,0.5361019968986511,-0.5918703079223633,-2.4864068031311035
1691972533.888374,0.5541960597038269,-0.5975282192230225,-2.4774928092956543
1691972533.9319246,0.5687306523323059,-0.6006119251251221,-2.4728705883026123
1691972533.975883,0.6121829748153687,-0.612252950668335,-2.4698305130004883
1691972534.0183735,0.6424161195755005,-0.6178749203681946,-2.463338851928711
1691972534.0623925,0.6692082285881042,-0.6200241446495056,-2.455803871154785
1691972534.1069367,0.7093855142593384,-0.6142458915710449,-2.437394142150879
1691972534.150393,0.722087562084198,-0.6084607243537903,-2.4316771030426025
1691972534.194072,0.7301682233810425,-0.6048866510391235,-2.430750846862793
1691972534.2343764,0.7356325387954712,-0.603634238243103,-2.4315500259399414
1691972534.277406,0.7458227276802063,-0.6072432398796082,-2.4357283115386963
1691972534.3198795,0.744789183139801,-0.6123899221420288,-2.43916916847229
1691972534.3621473,0.7434206604957581,-0.6145298480987549,-2.43875789642334
1691972534.4029279,0.741345226764679,-0.6163330674171448,-2.436628580093384
1691972534.446896,0.7379063367843628,-0.6207269430160522,-2.4373226165771484
1691972534.4874065,0.7326371669769287,-0.6235860586166382,-2.4374215602874756
1691972534.5293772,0.7283051609992981,-0.6254701018333435,-2.4358365535736084
1691972534.5713854,0.7243563532829285,-0.6272830367088318,-2.429597854614258
1691972534.6119342,0.7168909311294556,-0.6281557083129883,-2.419952869415283
1691972534.6551259,0.7148638367652893,-0.6302435398101807,-2.4153401851654053
1691972534.695897,0.7143508195877075,-0.6354390978813171,-2.4175825119018555
1691972534.7393756,0.71542888879776,-0.6402766704559326,-2.420036554336548
1691972534.7811108,0.720551609992981,-0.6440657377243042,-2.42488694190979
1691972534.8222742,0.7265228629112244,-0.6437703967094421,-2.4230852127075195
1691972534.8658838,0.7309919595718384,-0.64677894115448,-2.424215793609619
1691972534.9089165,0.7351343631744385,-0.651409924030304,-2.421626091003418
1691972534.9493756,0.738624095916748,-0.6529865264892578,-2.416581392288208
1691972534.9909182,0.7433906197547913,-0.6534801721572876,-2.410979986190796
1691972535.0319,0.748950719833374,-0.6537094712257385,-2.406859874725342
1691972535.0733764,0.7535098791122437,-0.6522486805915833,-2.4031217098236084
1691972535.1136448,0.7614558339118958,-0.6544038653373718,-2.397209644317627
1691972535.1527495,0.7635725736618042,-0.6549681425094604,-2.3968446254730225
1691972535.1953137,0.764663815498352,-0.6556721925735474,-2.396515369415283
1691972535.2354047,0.7647891044616699,-0.6587877869606018,-2.4008758068084717
1691972535.2790568,0.7699424028396606,-0.6596255898475647,-2.4085819721221924
1691972535.3209364,0.7735964059829712,-0.6594680547714233,-2.4149739742279053
1691972535.3613927,0.7771217226982117,-0.6574978232383728,-2.4193954467773438
1691972535.4023757,0.7796237468719482,-0.6547508835792542,-2.421505928039551
1691972535.4440472,0.7820409536361694,-0.6517146229743958,-2.4220423698425293
1691972535.4839046,0.7798678874969482,-0.6488936543464661,-2.421269655227661
1691972535.5258863,0.7777307629585266,-0.6472885608673096,-2.4242842197418213
1691972535.5669942,0.7745422124862671,-0.6461247801780701,-2.4268293380737305
1691972535.608373,0.771004319190979,-0.6453693509101868,-2.4292144775390625
1691972535.6493757,0.7658494114875793,-0.6429272890090942,-2.43129301071167
1691972535.692389,0.7637918591499329,-0.6417416930198669,-2.431339979171753
1691972535.7313757,0.7638927698135376,-0.6410956382751465,-2.4301581382751465
1691972535.771918,0.7646646499633789,-0.63969486951828,-2.4273290634155273
1691972535.812156,0.7645300030708313,-0.6341792345046997,-2.4182543754577637
1691972535.8528776,0.7655194997787476,-0.6301273107528687,-2.411923885345459
1691972535.8943763,0.7646531462669373,-0.6262516975402832,-2.4067811965942383
1691972535.933381,0.7626508474349976,-0.6221500635147095,-2.4010093212127686
1691972535.974954,0.762330949306488,-0.6185829043388367,-2.396336078643799
1691972536.0144918,0.7623977065086365,-0.6135114431381226,-2.390759229660034
1691972536.0544736,0.7608705163002014,-0.6106346249580383,-2.3878417015075684
1691972536.0952878,0.7555017471313477,-0.6077936887741089,-2.386280059814453
1691972536.1529272,0.7530958652496338,-0.6108695268630981,-2.388500213623047
1691972536.1939433,0.7523858547210693,-0.6129328608512878,-2.389047145843506
1691972536.2318778,0.7525748014450073,-0.6140666007995605,-2.3910505771636963
1691972536.2721288,0.752914309501648,-0.6144815683364868,-2.390812397003174
1691972536.3128023,0.7528032660484314,-0.6123531460762024,-2.3874244689941406
1691972536.3534338,0.7548941373825073,-0.6115506291389465,-2.3840267658233643
1691972536.3889024,0.7568724751472473,-0.6121451258659363,-2.382723093032837
1691972536.419919,0.7576213479042053,-0.611565351486206,-2.3813488483428955
1691972536.4509332,0.7578063011169434,-0.6105683445930481,-2.380174160003662
1691972536.4803836,0.7587567567825317,-0.6102844476699829,-2.3793163299560547
1691972536.508441,0.760075032711029,-0.6106353402137756,-2.378488540649414
1691972536.5423748,0.7602136135101318,-0.612427830696106,-2.3786568641662598
1691972536.575382,0.7608431577682495,-0.6143275499343872,-2.378990411758423
1691972536.6089408,0.7612459659576416,-0.6149616837501526,-2.3764758110046387
1691972536.6424108,0.7613598704338074,-0.6154459118843079,-2.3758928775787354
1691972536.675403,0.761741578578949,-0.615853488445282,-2.3757450580596924
1691972536.7103758,0.7618091106414795,-0.6175681948661804,-2.378232717514038
1691972536.742414,0.7610591053962708,-0.6202589869499207,-2.3824610710144043
1691972536.7751656,0.7598567605018616,-0.6230249404907227,-2.3879635334014893
1691972536.811396,0.7579408288002014,-0.6240860819816589,-2.3922605514526367
1691972536.8433745,0.7572354674339294,-0.6238890290260315,-2.3942348957061768
1691972536.8768773,0.7560123801231384,-0.6222867965698242,-2.3933165073394775
1691972536.910375,0.7543109655380249,-0.6197122931480408,-2.3910067081451416
1691972536.9439247,0.7526832222938538,-0.6177356839179993,-2.38698410987854
1691972536.977892,0.7515049576759338,-0.6157481074333191,-2.3831756114959717
1691972537.0104837,0.7523672580718994,-0.6141900420188904,-2.3807544708251953
1691972537.0433958,0.7531142234802246,-0.6124553680419922,-2.3780064582824707
1691972537.0779893,0.75406414270401,-0.6115998029708862,-2.3760366439819336
1691972537.1104126,0.7544764876365662,-0.6112086176872253,-2.374100685119629
1691972537.1458838,0.755864143371582,-0.6121922731399536,-2.3729026317596436
1691972537.1774101,0.7570503950119019,-0.61345374584198,-2.372260332107544
1691972537.2123754,0.7577186226844788,-0.614801824092865,-2.372339963912964
1691972537.2453747,0.757665753364563,-0.6153627634048462,-2.372680425643921
1691972537.2783065,0.7576746344566345,-0.6155827641487122,-2.372985363006592
1691972537.3123753,0.7575976848602295,-0.6155611276626587,-2.372357130050659
1691972537.345386,0.7577162384986877,-0.6153993010520935,-2.371948480606079
1691972537.3790653,0.757673978805542,-0.615543007850647,-2.371722459793091
1691972537.4124012,0.7567998170852661,-0.6152655482292175,-2.3719565868377686
1691972537.447026,0.7564160823822021,-0.615301787853241,-2.3729333877563477
1691972537.4788995,0.7573577761650085,-0.6163640022277832,-2.3749611377716064
1691972537.5129004,0.7575533390045166,-0.617326021194458,-2.377157688140869
1691972537.5469463,0.7580576539039612,-0.6196163296699524,-2.3803811073303223
1691972537.5783715,0.7580703496932983,-0.6226562857627869,-2.384222984313965
1691972537.6128879,0.7583867907524109,-0.6258746385574341,-2.3888449668884277
1691972537.6465545,0.7579293251037598,-0.6275925040245056,-2.3921661376953125
1691972537.680642,0.7566263675689697,-0.6277201771736145,-2.392831325531006
1691972537.7121727,0.7550683617591858,-0.6268261671066284,-2.3911643028259277
1691972537.7467935,0.7536216378211975,-0.6248883605003357,-2.3886752128601074
1691972537.779855,0.7527175545692444,-0.6225927472114563,-2.3858256340026855
1691972537.8135583,0.7519384622573853,-0.6194753050804138,-2.3823440074920654
1691972537.8476343,0.7515029907226562,-0.615460216999054,-2.3781893253326416
1691972537.8817108,0.7511093020439148,-0.6119884252548218,-2.373807907104492
1691972537.913093,0.7514554262161255,-0.6100484132766724,-2.3712174892425537
1691972537.9471185,0.7521535754203796,-0.6086642742156982,-2.369511365890503
1691972537.9821615,0.7542771100997925,-0.6084353923797607,-2.3686628341674805
1691972538.0137043,0.7567384839057922,-0.6081565618515015,-2.3684089183807373
1691972538.04878,0.7587555050849915,-0.6082853674888611,-2.3694915771484375
1691972538.079857,0.7592262029647827,-0.6089521646499634,-2.372277021408081
1691972538.113408,0.7588318586349487,-0.611091136932373,-2.376514196395874
1691972538.1472054,0.7586770057678223,-0.6148124933242798,-2.381955862045288
1691972538.185292,0.7593515515327454,-0.6184027194976807,-2.3873939514160156
1691972538.228906,0.7597293257713318,-0.6209468245506287,-2.39229679107666
1691972538.2701094,0.7596185803413391,-0.6220076084136963,-2.3954262733459473
1691972538.313079,0.7591701745986938,-0.6228079199790955,-2.396751880645752
1691972538.355773,0.7578149437904358,-0.6229895949363708,-2.397761583328247
1691972538.389697,0.7569934725761414,-0.6217837333679199,-2.3952035903930664
1691972538.4212685,0.756681501865387,-0.6197470426559448,-2.392787456512451
1691972538.4528704,0.7565609812736511,-0.6180552840232849,-2.3904035091400146
1691972538.48253,0.7573863863945007,-0.6167299151420593,-2.388712167739868
1691972538.5176525,0.7580147981643677,-0.6151101589202881,-2.386622667312622
1691972538.5527644,0.7584260702133179,-0.6137858629226685,-2.3848063945770264
1691972538.583973,0.758327841758728,-0.6120730042457581,-2.382615089416504
1691972538.6170385,0.7585320472717285,-0.6109923720359802,-2.380882501602173
1691972538.6521204,0.7587535381317139,-0.6108359098434448,-2.380082130432129
1691972538.6855378,0.7594746947288513,-0.6116904616355896,-2.3808176517486572
1691972538.7176564,0.7612171769142151,-0.612655520439148,-2.3818185329437256
1691972545.7847624,0.7695199847221375,-0.2993958592414856,-2.3664543628692627
1691972545.8449352,0.7841284275054932,-0.28961697220802307,-2.3597183227539062
1691972545.9011285,0.7828314304351807,-0.2830357253551483,-2.3674709796905518
1691972545.9571612,0.7810285091400146,-0.28610265254974365,-2.3742027282714844
1691972546.0214834,0.7998336553573608,-0.2979702949523926,-2.448730707168579
1691972546.08406,0.8053850531578064,-0.2967570722103119,-2.4653728008270264
1691972546.141849,0.8137744069099426,-0.30232107639312744,-2.4832794666290283
1691972546.2014806,0.8163359761238098,-0.3062831461429596,-2.4861538410186768
1691972546.247471,0.8016620874404907,-0.3150438070297241,-2.454805850982666
1691972546.2900574,0.7956008911132812,-0.31151437759399414,-2.43117356300354
1691972546.3330495,0.7894830107688904,-0.30551281571388245,-2.411583185195923
1691972546.377057,0.7843000888824463,-0.2987477779388428,-2.3957607746124268
1691972546.4170563,0.7756260633468628,-0.29393890500068665,-2.3721179962158203
1691972546.4589,0.7738405466079712,-0.29016929864883423,-2.362135648727417
1691972546.5004675,0.7739397287368774,-0.2870769500732422,-2.357571840286255
1691972546.5425522,0.7750841975212097,-0.284460186958313,-2.3566057682037354
1691972546.582959,0.7789098620414734,-0.2761067748069763,-2.3598172664642334
1691972546.6240122,0.7829210162162781,-0.275115042924881,-2.3675787448883057
1691972546.6696422,0.785174548625946,-0.27617621421813965,-2.3725106716156006
1691972546.7117474,0.787067711353302,-0.27829182147979736,-2.377453565597534
1691972546.752969,0.788263738155365,-0.2796439230442047,-2.3791141510009766
1691972546.794527,0.7910717129707336,-0.2846408486366272,-2.3877103328704834
1691972546.8350835,0.7915283441543579,-0.2866978943347931,-2.389866828918457
1691972546.877685,0.7894210815429688,-0.2879802882671356,-2.3861308097839355
1691972546.9170582,0.7845031023025513,-0.2911885380744934,-2.375218391418457
1691972546.9611816,0.7802826166152954,-0.2907344102859497,-2.3661246299743652
1691972547.0004177,0.7788533568382263,-0.2905353009700775,-2.3630664348602295
1691972547.0414996,0.7778470516204834,-0.28937220573425293,-2.3608241081237793
1691972547.084106,0.773650586605072,-0.2863732874393463,-2.3481178283691406
1691972547.1254451,0.7747354507446289,-0.28484657406806946,-2.3471009731292725
1691972547.168327,0.7757995128631592,-0.28318119049072266,-2.3463592529296875
1691972547.1968956,0.7765252590179443,-0.2816450595855713,-2.3457083702087402
1691972547.2259414,0.7769355773925781,-0.2822818160057068,-2.345113754272461
1691972547.256779,0.7771491408348083,-0.2830672264099121,-2.345205068588257
1691972547.2848155,0.7778314352035522,-0.28376859426498413,-2.3473610877990723
1691972547.3149376,0.7787473797798157,-0.28387945890426636,-2.350090265274048
1691972547.3455343,0.7797151207923889,-0.2839081883430481,-2.352818727493286
1691972547.3821433,0.780312716960907,-0.2839038372039795,-2.3547441959381104
1691972547.4133499,0.7813448905944824,-0.2850816249847412,-2.35821795463562
1691972547.4472353,0.78215491771698,-0.28595465421676636,-2.3613271713256836
1691972547.4810572,0.7823910117149353,-0.2863233685493469,-2.3631556034088135
1691972547.5153952,0.7809867858886719,-0.28588491678237915,-2.3595430850982666
1691972547.5479918,0.7816463112831116,-0.286787748336792,-2.3612093925476074
1691972547.5816133,0.7816941142082214,-0.28669512271881104,-2.3618412017822266
1691972547.6160395,0.7832379937171936,-0.2871602773666382,-2.366490125656128
1691972547.6481166,0.7844246029853821,-0.28743723034858704,-2.369464159011841
1691972547.6823342,0.7848647236824036,-0.2870127856731415,-2.3700921535491943
1691972547.7140205,0.7846194505691528,-0.2870404124259949,-2.369464874267578
1691972547.7511253,0.784679651260376,-0.28763318061828613,-2.370732307434082
1691972547.7823641,0.7841865420341492,-0.28765255212783813,-2.3700971603393555
1691972547.815929,0.7831482887268066,-0.28763920068740845,-2.368309259414673
1691972547.8493023,0.78193199634552,-0.2869812548160553,-2.3662517070770264
1691972547.8810365,0.7805330753326416,-0.2871447503566742,-2.3638434410095215
1691972547.914109,0.7798888683319092,-0.28641074895858765,-2.3620400428771973
1691972547.9488635,0.7790066003799438,-0.285519540309906,-2.3593201637268066
1691972547.981925,0.7777597308158875,-0.2856065630912781,-2.3572821617126465
1691972548.0145042,0.7768900990486145,-0.2852693796157837,-2.3546721935272217
1691972548.0496073,0.7771213054656982,-0.28730839490890503,-2.353858232498169
1691972548.0826485,0.7780093550682068,-0.28851187229156494,-2.354625701904297
1691972548.1207356,0.7789917588233948,-0.290096253156662,-2.3552045822143555
1691972548.1512983,0.7796032428741455,-0.29260581731796265,-2.355274200439453
1691972548.1834002,0.7800006866455078,-0.29284998774528503,-2.354602813720703
1691972548.2174942,0.7800373435020447,-0.2916068136692047,-2.354299783706665
1691972548.2495396,0.7800890207290649,-0.2899174690246582,-2.3529818058013916
1691972548.2846475,0.7799475193023682,-0.2877032160758972,-2.35028338432312
1691972548.317711,0.7792643904685974,-0.2856300473213196,-2.34675931930542
1691972548.3502429,0.778597891330719,-0.2839987576007843,-2.3450167179107666
1691972548.3850744,0.7776179313659668,-0.28344088792800903,-2.3436498641967773
1691972548.4165726,0.7777238488197327,-0.28334155678749084,-2.3433656692504883
1691972548.4516017,0.7784652709960938,-0.28371530771255493,-2.3436007499694824
1691972548.4853861,0.7796005010604858,-0.28418007493019104,-2.343980073928833
1691972548.5190048,0.7805966734886169,-0.2835788130760193,-2.3446407318115234
1691972548.5510635,0.781302273273468,-0.2826384902000427,-2.344311475753784
1691972548.5836759,0.7810160517692566,-0.2818105220794678,-2.341846466064453
1691972548.618759,0.7792733311653137,-0.28112858533859253,-2.3365554809570312
1691972548.6522985,0.7795411944389343,-0.28273582458496094,-2.3368682861328125
1691972548.685378,0.7788019180297852,-0.28333836793899536,-2.3352041244506836
1691972548.7184513,0.778795063495636,-0.2856743037700653,-2.3361892700195312
1691972548.753027,0.7778952121734619,-0.287737101316452,-2.334597110748291
1691972548.7865832,0.7749800682067871,-0.2880633771419525,-2.328143835067749
1691972548.8190777,0.7735792398452759,-0.2899385094642639,-2.3263661861419678
1691972548.8520813,0.7733891606330872,-0.29246261715888977,-2.3284382820129395
1691972548.887621,0.7740912437438965,-0.29259103536605835,-2.332534074783325
1691972548.9192011,0.7744312286376953,-0.2908177077770233,-2.33404803276062
1691972548.954006,0.7753933072090149,-0.2907097637653351,-2.337707996368408
1691972548.9996738,0.7760818600654602,-0.290772020816803,-2.3401806354522705
1691972549.0418005,0.7768961191177368,-0.29008811712265015,-2.3429927825927734
1691972549.0854175,0.7775759100914001,-0.2885569632053375,-2.3453335762023926
1691972549.12698,0.7790963649749756,-0.29022395610809326,-2.3512930870056152
1691972549.1650639,0.7793374061584473,-0.29052385687828064,-2.35239839553833
1691972549.1956155,0.7770273089408875,-0.2921905219554901,-2.353208303451538
1691972549.2253318,0.7763185501098633,-0.29436787962913513,-2.3543074131011963
1691972549.254604,0.7762662768363953,-0.2959882616996765,-2.3553426265716553
1691972549.2886167,0.7761967182159424,-0.29735442996025085,-2.3544437885284424
1691972549.3553038,0.7753498554229736,-0.29847681522369385,-2.3503806591033936
1691972549.3856075,0.7742862105369568,-0.29930463433265686,-2.3466274738311768
1691972549.4141507,0.7729021310806274,-0.29785478115081787,-2.342189073562622
1691972549.444734,0.7712866067886353,-0.29474538564682007,-2.33764386177063
1691972549.4758618,0.768949031829834,-0.2906712293624878,-2.332003593444824
1691972549.5051358,0.768402099609375,-0.28781959414482117,-2.33036732673645
1691972549.538908,0.768257737159729,-0.2850089371204376,-2.329301118850708
1691972549.5694358,0.7685210108757019,-0.2832234501838684,-2.3297033309936523
1691972549.5979958,0.7709816694259644,-0.28272032737731934,-2.3345437049865723
1691972549.6285431,0.7742761373519897,-0.28207024931907654,-2.341581344604492
1691972549.6571097,0.7775092124938965,-0.28186044096946716,-2.348459243774414
1691972549.6903505,0.7792009115219116,-0.28258007764816284,-2.35209059715271
1691972549.721976,0.7787936925888062,-0.2839401960372925,-2.355966329574585
1691972549.7558804,0.7773444056510925,-0.28653475642204285,-2.35825777053833
1691972549.7914782,0.7771924138069153,-0.2899762988090515,-2.3589389324188232
1691972549.8231359,0.7784294486045837,-0.29372021555900574,-2.3603689670562744
1691972549.8567104,0.7793282270431519,-0.2961159944534302,-2.3609416484832764
1691972549.889983,0.7793383002281189,-0.2971086800098419,-2.35923171043396
1691972549.9225223,0.777474582195282,-0.29526984691619873,-2.357515335083008
1691972549.957653,0.776100754737854,-0.2917768955230713,-2.3536481857299805
1691972549.9895897,0.7723705768585205,-0.28787875175476074,-2.3465921878814697
1691972550.0227041,0.7671957612037659,-0.2846672832965851,-2.337561845779419
1691972550.0567708,0.7625987529754639,-0.28340083360671997,-2.3303935527801514
1691972550.090624,0.7589772343635559,-0.2816788852214813,-2.324134349822998
1691972550.1251743,0.7598686218261719,-0.2821398973464966,-2.322880506515503
1691972550.1568134,0.761532723903656,-0.2832632064819336,-2.325023651123047
1691972550.1899483,0.7654293179512024,-0.285031259059906,-2.32952618598938
1691972550.224091,0.7673742771148682,-0.28649258613586426,-2.3333358764648438
1691972550.2572863,0.7679256796836853,-0.2875857353210449,-2.3385009765625
1691972550.2910275,0.7672159075737,-0.2879010736942291,-2.342034101486206
1691972550.3233137,0.7671406269073486,-0.2885700464248657,-2.3440260887145996
1691972550.3579974,0.768919825553894,-0.28944385051727295,-2.3473782539367676
1691972550.3926148,0.7701731324195862,-0.2896760106086731,-2.352614402770996
1691972550.4252086,0.7725003361701965,-0.2892001271247864,-2.3570616245269775
1691972550.459041,0.7725953459739685,-0.28878527879714966,-2.3590097427368164
1691972550.491655,0.7729020714759827,-0.2887355387210846,-2.3583617210388184
1691972550.5252206,0.7720056772232056,-0.2891407608985901,-2.3586387634277344
1691972550.5579522,0.7715073823928833,-0.2894476354122162,-2.3560781478881836
1691972550.5925944,0.7711275815963745,-0.28924882411956787,-2.3514156341552734
1691972550.6251502,0.7704410552978516,-0.28805097937583923,-2.345790386199951
1691972550.6592507,0.7690889835357666,-0.28680574893951416,-2.343418836593628
1691972550.6913688,0.7675075531005859,-0.2853887379169464,-2.3432507514953613
1691972550.7249484,0.7689145803451538,-0.28511399030685425,-2.3465230464935303
1691972550.7591114,0.771452784538269,-0.28558000922203064,-2.3502249717712402
1691972550.7921662,0.7746685147285461,-0.28665482997894287,-2.3543295860290527
1691972550.8245084,0.7757700681686401,-0.28688356280326843,-2.3570823669433594
1691972550.8610022,0.7755182981491089,-0.2897354066371918,-2.359900951385498
1691972550.8926833,0.776467502117157,-0.292900025844574,-2.360609531402588