1700070038.1331718,0.4253816604614258,-0.15454348921775818,-2.0934619903564453
1700070038.2176406,0.41946038603782654,-0.1438232809305191,-2.0737621784210205
1700070038.3199906,0.4137101173400879,-0.13880400359630585,-2.0557706356048584
1700070038.402881,0.4061473608016968,-0.1351674646139145,-2.0407707691192627
1700070038.462836,0.40247973799705505,-0.13279418647289276,-2.0354504585266113
1700070038.4898608,0.40142884850502014,-0.13049569725990295,-2.034477710723877
1700070038.52339,0.39975088834762573,-0.1285535991191864,-2.032435417175293
1700070038.5574548,0.3982589840888977,-0.12642931938171387,-2.030275821685791
1700070038.590026,0.39648836851119995,-0.12489145994186401,-2.0270538330078125
1700070038.623339,0.39511173963546753,-0.12372437119483948,-2.024043321609497
1700070038.656379,0.374627023935318,-0.07389826327562332,-1.9537129402160645
1700070038.6904273,0.3515707552433014,-0.009527094662189484,-1.9146418571472168
1700070038.7229965,0.3339396119117737,0.04549364373087883,-1.903111457824707
1700070038.7570844,0.32363632321357727,0.0833020806312561,-1.905694603919983
1700070038.7918622,0.3207690417766571,0.1052929013967514,-1.9101475477218628
1700070038.835141,0.322443425655365,0.11514662951231003,-1.913292646408081
1700070038.866685,0.32918041944503784,0.11197677254676819,-1.912013053894043
1700070038.8982227,0.33546045422554016,0.10289515554904938,-1.909641146659851
1700070038.9287794,0.3435347378253937,0.0921797901391983,-1.9061812162399292
1700070038.959828,0.3530811369419098,0.07888099551200867,-1.9020038843154907
1700070038.9939747,0.36310577392578125,0.06709914654493332,-1.898496389389038
1700070039.0271213,0.37256744503974915,0.05739228054881096,-1.8968814611434937
1700070039.0588083,0.3806854486465454,0.04964281991124153,-1.8958241939544678
1700070039.0933564,0.38767868280410767,0.043615005910396576,-1.895308256149292
1700070039.1252077,0.3932737708091736,0.038868214935064316,-1.8941570520401
1700070039.1569693,0.397786021232605,0.03530418127775192,-1.8927726745605469
1700070039.1928625,0.40104910731315613,0.032733552157878876,-1.8903062343597412
1700070039.2266538,0.4035172462463379,0.031088490039110184,-1.8872709274291992
1700070039.259468,0.40530911087989807,0.030341632664203644,-1.8835971355438232
1700070039.2940123,0.4072941541671753,0.029901057481765747,-1.8808085918426514
1700070039.3260798,0.40936097502708435,0.02986348420381546,-1.8788573741912842
1700070039.358139,0.4126269519329071,0.03030974045395851,-1.8787627220153809
1700070039.3923416,0.4153304696083069,0.030803412199020386,-1.8767653703689575
1700070039.4258945,0.4192602038383484,0.031137380748987198,-1.874466061592102
1700070039.4921134,0.4213792383670807,0.03213367983698845,-1.8739566802978516
1700070039.5262916,0.42303499579429626,0.03294578567147255,-1.8730638027191162
1700070039.5598774,0.4248216152191162,0.03412462770938873,-1.8737390041351318
1700070039.591933,0.42540422081947327,0.03479418903589249,-1.8722784519195557
1700070039.6260602,0.4274246096611023,0.034094974398612976,-1.8717401027679443
1700070039.6588902,0.4295176565647125,0.03395508602261543,-1.871856927871704
1700070039.691963,0.43129849433898926,0.03323167562484741,-1.8731515407562256
1700070039.7273273,0.4331331253051758,0.03190457448363304,-1.8750959634780884
1700070039.760875,0.43420785665512085,0.030029382556676865,-1.8767061233520508
1700070039.791936,0.38847699761390686,0.049214109778404236,-1.900642991065979
1700070039.8285012,0.3557509481906891,0.06241808459162712,-1.9315810203552246
1700070039.860125,0.3335549831390381,0.07218056172132492,-1.9597032070159912
1700070039.895154,0.32272085547447205,0.07877246290445328,-1.9706337451934814
1700070039.9287882,0.3192739188671112,0.0825652927160263,-1.9705466032028198
1700070039.9618325,0.3208741843700409,0.08525850623846054,-1.962640404701233
1700070039.9931843,0.3263864517211914,0.08763359487056732,-1.951591968536377
1700070040.0302107,0.3344423770904541,0.08935190737247467,-1.9397822618484497
1700070040.0622666,0.34370264410972595,0.0900605171918869,-1.928290843963623
1700070040.0968225,0.35305190086364746,0.0895957201719284,-1.9175879955291748
1700070040.1272776,0.3618425130844116,0.08832955360412598,-1.9085345268249512
1700070040.1618688,0.3710176944732666,0.08479737490415573,-1.8990089893341064
1700070040.1954277,0.37962213158607483,0.08166898787021637,-1.8916974067687988
1700070040.2294757,0.3862351179122925,0.07876318693161011,-1.8853074312210083
1700070040.2640445,0.39119911193847656,0.07650172710418701,-1.8797296285629272
1700070040.297633,0.39632028341293335,0.07336850464344025,-1.87418532371521
1700070040.3316832,0.3995082974433899,0.07047409564256668,-1.8697972297668457
1700070040.3652382,0.4022819399833679,0.0680483877658844,-1.865847110748291
1700070040.3973541,0.4049471914768219,0.06561905890703201,-1.8626035451889038
1700070040.4333866,0.4075492024421692,0.06354884058237076,-1.8600314855575562
1700070040.464147,0.4101770520210266,0.061167724430561066,-1.8577625751495361
1700070040.4998584,0.4128853678703308,0.05865757539868355,-1.8561030626296997
1700070040.5324142,0.4155580997467041,0.05663330480456352,-1.8546770811080933
1700070040.5645013,0.41852694749832153,0.05449727550148964,-1.8541913032531738
1700070040.600805,0.4215271472930908,0.05245242267847061,-1.8543250560760498
1700070040.6313245,0.42387932538986206,0.05095857009291649,-1.8548321723937988
1700070040.665902,0.42595040798187256,0.050281934440135956,-1.8551546335220337
1700070040.6999764,0.42789220809936523,0.049556486308574677,-1.854341983795166
1700070040.7314446,0.42949140071868896,0.04926673695445061,-1.8532483577728271
1700070040.7658598,0.43125125765800476,0.04964286834001541,-1.8521147966384888
1700070040.799872,0.433091402053833,0.04923431947827339,-1.8504410982131958
1700070040.832409,0.4350942373275757,0.04819318279623985,-1.8491227626800537
1700070040.8678544,0.43682265281677246,0.04743482545018196,-1.8482170104980469
1700070040.9009323,0.438625305891037,0.046623148024082184,-1.8475298881530762
1700070040.9314075,0.44018080830574036,0.04654033109545708,-1.8467655181884766
1700070040.9669354,0.44153347611427307,0.04678637534379959,-1.8458075523376465
1700070041.0015392,0.4426664113998413,0.046799078583717346,-1.8447948694229126
1700070041.0324903,0.4440712630748749,0.046983569860458374,-1.8443249464035034
1700070041.0690467,0.44558078050613403,0.04682489484548569,-1.8439149856567383
1700070041.100808,0.4468925893306732,0.04644698277115822,-1.8439592123031616
1700070041.133448,0.4481010437011719,0.04567337781190872,-1.8439676761627197
1700070041.166003,0.44901567697525024,0.045078687369823456,-1.8443553447723389
1700070041.20027,0.449847012758255,0.04424600303173065,-1.8449440002441406
1700070041.2418945,0.45078617334365845,0.04382000491023064,-1.8458589315414429
1700070041.272449,0.45182502269744873,0.04303202033042908,-1.846636414527893
1700070041.3049948,0.45258253812789917,0.04183568060398102,-1.8468854427337646
1700070041.3345263,0.4530772566795349,0.04082952439785004,-1.847238540649414
1700070041.3678734,0.4535364508628845,0.03975783288478851,-1.8476591110229492
1700070041.3999388,0.4543853998184204,0.03870604932308197,-1.8484266996383667
1700070041.4334707,0.45495840907096863,0.03755698725581169,-1.8488107919692993
1700070041.4695404,0.45554983615875244,0.036467891186475754,-1.8489675521850586
1700070041.5020957,0.45634371042251587,0.03543210029602051,-1.8491305112838745
1700070041.5356092,0.4573688507080078,0.03473586216568947,-1.8494025468826294
1700070041.5681677,0.4585585594177246,0.034092918038368225,-1.8499730825424194
1700070041.6032112,0.45990175008773804,0.03365021198987961,-1.851218342781067
1700070041.6367602,0.4611172080039978,0.03303597867488861,-1.8528223037719727
1700070041.6688275,0.4622046947479248,0.03238293528556824,-1.8547369241714478
1700070041.7023547,0.46311187744140625,0.03209928050637245,-1.8560147285461426
1700070041.7364235,0.46393272280693054,0.03225487098097801,-1.8565360307693481
1700070041.7699974,0.4641885757446289,0.032879166305065155,-1.8567113876342773
1700070041.8025327,0.4640963077545166,0.032942064106464386,-1.8558993339538574
1700070041.8373532,0.4642323851585388,0.0328022800385952,-1.854654312133789
1700070041.8699777,0.46441712975502014,0.03210580721497536,-1.8539046049118042
1700070041.905503,0.46467357873916626,0.03169777989387512,-1.8531748056411743
1700070041.937577,0.46498870849609375,0.031183764338493347,-1.8525075912475586
1700070041.9706335,0.46539539098739624,0.03019096702337265,-1.8523451089859009
1700070042.0051854,0.4663127660751343,0.030331239104270935,-1.8529943227767944
1700070042.0388572,0.4670884609222412,0.030964337289333344,-1.853817343711853
1700070042.0729108,0.46769610047340393,0.031597964465618134,-1.8542084693908691
1700070042.1050415,0.4678211212158203,0.03203735500574112,-1.8542265892028809
1700070042.1376987,0.4680100381374359,0.03218383342027664,-1.8542659282684326
1700070042.170964,0.46777552366256714,0.0318615585565567,-1.8537166118621826
1700070042.2050607,0.4676889181137085,0.030961908400058746,-1.853320837020874
1700070042.2389002,0.46794629096984863,0.03011223115026951,-1.8533954620361328
1700070042.2729948,0.4182835817337036,0.04734646528959274,-1.873808741569519
1700070042.309056,0.38443076610565186,0.059117648750543594,-1.891406536102295
1700070042.3391542,0.3514394164085388,0.06769171357154846,-1.928635835647583
1700070042.3752284,0.33047589659690857,0.0738864541053772,-1.9607149362564087
1700070042.405334,0.3207281827926636,0.07821857929229736,-1.9710707664489746
1700070042.439912,0.3093421161174774,0.08086856454610825,-1.993395447731018
1700070042.4739604,0.3036867082118988,0.08289186656475067,-2.0089170932769775
1700070042.5063639,0.3038350045681,0.0840948075056076,-2.0035014152526855
1700070042.5409691,0.3078310489654541,0.08479227870702744,-1.9902701377868652
1700070042.574048,0.3140970468521118,0.08551793545484543,-1.9730393886566162
1700070042.607155,0.32188811898231506,0.0856088399887085,-1.9561471939086914
1700070042.641145,0.33093637228012085,0.08570440113544464,-1.9413020610809326
1700070042.6736786,0.34021177887916565,0.08511751145124435,-1.9285610914230347
1700070042.7073777,0.3318912088871002,0.08482625335454941,-1.9415123462677002
1700070042.739954,0.32789772748947144,0.08446041494607925,-1.945603609085083
1700070042.7750592,0.32755669951438904,0.08400990068912506,-1.9449349641799927
1700070042.807768,0.3299183249473572,0.0834169015288353,-1.941619634628296
1700070042.8400571,0.3343222141265869,0.0832461267709732,-1.937267780303955
1700070042.8732765,0.33964189887046814,0.08250755071640015,-1.932268738746643
1700070042.9089053,0.345946729183197,0.0816136971116066,-1.9271152019500732
1700070042.9409382,0.3523063063621521,0.08012761920690536,-1.9226861000061035
1700070042.9738889,0.35872188210487366,0.07871507108211517,-1.9190058708190918
1700070043.009012,0.36501845717430115,0.07747922837734222,-1.915920376777649
1700070043.04103,0.37085291743278503,0.07634130120277405,-1.9134132862091064
1700070043.0765173,0.37671810388565063,0.07606957852840424,-1.911300539970398
1700070043.1080666,0.38146650791168213,0.07545766979455948,-1.9090092182159424
1700070043.1426759,0.3851388394832611,0.07420453429222107,-1.9062007665634155
1700070043.1768496,0.3880615234375,0.07251812517642975,-1.9037692546844482
1700070050.2461994,-0.12375932931900024,0.46907055377960205,-2.0614078044891357
1700070050.2752845,-0.12829777598381042,0.46869462728500366,-2.06290340423584
1700070050.305015,-0.12856781482696533,0.4693423807621002,-2.0649302005767822
1700070050.3320599,-0.12731364369392395,0.4710089862346649,-2.060620069503784
1700070050.3648212,-0.12391681969165802,0.47310835123062134,-2.058863639831543
1700070050.3979526,-0.12137217819690704,0.4752108156681061,-2.0575902462005615
1700070050.4319131,-0.1207299754023552,0.47604185342788696,-2.060431718826294
1700070050.4648213,-0.12097546458244324,0.4761229455471039,-2.063770055770874
1700070050.4979255,-0.12111952155828476,0.47540512681007385,-2.064833164215088
1700070050.533889,-0.11939603090286255,0.47352614998817444,-2.064234495162964
1700070050.564923,-0.11773054301738739,0.47109633684158325,-2.062669515609741
1700070050.5963614,-0.11614573001861572,0.46912169456481934,-2.0609333515167236
1700070050.631588,-0.11463029682636261,0.4675193130970001,-2.0593833923339844
1700070050.6657326,-0.113315150141716,0.46646878123283386,-2.057877540588379
1700070050.6973093,-0.11219192296266556,0.46546298265457153,-2.0570755004882812
1700070050.7319782,-0.11157797276973724,0.4649766981601715,-2.056605100631714
1700070050.7647517,-0.11053470522165298,0.46483489871025085,-2.0567634105682373
1700070050.7973278,-0.10978245735168457,0.4650571644306183,-2.055294990539551
1700070050.8319192,-0.10861314833164215,0.46641963720321655,-2.056223154067993
1700070050.8659515,-0.1076265275478363,0.4675104320049286,-2.0576488971710205
1700070050.8992994,-0.10686560720205307,0.4691033959388733,-2.059847831726074
1700070050.9319477,-0.10596390068531036,0.46891599893569946,-2.060411214828491
1700070050.9660237,-0.10507752001285553,0.4692446291446686,-2.0601179599761963
1700070050.9988508,-0.10406266897916794,0.4687802791595459,-2.0592849254608154
1700070051.031958,-0.10345778614282608,0.4685194492340088,-2.0585501194000244
1700070051.0660355,-0.10309375822544098,0.4679408669471741,-2.0577280521392822
1700070051.1026692,-0.1022854819893837,0.46780264377593994,-2.0573322772979736
1700070051.1351955,-0.10219227522611618,0.467498242855072,-2.0565731525421143
1700070051.1672661,-0.1025741696357727,0.4671908915042877,-2.0562760829925537
1700070051.1988258,-0.1020023301243782,0.4677075743675232,-2.056621789932251
1700070051.2339873,-0.10173781216144562,0.46786797046661377,-2.0568997859954834
1700070051.273134,-0.10168154537677765,0.4682859480381012,-2.0579864978790283
1700070051.2990355,-0.10130097717046738,0.46825453639030457,-2.0578060150146484
1700070051.3345788,-0.10195240378379822,0.4675547480583191,-2.0577585697174072
1700070051.3698366,-0.10281772911548615,0.4673900306224823,-2.0585103034973145
1700070051.4018698,-0.10391171276569366,0.46741369366645813,-2.060055732727051
1700070051.4344065,-0.10499049723148346,0.46716374158859253,-2.0619957447052
1700070051.4690104,-0.10636094212532043,0.4670979380607605,-2.0637319087982178
1700070051.502164,-0.10689985007047653,0.46646809577941895,-2.064263343811035
1700070051.535341,-0.1069701537489891,0.4652959704399109,-2.0633788108825684
1700070051.5679502,-0.10630840808153152,0.463970810174942,-2.06135892868042
1700070051.6025164,-0.10531895607709885,0.46269547939300537,-2.0587921142578125
1700070051.6350846,-0.10400323569774628,0.46091973781585693,-2.0567378997802734
1700070051.6709914,-0.10283921658992767,0.4596850574016571,-2.0551095008850098
1700070051.7023954,-0.10236562788486481,0.45961689949035645,-2.0540835857391357
1700070051.7359517,-0.10154231637716293,0.459693968296051,-2.0531537532806396
1700070051.7698543,-0.10145443677902222,0.46085411310195923,-2.0546512603759766
1700070051.8033717,-0.10188250988721848,0.4620809853076935,-2.0567092895507812
1700070051.834815,-0.10199043154716492,0.46279850602149963,-2.0581843852996826
1700070051.8711004,-0.1024828776717186,0.4624735713005066,-2.0594582557678223
1700070051.906222,-0.10334236174821854,0.4628712236881256,-2.0614190101623535
1700070051.9407694,-0.10457268357276917,0.4635366201400757,-2.0633797645568848
1700070051.9738948,-0.10672993957996368,0.4645361304283142,-2.0682215690612793
1700070052.005021,-0.10879097133874893,0.4668022096157074,-2.072148323059082
1700070052.0373197,-0.11086644232273102,0.46851903200149536,-2.074345111846924
1700070052.0700054,-0.1130330041050911,0.46938249468803406,-2.074669361114502
1700070052.1032827,-0.11490030586719513,0.4687870144844055,-2.0733401775360107
1700070052.137804,-0.11580982059240341,0.46945714950561523,-2.0731937885284424
1700070052.169882,-0.11529787629842758,0.46841803193092346,-2.0707106590270996
1700070052.2040243,-0.11474013328552246,0.46719837188720703,-2.067314863204956
1700070052.2374997,-0.114254429936409,0.46557584404945374,-2.063333034515381
1700070052.2730458,-0.11307922750711441,0.46430352330207825,-2.0589537620544434
1700070052.3056073,-0.1119789406657219,0.4624284505844116,-2.0555665493011475
1700070052.3412232,-0.1107545793056488,0.4618918001651764,-2.0533695220947266
1700070052.3712866,-0.10976622998714447,0.4607875347137451,-2.0538737773895264
1700070052.4038627,-0.10919134318828583,0.4598712921142578,-2.0537261962890625
1700070052.4362326,-0.10955257713794708,0.4594402611255646,-2.053856134414673
1700070052.4813952,-0.1093066856265068,0.4587857127189636,-2.0533714294433594
1700070052.512934,-0.10913266241550446,0.45806142687797546,-2.052945137023926
1700070052.545039,-0.10869388282299042,0.45761823654174805,-2.0523064136505127
1700070052.5765789,-0.10816691815853119,0.4566502869129181,-2.0507490634918213
1700070052.6071308,-0.10808870196342468,0.4566231369972229,-2.0496811866760254
1700070052.6397085,-0.10826843976974487,0.4562343657016754,-2.048999071121216
1700070052.672271,-0.1084306612610817,0.45620712637901306,-2.049116611480713
1700070052.7078233,-0.10817613452672958,0.4566704034805298,-2.049895763397217
1700070052.7393134,-0.10803645104169846,0.4573439359664917,-2.050647735595703
1700070052.7713535,-0.10789415240287781,0.458333820104599,-2.0516905784606934
1700070052.8059037,-0.10784374922513962,0.4594387710094452,-2.0529837608337402
1700070052.8398736,-0.10818316787481308,0.46018660068511963,-2.054109811782837
1700070052.8740683,-0.10842086374759674,0.46113321185112,-2.054835796356201
1700070052.907154,-0.10821673274040222,0.4617602229118347,-2.055196762084961
1700070052.9412174,-0.10826617479324341,0.4619361460208893,-2.055608034133911
1700070052.9742937,-0.10862669348716736,0.4621812403202057,-2.0566413402557373
1700070053.0068223,-0.10951069742441177,0.46275269985198975,-2.056863307952881
1700070053.0409243,-0.10942156612873077,0.46184325218200684,-2.0554416179656982
1700070053.0734751,-0.10907039791345596,0.461105614900589,-2.0547330379486084
1700070053.107022,-0.1077878400683403,0.46091464161872864,-2.0541043281555176
1700070053.1391714,-0.10620786994695663,0.4605391025543213,-2.053375720977783
1700070053.174257,-0.10469289869070053,0.4603980481624603,-2.0524933338165283
1700070053.206808,-0.10368779301643372,0.46063897013664246,-2.0515737533569336
1700070053.2408557,-0.10367593169212341,0.46005722880363464,-2.0501186847686768
1700070053.275384,-0.10384006053209305,0.4603259563446045,-2.049334764480591
1700070053.3098652,-0.10353414714336395,0.46015384793281555,-2.048502206802368
1700070053.3403835,-0.1029340997338295,0.4604939818382263,-2.0480637550354004
1700070053.3749237,-0.10216366499662399,0.46072718501091003,-2.0480399131774902
1700070053.4096737,-0.10200319439172745,0.4610555171966553,-2.047787666320801
1700070053.442233,-0.1019858792424202,0.4610648453235626,-2.047992706298828
1700070053.4742765,-0.10195963084697723,0.46094653010368347,-2.048184633255005
1700070053.5077887,-0.10241550952196121,0.46139705181121826,-2.0486645698547363
1700070053.542332,-0.10287611186504364,0.46188610792160034,-2.0496315956115723
1700070053.5738828,-0.1029583066701889,0.46208152174949646,-2.050446033477783
1700070053.6099887,-0.10262906551361084,0.4615795314311981,-2.050690174102783
1700070053.6425407,-0.10265089571475983,0.4609055519104004,-2.051004648208618
1700070053.6761277,-0.10325267910957336,0.46045634150505066,-2.0516674518585205
1700070053.7098677,-0.10355964303016663,0.4601791203022003,-2.0521559715270996
1700070053.7455227,-0.10472305119037628,0.46049246191978455,-2.0525386333465576
1700070053.7778673,-0.10574787110090256,0.46040672063827515,-2.0528554916381836
1700070053.8131266,-0.10657297074794769,0.46052950620651245,-2.053151845932007
1700070053.8442488,-0.10714779794216156,0.46062320470809937,-2.0534932613372803
1700070053.877583,-0.10704108327627182,0.46069204807281494,-2.0534675121307373
1700070053.9126472,-0.10707447677850723,0.46056848764419556,-2.052699327468872
1700070053.944844,-0.10665009915828705,0.46089696884155273,-2.052126407623291
1700070053.9789324,-0.10595108568668365,0.46114078164100647,-2.052234172821045
1700070054.012206,-0.1064707487821579,0.46128374338150024,-2.053147554397583
1700070054.0467308,-0.1071556881070137,0.46089428663253784,-2.0538716316223145
1700070054.0782518,-0.10755237936973572,0.46127820014953613,-2.054748296737671
1700070054.1128821,-0.10709718614816666,0.46160888671875,-2.055037260055542
1700070054.1489491,-0.10727255791425705,0.46200862526893616,-2.055452585220337
1700070054.1804001,-0.10727382451295853,0.4621363580226898,-2.055295944213867
1700070054.213894,-0.10739126056432724,0.46185269951820374,-2.0553174018859863
1700070054.2466006,-0.10788621753454208,0.46176669001579285,-2.055095911026001
1700070054.281152,-0.10783939063549042,0.4609520733356476,-2.0542049407958984
1700070054.3146887,-0.10778770595788956,0.46041640639305115,-2.053694009780884
1700070054.3468227,-0.1077173724770546,0.45981812477111816,-2.053260087966919
1700070054.3815153,-0.10733063519001007,0.458863765001297,-2.0528159141540527
1700070054.41309,-0.10703291743993759,0.4587116241455078,-2.0530569553375244
1700070054.4477093,-0.10685534030199051,0.4585861563682556,-2.0541646480560303
1700070054.4801922,-0.10743387788534164,0.4593924283981323,-2.055490493774414
1700070054.514294,-0.10821649432182312,0.46032750606536865,-2.0571095943450928
1700070054.547735,-0.1083432212471962,0.46107420325279236,-2.057454824447632
1700070054.5837767,-0.10786186158657074,0.4619549810886383,-2.0572848320007324
1700070054.6138842,-0.10733450949192047,0.46185341477394104,-2.0566232204437256
1700070054.6494699,-0.1066168025135994,0.46050435304641724,-2.055037498474121
1700070054.6820223,-0.10614126920700073,0.4596266746520996,-2.0539820194244385
1700070054.7141142,-0.10623578727245331,0.4598335921764374,-2.0542306900024414
1700070054.749181,-0.10617126524448395,0.459448903799057,-2.0548479557037354
1700070054.7832816,-0.10655935108661652,0.45938125252723694,-2.055448532104492
1700070054.8144014,-0.10720175504684448,0.45947977900505066,-2.0561201572418213
1700070054.849547,-0.10795819759368896,0.4594646394252777,-2.0567708015441895
1700070054.8840678,-0.10851670056581497,0.45970332622528076,-2.0571999549865723
1700070054.915158,-0.10896435379981995,0.4597116708755493,-2.057422161102295
1700070054.948357,-0.10893583297729492,0.4587753415107727,-2.0570034980773926
1700070054.9830601,-0.10937430709600449,0.458880215883255,-2.057448387145996
1700070055.0153482,-0.10971035808324814,0.4595828056335449,-2.058040142059326
1700070055.0509558,-0.11014319956302643,0.46041274070739746,-2.0580193996429443
1700070055.0824947,-0.11092979460954666,0.46141406893730164,-2.061992883682251
1700070055.1160707,-0.11116600036621094,0.46214208006858826,-2.0646138191223145
1700070055.1531043,-0.11095841228961945,0.46220070123672485,-2.065155506134033
1700070055.1846826,-0.1107679009437561,0.461652010679245,-2.0642800331115723
1700070055.2162638,-0.11034127324819565,0.46080315113067627,-2.0626354217529297
1700070055.2513566,-0.11040246486663818,0.4601184129714966,-2.0606744289398193
1700070055.2830157,-0.10982636362314224,0.4602489173412323,-2.0580811500549316
1700070055.319434,-0.10894256830215454,0.46035292744636536,-2.0558037757873535
1700070070.1979308,-0.2884727716445923,0.05174582451581955,-2.054399251937866
1700070070.2683423,-0.28930988907814026,0.035428956151008606,-2.0695698261260986
1700070070.3308883,-0.2896411716938019,0.039529718458652496,-2.0285863876342773
1700070070.3915281,-0.2964075207710266,0.03982120007276535,-2.0229108333587646
1700070070.446645,-0.2994984984397888,0.03740962967276573,-2.016162157058716
1700070070.4929786,-0.3001250922679901,0.03644505515694618,-2.02109694480896
1700070070.537153,-0.30272790789604187,0.03606639429926872,-2.021580219268799
1700070070.580223,-0.31187400221824646,0.03805919364094734,-2.0226566791534424
1700070070.6238754,-0.31788429617881775,0.040612563490867615,-2.0233097076416016
1700070070.6683517,-0.32217031717300415,0.04271358996629715,-2.0236072540283203
1700070070.7089236,-0.32668638229370117,0.04289093613624573,-2.0240514278411865
1700070070.7520146,-0.3281717002391815,0.04359588027000427,-2.0245392322540283
1700070070.793186,-0.32896628975868225,0.04316568747162819,-2.0255815982818604
1700070070.8368144,-0.3287380337715149,0.04264969006180763,-2.026207208633423
1700070070.8820846,-0.32673242688179016,0.039491917937994,-2.026583194732666
1700070070.9241624,-0.3250581622123718,0.037948817014694214,-2.026615619659424
1700070070.9673417,-0.3246024250984192,0.03711479902267456,-2.027257204055786
1700070071.010408,-0.3233027160167694,0.036618672311306,-2.027273416519165
1700070071.0534582,-0.3215307891368866,0.036981139332056046,-2.027294874191284
1700070071.0940993,-0.3193214237689972,0.03791307657957077,-2.02675461769104
1700070071.139204,-0.3189908564090729,0.03865281492471695,-2.0279524326324463
1700070071.181258,-0.31778475642204285,0.040105629712343216,-2.0290515422821045
1700070071.222075,-0.3177168071269989,0.03956644982099533,-2.0308265686035156
1700070071.2637243,-0.31819334626197815,0.039270348846912384,-2.032613754272461
1700070071.3043702,-0.3174169361591339,0.03755619376897812,-2.0344953536987305
1700070071.3450735,-0.31639692187309265,0.03377702459692955,-2.036092758178711
1700070071.3883443,-0.31704169511795044,0.034684792160987854,-2.0357565879821777
1700070071.429964,-0.31785643100738525,0.036040596663951874,-2.035503387451172
1700070071.4737754,-0.31886470317840576,0.03844402730464935,-2.0346879959106445
1700070071.5154524,-0.3207455277442932,0.04311287775635719,-2.0327024459838867
1700070071.5590549,-0.3203870952129364,0.04185709357261658,-2.030211925506592
1700070071.6051054,-0.32098153233528137,0.040767375379800797,-2.0298328399658203
1700070071.6542952,-0.3221837878227234,0.0407557487487793,-2.0319461822509766
1700070071.6943634,-0.322420209646225,0.04227117821574211,-2.032059669494629
1700070071.7407575,-0.3224495053291321,0.04411546513438225,-2.0309700965881348
1700070071.780353,-0.3225485682487488,0.0458616279065609,-2.030374050140381
1700070071.823023,-0.3211630880832672,0.04561186581850052,-2.028688430786133
1700070071.853482,-0.3193160891532898,0.04445474222302437,-2.026846170425415
1700070071.8834026,-0.31835705041885376,0.04331308975815773,-2.025330066680908
1700070071.9124064,-0.31845420598983765,0.042173709720373154,-2.0242984294891357
1700070071.9425392,-0.31854113936424255,0.04222755506634712,-2.023418426513672
1700070071.9795685,-0.3193696439266205,0.04215553402900696,-2.023245334625244
1700070072.013128,-0.3209037184715271,0.04328247159719467,-2.0236690044403076
1700070072.0436509,-0.3214704692363739,0.042890679091215134,-2.0236265659332275
1700070072.075174,-0.32099881768226624,0.04029819369316101,-2.023582696914673
1700070072.1077354,-0.3207768201828003,0.037455953657627106,-2.0241971015930176
1700070072.1453967,-0.3203815519809723,0.03503712639212608,-2.0251917839050293
1700070072.1750016,-0.32022932171821594,0.033186957240104675,-2.026209592819214
1700070072.2090232,-0.32020437717437744,0.032538384199142456,-2.0274083614349365
1700070072.2424483,-0.32053980231285095,0.03351728245615959,-2.0288965702056885
1700070072.2753391,-0.3202044367790222,0.03478104621171951,-2.0302798748016357
1700070072.3098538,-0.31973665952682495,0.03692052513360977,-2.0312652587890625
1700070072.3433764,-0.3186013698577881,0.03783159703016281,-2.0310356616973877
1700070072.3775063,-0.31820768117904663,0.03855965659022331,-2.0305287837982178
1700070072.411169,-0.31807443499565125,0.03907329589128494,-2.0298357009887695
1700070072.4426992,-0.3182255029678345,0.039542119950056076,-2.0298616886138916
1700070072.476236,-0.31905806064605713,0.04011686146259308,-2.0296595096588135
1700070072.5098536,-0.3203849494457245,0.04008195921778679,-2.0297932624816895
1700070072.544416,-0.32216331362724304,0.040378637611866,-2.0302960872650146
1700070072.5774615,-0.32331761717796326,0.04129590094089508,-2.0300652980804443
1700070072.6105146,-0.32521724700927734,0.04210728779435158,-2.0302727222442627
1700070072.6442409,-0.3260869085788727,0.04217427223920822,-2.0302681922912598
1700070072.6777856,-0.32683658599853516,0.042794421315193176,-2.0301337242126465
1700070072.7119522,-0.32723337411880493,0.04249373450875282,-2.031339645385742
1700070072.745509,-0.32655707001686096,0.04087403416633606,-2.0319125652313232
1700070072.7781353,-0.3250417709350586,0.040595561265945435,-2.0319528579711914
1700070072.8124297,-0.32432523369789124,0.040450215339660645,-2.031912326812744
1700070072.8449492,-0.32434937357902527,0.04108784347772598,-2.031592845916748
1700070072.8790436,-0.3240734338760376,0.04104183614253998,-2.0307109355926514
1700070072.910367,-0.3235706090927124,0.0411645844578743,-2.029322862625122
1700070072.945623,-0.32346877455711365,0.04047652706503868,-2.0288610458374023
1700070072.9783444,-0.32351192831993103,0.039821889251470566,-2.02900767326355
1700070073.0119498,-0.32271942496299744,0.03720115125179291,-2.029160976409912
1700070073.0469816,-0.32320085167884827,0.03670459985733032,-2.029499053955078
1700070073.079044,-0.32278329133987427,0.036750875413417816,-2.0292139053344727
1700070073.1130714,-0.32274866104125977,0.03725177049636841,-2.0292599201202393
1700070073.146134,-0.3220275938510895,0.03707970306277275,-2.029136896133423
1700070073.1780193,-0.3216334879398346,0.037215810269117355,-2.02862548828125
1700070073.212699,-0.3214069604873657,0.03678126633167267,-2.0279271602630615
1700070073.2462626,-0.32063937187194824,0.03652089461684227,-2.026843309402466
1700070073.2800972,-0.32095569372177124,0.03525998443365097,-2.0272440910339355
1700070073.312746,-0.3197760283946991,0.032618530094623566,-2.0280792713165283
1700070073.346134,-0.3192402720451355,0.030576055869460106,-2.0290675163269043
1700070073.3814507,-0.3187260627746582,0.03026742674410343,-2.0290348529815674
1700070073.412402,-0.3178229033946991,0.03124665655195713,-2.0287725925445557
1700070073.4494388,-0.3177430033683777,0.0328911654651165,-2.029719352722168
1700070073.4824455,-0.3172682225704193,0.03479480743408203,-2.0307302474975586
1700070073.5148852,-0.31765756011009216,0.03672207146883011,-2.0315968990325928
1700070073.5489478,-0.3185123801231384,0.03751799836754799,-2.0320169925689697
1700070073.5810497,-0.3190344572067261,0.03676944971084595,-2.032482147216797
1700070073.660316,-0.3185870945453644,0.03551384434103966,-2.031865119934082
1700070073.70512,-0.317716121673584,0.03463808074593544,-2.0308938026428223
1700070073.7465398,-0.31714725494384766,0.03443209081888199,-2.0300536155700684
1700070073.7884023,-0.3174176812171936,0.035197507590055466,-2.0300467014312744
1700070073.8300178,-0.31842896342277527,0.03474855422973633,-2.0313711166381836
1700070073.8600872,-0.3195369839668274,0.03460799902677536,-2.0325615406036377
1700070073.891409,-0.3212587833404541,0.034616243094205856,-2.0340752601623535
1700070073.923175,-0.32195353507995605,0.0333872064948082,-2.0349929332733154
1700070073.9532187,-0.32238641381263733,0.032465193420648575,-2.035789966583252
1700070073.9821272,-0.32257431745529175,0.032732486724853516,-2.0365967750549316
1700070074.0156918,-0.3216577172279358,0.032890334725379944,-2.037658452987671
1700070074.0497985,-0.3197139501571655,0.032391659915447235,-2.0375561714172363
1700070074.0850751,-0.3176446557044983,0.030878135934472084,-2.0372653007507324
1700070074.1159604,-0.3165592551231384,0.029208527877926826,-2.037348747253418
1700070074.148162,-0.31520727276802063,0.029116103425621986,-2.0367789268493652
1700070074.1833653,-0.3137492537498474,0.030412079766392708,-2.036487340927124
1700070074.2179043,-0.3130050301551819,0.03204752132296562,-2.0363118648529053
1700070074.2489362,-0.3123721182346344,0.03273620083928108,-2.0360937118530273
1700070074.2833374,-0.31223225593566895,0.03332212567329407,-2.035496711730957
1700070074.316963,-0.31313613057136536,0.033321306109428406,-2.0358879566192627
1700070074.3517997,-0.3126489222049713,0.0326191671192646,-2.0359559059143066
1700070074.3839796,-0.31219568848609924,0.03329393267631531,-2.0358757972717285
1700070074.416548,-0.31255006790161133,0.035123229026794434,-2.0354671478271484
1700070074.4512415,-0.3126429319381714,0.0361098013818264,-2.033794403076172
1700070074.4848807,-0.31280210614204407,0.0358424037694931,-2.032863140106201
1700070074.5199027,-0.31242668628692627,0.03615516796708107,-2.0326359272003174
1700070074.5513186,-0.3124149739742279,0.03640764579176903,-2.0329720973968506
1700070074.5831265,-0.31277069449424744,0.03680124133825302,-2.033505916595459
1700070074.6173828,-0.3127269744873047,0.03549129515886307,-2.0348970890045166
1700070074.6499712,-0.31267327070236206,0.035450201481580734,-2.036571979522705
1700070074.6845896,-0.31225866079330444,0.03483430668711662,-2.037036180496216
1700070074.7214248,-0.3118270933628082,0.034066859632730484,-2.038209915161133
1700070074.7531257,-0.31255584955215454,0.03419390320777893,-2.038688898086548
1700070074.7846782,-0.31263965368270874,0.0341314822435379,-2.0382003784179688
1700070074.8192573,-0.31322261691093445,0.033252645283937454,-2.037548542022705
1700070074.852634,-0.3138464093208313,0.033063311129808426,-2.036161184310913
1700070074.8871806,-0.3141818046569824,0.031892456114292145,-2.0350496768951416
1700070074.9194102,-0.3146180808544159,0.030825672671198845,-2.0346059799194336
1700070074.952243,-0.3142298758029938,0.029635950922966003,-2.0336103439331055
1700070074.9860234,-0.3141520023345947,0.028996044769883156,-2.0330593585968018
1700070075.0183413,-0.3142392635345459,0.029858628287911415,-2.0324535369873047
1700070075.0529516,-0.3134947419166565,0.031152309849858284,-2.0315966606140137
1700070075.0863497,-0.31215840578079224,0.031286243349313736,-2.0310933589935303
1700070075.120435,-0.310939222574234,0.03104972280561924,-2.030573606491089
1700070075.1540647,-0.3101373314857483,0.03173960745334625,-2.030029296875
1700070075.1876125,-0.3101349472999573,0.0332830473780632,-2.0300772190093994
1700070075.2206662,-0.30986934900283813,0.03510628640651703,-2.0297152996063232
1700070075.254299,-0.3094097375869751,0.03670012205839157,-2.028892993927002
1700070075.2873964,-0.30973803997039795,0.037775926291942596,-2.0285847187042236
1700070075.323538,-0.3099125623703003,0.037731416523456573,-2.0283901691436768
1700070075.355339,-0.31000491976737976,0.0367395356297493,-2.028029680252075
1700070079.9573483,0.0017412025481462479,-0.2650434672832489,-2.1741199493408203
1700070080.030404,0.0008597876876592636,-0.2689610719680786,-2.1662745475769043
1700070080.096973,0.008047625422477722,-0.23326314985752106,-2.124229669570923
1700070080.162866,0.01162186823785305,-0.20532235503196716,-2.0968830585479736
1700070080.2299576,0.015679892152547836,-0.1908511370420456,-2.0801966190338135
1700070080.2925403,0.017991675063967705,-0.18698765337467194,-2.0718703269958496
1700070080.3614032,0.011241648346185684,-0.19032812118530273,-2.070549249649048
1700070080.4244869,0.010480716824531555,-0.1933419555425644,-2.071782350540161
1700070080.4661202,0.008647795766592026,-0.19455796480178833,-2.073235034942627
1700070080.5082002,0.007992163300514221,-0.196852907538414,-2.072242259979248
1700070080.5521278,0.005716823041439056,-0.19781142473220825,-2.0751872062683105
1700070080.5924122,0.015205837786197662,-0.1984163373708725,-2.069223165512085
1700070080.6348448,0.021076293662190437,-0.20301426947116852,-2.071835994720459
1700070080.6770108,0.0226178877055645,-0.21047845482826233,-2.084268093109131
1700070080.7209759,0.01918528974056244,-0.21385042369365692,-2.0935091972351074
1700070080.7613325,0.017696045339107513,-0.21584124863147736,-2.0980780124664307
1700070080.805425,0.018008435145020485,-0.21737107634544373,-2.100165367126465
1700070080.8480604,0.01835518516600132,-0.2191443294286728,-2.1043190956115723
1700070080.8891628,0.018992524594068527,-0.21975022554397583,-2.1041371822357178
1700070080.9312212,0.01836933195590973,-0.2208283543586731,-2.103189468383789
1700070080.9723868,0.019091861322522163,-0.22189323604106903,-2.1026506423950195
1700070081.0154378,0.023168176412582397,-0.22208887338638306,-2.1015493869781494
1700070081.0545561,0.020867392420768738,-0.22095556557178497,-2.1006085872650146
1700070081.0984106,0.019051995128393173,-0.21867582201957703,-2.0981266498565674
1700070081.138339,0.01648571342229843,-0.2145906239748001,-2.0937793254852295
1700070081.180089,0.009199466556310654,-0.2145044207572937,-2.0936195850372314
1700070081.2228205,0.005444219335913658,-0.21618452668190002,-2.0958189964294434
1700070081.2634408,0.00289984792470932,-0.21916374564170837,-2.097614049911499
1700070081.305516,0.00014206208288669586,-0.22294284403324127,-2.099527597427368
1700070081.3466353,-0.001280827447772026,-0.22543685138225555,-2.100609302520752
1700070081.387911,-0.00012256577610969543,-0.22486612200737,-2.0995984077453613
1700070081.4304743,0.001569639891386032,-0.22362130880355835,-2.0972206592559814
1700070081.4728398,-0.00015493296086788177,-0.22109654545783997,-2.095217227935791
1700070081.5144243,0.00029177218675613403,-0.22004041075706482,-2.096543788909912
1700070081.556103,0.0020323190838098526,-0.2201276421546936,-2.0972774028778076
1700070081.5961719,0.004834095016121864,-0.21956856548786163,-2.094573736190796
1700070081.639253,0.005909491330385208,-0.22075630724430084,-2.097189426422119
1700070081.6815295,0.008807044476270676,-0.2233557403087616,-2.1006064414978027
1700070081.722211,0.008606074377894402,-0.2272224724292755,-2.1088223457336426
1700070081.7624216,0.009467266499996185,-0.22802133858203888,-2.1111984252929688
1700070081.8053448,0.01096278615295887,-0.22667500376701355,-2.10788631439209
1700070081.8470309,0.011502465233206749,-0.22323843836784363,-2.101088523864746
1700070081.888191,0.009798431769013405,-0.221333846449852,-2.096301794052124
1700070081.9269238,0.007339278236031532,-0.2197185456752777,-2.093127965927124
1700070081.967525,0.00554451160132885,-0.21923696994781494,-2.090235471725464
1700070082.009092,0.004625186324119568,-0.21845686435699463,-2.0882012844085693
1700070082.0511754,0.00225096195936203,-0.21694616973400116,-2.095881223678589
1700070082.0907414,0.002193281427025795,-0.21717657148838043,-2.101289749145508
1700070082.1323192,7.115304470062256e-06,-0.21927878260612488,-2.110585927963257
1700070082.1742406,0.0008761491626501083,-0.22248350083827972,-2.115349054336548
1700070082.216022,0.0016458723694086075,-0.22502268850803375,-2.1243457794189453
1700070082.258964,0.0027543604373931885,-0.22556768357753754,-2.1242611408233643
1700070082.3018563,0.002917220816016197,-0.22633346915245056,-2.1259853839874268
1700070082.3405323,0.004856279119849205,-0.2262243628501892,-2.1219537258148193
1700070082.3830957,0.006287535652518272,-0.22586308419704437,-2.1112864017486572
1700070082.4241233,0.007658509537577629,-0.22301848232746124,-2.1007089614868164
1700070082.4523566,0.006821023300290108,-0.22039993107318878,-2.0924296379089355
1700070082.4822907,0.006127389147877693,-0.21926435828208923,-2.086153984069824
1700070082.5128438,0.005625426769256592,-0.2188766598701477,-2.0822951793670654
1700070082.5454013,0.005570363253355026,-0.2191942185163498,-2.080801248550415
1700070082.5791335,0.00611424446105957,-0.2196650505065918,-2.0805153846740723
1700070082.6129184,0.0038452763110399246,-0.2216026335954666,-2.0858066082000732
1700070082.6453488,0.0035345274955034256,-0.22066859900951385,-2.087353467941284
1700070082.6800942,0.005779540166258812,-0.219303160905838,-2.0881097316741943
1700070082.7129066,0.005437271669507027,-0.21765515208244324,-2.0881927013397217
1700070082.744021,0.003776630386710167,-0.21557605266571045,-2.087110757827759
1700070082.779423,0.0030650366097688675,-0.21335390210151672,-2.0862863063812256
1700070082.8128948,0.0034461747854948044,-0.21249105036258698,-2.085991382598877
1700070082.846237,0.004104867577552795,-0.21218900382518768,-2.0851902961730957
1700070082.8803046,0.0029566381126642227,-0.21491067111492157,-2.0907580852508545
1700070082.9133544,0.0027237869799137115,-0.21936167776584625,-2.095094919204712
1700070082.9459226,0.002451471984386444,-0.2227720320224762,-2.0974836349487305
1700070082.9805405,0.0024387892335653305,-0.22389844059944153,-2.0975465774536133
1700070083.0141253,0.0023953579366207123,-0.2254914790391922,-2.0954153537750244
1700070083.0463364,0.0013508405536413193,-0.22548934817314148,-2.092977523803711
1700070083.0810423,0.0009640343487262726,-0.22454442083835602,-2.090895175933838
1700070083.113212,0.0010990016162395477,-0.2237129956483841,-2.0884768962860107
1700070083.1483352,0.0014713238924741745,-0.22200839221477509,-2.086677312850952
1700070083.1804771,0.00035918503999710083,-0.22266142070293427,-2.0914313793182373
1700070083.2140582,-0.0031013116240501404,-0.221897691488266,-2.096106767654419
1700070083.2473075,-0.004078967496752739,-0.22069793939590454,-2.0984761714935303
1700070083.2850451,-0.00304531492292881,-0.2184264361858368,-2.098682403564453
1700070083.3141403,-0.0025234315544366837,-0.21604394912719727,-2.097487688064575
1700070083.3467004,-0.00046067871153354645,-0.213695228099823,-2.094583034515381
1700070083.3821027,0.001653820276260376,-0.21175120770931244,-2.091843366622925
1700070083.4141834,0.0035811811685562134,-0.210152268409729,-2.0897891521453857
1700070083.4482565,0.006002634763717651,-0.2090253382921219,-2.088496685028076
1700070083.4823666,0.005455641075968742,-0.20855489373207092,-2.0890042781829834
1700070083.5144527,0.002667585387825966,-0.20845693349838257,-2.089827299118042
1700070083.5484195,-0.0003620721399784088,-0.2078569382429123,-2.0900697708129883
1700070083.5820367,-0.001221984624862671,-0.2080768495798111,-2.089099168777466
1700070083.618395,0.00040920451283454895,-0.2086869776248932,-2.087369441986084
1700070083.6494799,0.002502724528312683,-0.20897088944911957,-2.0852906703948975
1700070083.6820514,0.00446133129298687,-0.20923298597335815,-2.0835695266723633
1700070083.7141836,0.005637027323246002,-0.2099595069885254,-2.0827507972717285
1700070083.747745,0.006229005753993988,-0.21159756183624268,-2.082343578338623
1700070083.7826753,0.008363109081983566,-0.21560895442962646,-2.0814027786254883
1700070083.8150115,0.009850747883319855,-0.2190459668636322,-2.0804696083068848
1700070083.8483276,0.010122338309884071,-0.22106678783893585,-2.079796314239502
1700070083.8831525,0.009287968277931213,-0.2215421199798584,-2.0798227787017822
1700070083.9154296,0.010359220206737518,-0.22188931703567505,-2.079380989074707
1700070083.947986,0.010819105431437492,-0.22282962501049042,-2.0843875408172607
1700070083.9821362,0.01136770285665989,-0.22219917178153992,-2.08884334564209
1700070084.0166943,0.01017518900334835,-0.2210828959941864,-2.092183828353882
1700070084.0503027,0.010240476578474045,-0.21985311806201935,-2.0928401947021484
1700070084.0851405,0.010118449106812477,-0.22027070820331573,-2.0929501056671143
1700070084.116685,0.00985165685415268,-0.221088707447052,-2.0913596153259277
1700070084.1507735,0.009678134694695473,-0.22208352386951447,-2.0892245769500732
1700070084.1830952,0.00934848003089428,-0.22321371734142303,-2.0860893726348877
1700070084.2164981,0.009732982143759727,-0.2224709540605545,-2.081740617752075
1700070084.250457,0.009879393503069878,-0.221576988697052,-2.0791561603546143
1700070084.2840672,0.00984690710902214,-0.22018471360206604,-2.0789237022399902
1700070084.3203928,0.009589917957782745,-0.22018228471279144,-2.080740451812744
1700070084.352914,0.00800742395222187,-0.2199530303478241,-2.084914445877075
1700070084.384465,0.007525753229856491,-0.21979179978370667,-2.087401866912842
1700070084.419007,0.006743548437952995,-0.21857763826847076,-2.088067054748535
1700070084.4533699,0.00656316801905632,-0.21865317225456238,-2.088151216506958
1700070084.4874399,0.006302334368228912,-0.2200358808040619,-2.0874593257904053
1700070084.5201502,0.006905883550643921,-0.22168755531311035,-2.086639881134033
1700070084.5524266,0.004938244819641113,-0.2213083952665329,-2.086853265762329
1700070084.58553,0.004226716235280037,-0.21949157118797302,-2.0876553058624268
1700070084.6211479,0.002006644383072853,-0.21713176369667053,-2.0894176959991455
1700070084.6632311,-0.0018086284399032593,-0.21507561206817627,-2.0925748348236084
1700070084.7053049,-0.0025135762989521027,-0.21430030465126038,-2.0925352573394775
1700070084.7464483,-0.0018648598343133926,-0.21452274918556213,-2.092862367630005
1700070084.790188,-0.005925972014665604,-0.21473678946495056,-2.0937306880950928
1700070084.83014,-0.00804557278752327,-0.2151082307100296,-2.0926222801208496
1700070084.8732316,-0.006400147452950478,-0.21699760854244232,-2.0895872116088867
1700070084.9153223,-0.0028725825250148773,-0.21864615380764008,-2.0859670639038086
1700070084.959477,0.0033752378076314926,-0.22310340404510498,-2.0812907218933105
1700070085.0024738,0.005694350227713585,-0.22414082288742065,-2.0821518898010254
1700070085.0424716,0.006866879761219025,-0.22493691742420197,-2.082185983657837
1700070085.0872486,0.006504414603114128,-0.22586117684841156,-2.0830605030059814
1700070085.1280286,0.007526453584432602,-0.2263948917388916,-2.081284523010254
1700070085.1690788,0.007129548117518425,-0.22590084373950958,-2.0787532329559326
1700070088.6774862,-0.017110047861933708,0.09699320048093796,-2.0924410820007324
1700070088.7470453,-0.016389921307563782,0.10156256705522537,-2.0976991653442383
1700070088.8151865,-0.014494407922029495,0.10421602427959442,-2.1030094623565674
1700070088.8813837,-0.015632282942533493,0.10457992553710938,-2.105597734451294
1700070088.9464517,-0.023661190643906593,0.1054195910692215,-2.106461524963379
1700070089.0135174,-0.02204100601375103,0.10351186990737915,-2.101628065109253
1700070089.056284,-0.022839270532131195,0.10313960909843445,-2.0997540950775146
1700070089.0973904,-0.02565455622971058,0.10428749024868011,-2.09848952293396
1700070089.141792,-0.025023849681019783,0.09906379878520966,-2.0997495651245117
1700070089.1839817,-0.025844022631645203,0.1001269742846489,-2.099647045135498
1700070089.2313309,-0.023128394037485123,0.10024614632129669,-2.098020553588867
1700070089.2749486,-0.019574765115976334,0.09869996458292007,-2.094647169113159
1700070089.3190203,-0.017230667173862457,0.09770825505256653,-2.091775417327881
1700070089.3601837,-0.01241442933678627,0.09766465425491333,-2.0908100605010986
1700070089.4033294,-0.011584119871258736,0.09827524423599243,-2.09185791015625
1700070089.444834,-0.005479194223880768,0.09914518147706985,-2.092740297317505
1700070089.48831,-0.004780471324920654,0.0995156466960907,-2.096522569656372
1700070089.5311966,-0.004228448495268822,0.10025376826524734,-2.096968650817871
1700070089.5744486,-0.010624248534440994,0.09952464699745178,-2.1011836528778076
1700070089.6155117,-0.015132207423448563,0.09884564578533173,-2.1049768924713135
1700070089.65908,-0.01972670666873455,0.09931045770645142,-2.1073968410491943
1700070089.701793,-0.02031121775507927,0.09921886026859283,-2.105867862701416
1700070089.7454498,-0.021938351914286613,0.0995788499712944,-2.1029250621795654
1700070089.7889986,-0.018964555114507675,0.10068970918655396,-2.098501205444336
1700070089.8323305,-0.017867743968963623,0.10158148407936096,-2.0974504947662354
1700070089.875168,-0.019647547975182533,0.10234984010457993,-2.098738431930542
1700070089.916321,-0.022386113181710243,0.10308270156383514,-2.102290391921997
1700070089.9583342,-0.02356491982936859,0.10159077495336533,-2.1049280166625977
1700070090.0014637,-0.02427564188838005,0.10157085210084915,-2.1046042442321777
1700070090.0415888,-0.022528070956468582,0.0976729765534401,-2.10615873336792
1700070090.0842135,-0.022459398955106735,0.09449990093708038,-2.110494375228882
1700070090.1251225,-0.02082572877407074,0.09732868522405624,-2.10982084274292
1700070090.167685,-0.01662648469209671,0.09946852922439575,-2.1076765060424805
1700070090.2122583,-0.012177472934126854,0.09817715734243393,-2.1086506843566895
1700070090.255353,-0.010049231350421906,0.09969496726989746,-2.1081604957580566
1700070090.2954412,-0.007325556129217148,0.10077191889286041,-2.105886459350586
1700070090.3392925,-0.004775235429406166,0.10161381959915161,-2.1033425331115723
1700070090.380484,-0.0014727897942066193,0.1039605513215065,-2.0952816009521484
1700070090.4230385,-0.0003611501306295395,0.10572724044322968,-2.0893120765686035
1700070090.4525814,-0.006674114614725113,0.10525451600551605,-2.0921523571014404
1700070090.4826398,-0.010578718036413193,0.10381661355495453,-2.092979907989502
1700070090.5121777,-0.013096826151013374,0.10322266072034836,-2.0928921699523926
1700070090.543221,-0.01227332092821598,0.10280738770961761,-2.0911121368408203
1700070090.5742593,-0.00978901982307434,0.1024734303355217,-2.0893056392669678
1700070090.6078126,-0.007298411801457405,0.1027684286236763,-2.088412046432495
1700070090.6413882,-0.005685392767190933,0.10395197570323944,-2.0861260890960693
1700070090.6724672,-0.0025429800152778625,0.10370183736085892,-2.0858287811279297
1700070090.7068803,-0.0005037039518356323,0.10433413833379745,-2.084435224533081
1700070090.7404537,0.0017482023686170578,0.10500483214855194,-2.082392930984497
1700070090.7723935,0.0020759329199790955,0.10472222417593002,-2.085085391998291
1700070090.8094356,0.0026818718761205673,0.10417485982179642,-2.087953567504883
1700070090.8429782,-0.0010995157063007355,0.10354750603437424,-2.0937583446502686
1700070090.8750265,-0.004153840243816376,0.10308054834604263,-2.097224473953247
1700070090.9075987,-0.006525900214910507,0.10317664593458176,-2.0983595848083496
1700070090.9418359,-0.008490070700645447,0.10362214595079422,-2.0989644527435303
1700070090.9740837,-0.008496886119246483,0.1030409187078476,-2.0986669063568115
1700070091.0092454,-0.008039908483624458,0.10331255197525024,-2.097829580307007
1700070091.042306,-0.0074008069932460785,0.1030440628528595,-2.0973427295684814
1700070091.0749376,-0.01047155074775219,0.10354531556367874,-2.0988681316375732
1700070091.1082034,-0.009204354137182236,0.10309907793998718,-2.0980145931243896
1700070091.1408594,-0.006615087389945984,0.10284843295812607,-2.0971474647521973
1700070091.176336,-0.004803400486707687,0.10281534492969513,-2.096350908279419
1700070091.2078624,-0.0031603164970874786,0.10311233252286911,-2.0957436561584473
1700070091.2424414,-0.003160545602440834,0.10291856527328491,-2.097245454788208
1700070091.275022,-0.006059926003217697,0.10274648666381836,-2.10012149810791
1700070091.3106816,-0.009944310411810875,0.10214053094387054,-2.1031301021575928
1700070091.3432558,-0.010528109967708588,0.10151901841163635,-2.1034657955169678
1700070091.3774095,-0.010370932519435883,0.10134243220090866,-2.102921485900879
1700070091.4104433,-0.010457651689648628,0.10196991264820099,-2.1020455360412598
1700070091.4423969,-0.009334404021501541,0.10223758220672607,-2.1006674766540527
1700070091.4850333,-0.00846613384783268,0.10247588902711868,-2.099369525909424
1700070091.5153284,-0.007875243201851845,0.10262908041477203,-2.098546266555786
1700070091.5465262,-0.00719730369746685,0.10258521139621735,-2.0980730056762695
1700070091.57653,-0.009690774604678154,0.10317171365022659,-2.1004385948181152
1700070091.6097772,-0.009053261950612068,0.10311949998140335,-2.1001689434051514
1700070091.6439078,-0.0070818886160850525,0.1026623323559761,-2.09879732131958
1700070091.677525,-0.006108548492193222,0.10242988169193268,-2.0980563163757324
1700070091.7103956,-0.008206509053707123,0.10259675979614258,-2.099203109741211
1700070091.7424366,-0.012480700388550758,0.10313857346773148,-2.1020872592926025
1700070091.7760386,-0.014246614649891853,0.10343429446220398,-2.102191209793091
1700070091.8120632,-0.014967406168580055,0.10394911468029022,-2.1025192737579346
1700070091.8451447,-0.015789562836289406,0.10351970791816711,-2.102998971939087
1700070091.8781703,-0.013019626960158348,0.1030818521976471,-2.101212978363037
1700070091.9126666,-0.009016461670398712,0.10281901806592941,-2.0994486808776855
1700070091.9463255,-0.006140075623989105,0.10251513123512268,-2.0973968505859375
1700070091.978355,-0.003745146095752716,0.10226969420909882,-2.0949289798736572
1700070092.0104396,-0.0017665233463048935,0.10258005559444427,-2.092613697052002
1700070092.0459607,-0.002581758424639702,0.10241582989692688,-2.0939383506774902
1700070092.0772781,-0.005653060972690582,0.10265586525201797,-2.096338987350464
1700070092.1130579,-0.0073394738137722015,0.10317203402519226,-2.097137212753296
1700070092.1441529,-0.008404262363910675,0.10371372848749161,-2.0969998836517334
1700070092.179403,-0.008830083534121513,0.10422269254922867,-2.096877098083496
1700070092.2129476,-0.008830863982439041,0.10487019270658493,-2.096379518508911
1700070092.2600355,-0.008989294990897179,0.10585767775774002,-2.0961544513702393
1700070092.3024611,-0.005800260230898857,0.1046702042222023,-2.094411611557007
1700070092.3460243,-0.010445121675729752,0.10427738726139069,-2.0989272594451904
1700070092.390301,-0.0147743821144104,0.10335242748260498,-2.1006269454956055
1700070092.4303527,-0.011900853365659714,0.10285571962594986,-2.09725284576416
1700070092.46051,-0.009589636698365211,0.101181760430336,-2.094536066055298
1700070092.4910448,-0.007855894044041634,0.09960054606199265,-2.0934722423553467
1700070092.5221725,-0.006659792736172676,0.09794199466705322,-2.092942953109741
1700070092.5510302,-0.005169214680790901,0.09918088465929031,-2.0930261611938477
1700070092.5822942,-0.0043090637773275375,0.1004837155342102,-2.093977689743042
1700070092.6144001,-0.006144080311059952,0.10164906084537506,-2.096616506576538
1700070092.651031,-0.00727011077105999,0.10204493254423141,-2.0984015464782715
1700070092.6815963,-0.009318284690380096,0.10277922451496124,-2.1005945205688477
1700070092.7160313,-0.009884199127554893,0.10206752270460129,-2.101712465286255
1700070092.7491503,-0.009996747598052025,0.10044097155332565,-2.1029679775238037
1700070092.7812955,-0.010149003937840462,0.09960298240184784,-2.1041340827941895
1700070092.8163996,-0.01023571565747261,0.09859991073608398,-2.105530023574829
1700070092.8500302,-0.010760640725493431,0.09833356738090515,-2.1063451766967773
1700070092.8817828,-0.011172134429216385,0.0982779785990715,-2.107900857925415
1700070092.9154508,-0.010409414768218994,0.09791066497564316,-2.1082682609558105
1700070092.9491448,-0.008972950279712677,0.09769131243228912,-2.107536792755127
1700070092.984174,-0.007927285507321358,0.09776756167411804,-2.1072001457214355
1700070093.0154002,-0.0076687876135110855,0.09783787280321121,-2.107046127319336
1700070093.0491495,-0.00994294136762619,0.09967794269323349,-2.1071105003356934
1700070093.085244,-0.011222649365663528,0.10059242695569992,-2.1074349880218506
1700070093.1165245,-0.012417154386639595,0.10135369747877121,-2.1077587604522705
1700070093.15039,-0.013419205322861671,0.10201495885848999,-2.1081771850585938
1700070093.1820316,-0.013304349035024643,0.10188694298267365,-2.1079721450805664
1700070093.2175546,-0.007875913754105568,0.10231712460517883,-2.1024506092071533
1700070093.250581,-0.002825802192091942,0.10262317955493927,-2.0991034507751465
1700070093.2841494,0.0005061253905296326,0.10280133783817291,-2.095858335494995
1700070093.3182747,0.0035284310579299927,0.1030655950307846,-2.0924630165100098
1700070093.350905,0.0053454432636499405,0.10373921692371368,-2.089881420135498
1700070093.3851578,-2.8813257813453674e-05,0.10435669869184494,-2.093785285949707
1700070093.4165246,0.0013651717454195023,0.10394106060266495,-2.092761278152466
1700070093.4492743,0.00211280956864357,0.10391335189342499,-2.0920588970184326
1700070093.483868,0.0024110134690999985,0.10430692136287689,-2.0923471450805664
1700070093.5175245,-0.0036326758563518524,0.10600968450307846,-2.097839832305908
1700070093.5524504,-0.004395408555865288,0.10629437863826752,-2.0996181964874268
1700070093.585035,-0.003080897033214569,0.10611075162887573,-2.100017786026001
1700070093.6191616,-0.0022153127938508987,0.10550878942012787,-2.099663734436035
1700070093.6514187,-0.00014157220721244812,0.10463201254606247,-2.0995705127716064
1700070093.6834579,0.0015441663563251495,0.10405707359313965,-2.099083423614502
1700070093.7175245,0.0013899095356464386,0.10394342988729477,-2.1008729934692383
1700070093.7505379,-0.001773737370967865,0.10423728823661804,-2.1030049324035645
1700070093.7851498,-0.00374533049762249,0.10507936030626297,-2.103588104248047
1700070093.8207803,-0.008049340918660164,0.1046009361743927,-2.105565309524536
A coordinates: -0.10719937 0.46063042
B coordinates: -0.3189606 0.0364957
Center: -0.009569149 0.10285995
metaphor: pull
guidance_approach: worst_axis
intensity: linear
layout: vertical
Target location: [-0.22284481 -0.1710975 ]
Theta: 126.80753729332118
1700070247.7047534,0.004472775384783745,0.11847323179244995,-2.073701858520508
